0.000000000000000000e+00 3.496955170813528468e+00 4.209338530316550475e+00 3.977515961561962854e+00 9.604400703930991767e+00 2.002233712555808154e+01 2.633502404440258715e+01 2.945059279270364527e+01 4.188908803263028346e+01
4.969999999999999751e+00 3.498150750682370358e+00 3.293256299702179035e+00 4.235666527030339523e+00 1.010769300896544109e+01 2.081294750539878180e+01 2.674165835272428637e+01 3.041548954274462346e+01 4.220969538199064175e+01
9.939999999999999503e+00 3.572764101330655251e+00 2.658351234100123861e+00 4.802137472102451454e+00 1.049177978641172615e+01 2.190060535572207812e+01 2.736617096094116164e+01 3.194379286256976513e+01 4.235877065941542696e+01
1.491000000000000014e+01 3.811391435984504028e+00 3.347996914077960184e+00 4.926630721611914510e+00 1.085389559243787971e+01 2.241487243332372969e+01 2.787093449454820870e+01 3.262773753980150104e+01 4.245835912713945959e+01
1.987999999999999901e+01 4.230917730108089359e+00 3.957442704111286957e+00 4.570259415503400646e+00 1.092352778314068473e+01 2.316572121691769581e+01 2.859434745073549777e+01 3.308568500751570696e+01 4.327745949827887273e+01
2.484999999999999787e+01 4.578346510620605159e+00 4.215195211755251137e+00 4.216736417482316313e+00 1.182903664971578905e+01 2.368608772865323431e+01 2.935841513234227307e+01 3.397833625026636639e+01 4.433738211877007984e+01
2.982000000000000028e+01 4.061933499781943624e+00 3.825683023071228206e+00 4.248008431805303076e+00 1.265571002854056104e+01 2.443648450109775183e+01 3.053403397173633493e+01 3.538387195082998460e+01 4.446925345215061043e+01
3.478999999999999915e+01 3.358110125122884426e+00 4.104270009345945880e+00 4.904919493341388659e+00 1.340240176108603976e+01 2.556585444804656504e+01 3.252077914596431185e+01 3.692112200366639740e+01 4.421790267780038164e+01
3.975999999999999801e+01 3.361274762312213227e+00 3.940624533100965721e+00 5.600738745567269916e+00 1.447192453793039135e+01 2.688657529115320699e+01 3.398923934649265277e+01 3.828306451738605176e+01 4.407508035166830496e+01
4.472999999999999687e+01 3.314342417139165775e+00 3.187739641349253361e+00 6.611121304514348651e+00 1.531778189730692219e+01 2.811604208843219510e+01 3.507972735403744480e+01 3.895233281722128993e+01 4.444920951585361024e+01
4.969999999999999574e+01 3.183370180378581438e+00 2.725175077856142991e+00 7.576762720518047445e+00 1.576411244454744320e+01 2.813945687586591760e+01 3.647251008338793099e+01 3.917861309483826915e+01 4.433604056770444402e+01
5.466999999999999460e+01 2.547258818877388364e+00 3.019612455976030674e+00 8.114361867743170365e+00 1.629258336418511277e+01 2.820129461655135117e+01 3.718984456414847273e+01 3.982242014844869971e+01 4.409528920120237672e+01
5.964000000000000057e+01 2.044584497903002784e+00 3.416697190121631422e+00 7.701032943016208776e+00 1.679036955612723858e+01 2.946754479392139103e+01 3.795065047007156522e+01 4.059541663337174100e+01 4.411896985060930376e+01
6.460999999999999943e+01 2.305321249560165597e+00 3.506459350256434959e+00 6.616337943008765876e+00 1.692162008020390118e+01 3.146106116394874164e+01 3.913529932750023477e+01 4.109070328717164955e+01 4.474974269894406120e+01
6.957999999999999829e+01 2.906063877287856201e+00 3.407802891638688436e+00 5.947686345739725766e+00 1.712449368504083225e+01 3.193008503364860928e+01 4.001256288187769883e+01 4.152902217706274257e+01 4.569042826054938189e+01
7.454999999999999716e+01 3.572583544112468701e+00 3.198436616254156206e+00 5.909378554472517919e+00 1.756254789718347809e+01 3.279211695528378812e+01 4.005566416346469794e+01 4.181651984345012352e+01 4.653268493210961765e+01
7.951999999999999602e+01 3.943322337807664724e+00 3.421658328198134313e+00 6.804988773853018813e+00 1.846018445174855316e+01 3.455170968722570990e+01 4.025604068751023590e+01 4.184636266482229416e+01 4.592284606150548143e+01
8.448999999999999488e+01 3.339713338897574602e+00 3.100213822677694964e+00 7.665825684776720550e+00 2.010392227799540876e+01 3.563170360962678274e+01 4.059985255726616060e+01 4.249895093624721198e+01 4.532217998129947034e+01
8.945999999999999375e+01 2.521956833748163262e+00 2.589624724928945909e+00 7.640761707464847063e+00 2.154542010763256599e+01 3.575907237879967226e+01 4.085673650409837876e+01 4.391045161662084695e+01 4.484242877064539812e+01
9.442999999999999261e+01 2.477386869720007212e+00 2.428565380002275731e+00 7.192535499214500305e+00 2.189003240971571529e+01 3.606351227759211042e+01 4.118956245628911006e+01 4.463704575816953479e+01 4.430217338033034480e+01
9.939999999999999147e+01 2.734270149422080465e+00 2.460661489403697999e+00 7.997352676082051914e+00 2.139822825776550985e+01 3.607094943232107198e+01 4.170525947125344146e+01 4.534798172637357538e+01 4.411400788359391356e+01
1.043699999999999903e+02 3.398211574855743322e+00 2.677543012734126648e+00 8.824363042995109652e+00 2.115474312292111136e+01 3.605445446205879989e+01 4.312198626867038342e+01 4.576189755938112569e+01 4.402370574282052473e+01
1.093399999999999892e+02 3.807048610782395315e+00 2.874462618697037897e+00 8.790057659493406561e+00 2.162913732770036290e+01 3.710176544426704481e+01 4.460789353564788939e+01 4.497621018984349917e+01 4.383982159240444787e+01
1.143099999999999881e+02 3.796936216447981849e+00 2.944318667532201061e+00 8.662949570781684372e+00 2.241408198397878948e+01 3.801065534765652387e+01 4.522201772432615030e+01 4.447197690524237146e+01 4.451970356375491633e+01
1.192800000000000011e+02 3.562175075542597824e+00 2.988842582460293329e+00 8.588362393119979288e+00 2.336921606447213406e+01 3.850699478672346743e+01 4.565632354190530862e+01 4.535634083613275891e+01 4.532187192768877537e+01
1.242500000000000000e+02 3.557823713225019446e+00 3.693075958085465516e+00 9.246292646402672233e+00 2.419615174681220537e+01 3.979722571108628415e+01 4.593851848546414374e+01 4.654390122775211580e+01 4.559708395246505575e+01
1.292199999999999989e+02 3.378797623519623983e+00 4.438451419894576588e+00 1.004729187282402592e+01 2.477202440827475982e+01 4.106460514336421852e+01 4.587135140494939378e+01 4.724731734433970587e+01 4.531037918783252394e+01
1.341899999999999977e+02 3.192849388234918706e+00 4.737006029381504391e+00 1.039755834417216818e+01 2.572810524898689266e+01 4.149312348631433167e+01 4.648612474695606522e+01 4.756107082768650685e+01 4.563163026292569668e+01
1.391599999999999966e+02 3.288137411278263755e+00 4.664756874087998995e+00 1.026155997986051460e+01 2.635198501864367415e+01 4.160513189425807923e+01 4.679251562822534538e+01 4.804822968988892740e+01 4.577450185417261252e+01
1.441299999999999955e+02 4.076271410905071946e+00 3.950152172376554915e+00 1.039544504498356758e+01 2.653899862949783994e+01 4.188624892120948573e+01 4.646778361960161874e+01 4.818723611410045748e+01 4.492665541480400293e+01
1.490999999999999943e+02 4.352714441675239243e+00 3.326551938862230884e+00 1.100026568915183844e+01 2.672566932353001334e+01 4.234877332316827392e+01 4.598804239842355912e+01 4.803313971714314334e+01 4.390298656952994349e+01
1.540699999999999932e+02 3.537931677176132439e+00 3.429308866270055489e+00 1.168582816167914729e+01 2.743918348347155245e+01 4.238404456814662069e+01 4.629274659985063067e+01 4.747972795624613696e+01 4.388257465337719054e+01
1.590399999999999920e+02 2.469581015815833780e+00 3.754869936879565273e+00 1.190688283653202717e+01 2.803719072413471736e+01 4.262914791034158668e+01 4.706308628922212733e+01 4.697080024849174151e+01 4.437910068504572791e+01
1.640099999999999909e+02 2.452251349313968376e+00 3.716451100736534841e+00 1.165141751747430021e+01 2.778879715319993693e+01 4.322368740491813810e+01 4.781062044147112999e+01 4.666376211198935664e+01 4.457013844829930349e+01
1.689799999999999898e+02 2.430785796660998699e+00 3.990347227004413355e+00 1.154382147970995476e+01 2.745429095930001040e+01 4.400548693221601582e+01 4.771137425182841696e+01 4.672097792600408184e+01 4.373631991003273356e+01
1.739499999999999886e+02 1.974242828428970142e+00 4.312912555512887991e+00 1.172593427713794512e+01 2.745306621448666817e+01 4.467789348523020010e+01 4.729095837396796753e+01 4.697064096114914378e+01 4.311188335404722238e+01
1.789199999999999875e+02 1.960892435743325279e+00 5.111022036773583466e+00 1.214372634388457328e+01 2.791297030139814694e+01 4.496320822859613031e+01 4.678845421466375853e+01 4.735628930610452869e+01 4.297636119770048424e+01
1.838899999999999864e+02 2.289508534467444179e+00 5.944620020558055273e+00 1.209847195578959145e+01 2.862223779927221301e+01 4.521320812240372788e+01 4.675786385677534440e+01 4.759442079919284652e+01 4.311737729272084607e+01
1.888599999999999852e+02 2.681447524967943252e+00 5.649068479362874484e+00 1.176509637612305426e+01 2.906789384379058561e+01 4.516707886449968612e+01 4.774868104800667368e+01 4.779274632192741024e+01 4.279009897154193709e+01
1.938299999999999841e+02 3.220403618759149822e+00 4.975798735785772919e+00 1.147392566494740862e+01 2.925836333467988482e+01 4.466352684435672415e+01 4.872094866039267913e+01 4.838741457792404788e+01 4.228507941440619788e+01
1.987999999999999829e+02 3.502134947657033592e+00 5.311994063028471658e+00 1.138118434854943217e+01 2.955898473249662572e+01 4.440270117793106408e+01 4.878806015666447138e+01 4.877956443243496665e+01 4.247381386618866372e+01
2.037699999999999818e+02 3.253211809352855255e+00 5.959477412051320755e+00 1.128462058890894326e+01 2.967213351856128156e+01 4.465845515624529583e+01 4.840162463234807433e+01 4.874891105559235882e+01 4.306817141190721543e+01
2.087399999999999807e+02 3.143111982388312242e+00 5.552030646278709014e+00 1.175744884909650523e+01 2.933382312677255754e+01 4.491310612640540967e+01 4.804395760817655514e+01 4.803122291955385492e+01 4.237493070506764070e+01
2.137099999999999795e+02 3.364224897261330227e+00 4.593936094557214744e+00 1.279659138887829783e+01 2.940339416676401640e+01 4.524073471452076944e+01 4.766696699759890521e+01 4.707604982797009541e+01 4.154244590994875352e+01
2.186799999999999784e+02 3.744424604352332153e+00 4.687204324900321240e+00 1.309293009450176726e+01 2.960745203295788031e+01 4.555123255952422312e+01 4.699269032162146686e+01 4.662082120482018865e+01 4.181158922017350221e+01
2.236499999999999773e+02 4.076290617105136960e+00 5.113594967498620747e+00 1.262349464189635029e+01 2.897714680853447078e+01 4.562836716679295535e+01 4.685487243875495267e+01 4.648465301001145633e+01 4.194792969150390149e+01
2.286199999999999761e+02 3.467870378536744624e+00 4.963953020038161412e+00 1.229709510056352428e+01 2.838361231539644791e+01 4.580308293600224090e+01 4.731033020517259047e+01 4.644215937069088795e+01 4.234578360019334298e+01
2.335899999999999750e+02 2.565163303286077223e+00 4.348709766668214627e+00 1.232745765420710882e+01 2.849076094706657614e+01 4.591124295955251000e+01 4.726527811921195621e+01 4.652291985926598272e+01 4.256892717993225972e+01
2.385600000000000023e+02 2.099685986128896786e+00 4.305043397874214861e+00 1.250494881127559665e+01 2.888411437216669242e+01 4.560698302431535467e+01 4.647668672126665967e+01 4.686473392236618452e+01 4.294520958221589524e+01
2.435300000000000011e+02 2.137752084387606999e+00 4.697876843957878634e+00 1.289425910123472363e+01 2.966061060648958403e+01 4.552073747482057797e+01 4.595685103495429757e+01 4.671251543474727441e+01 4.348717505915196568e+01
2.485000000000000000e+02 2.442064001485562130e+00 5.197333680922866961e+00 1.276915924481453146e+01 2.979865178341916021e+01 4.545915389928921968e+01 4.675257539673802398e+01 4.709094877828012216e+01 4.363328023325205152e+01
2.534699999999999989e+02 2.602492397570870253e+00 5.084206583883812414e+00 1.234924687237140262e+01 2.897901068339797348e+01 4.514031148806894578e+01 4.746299570133967904e+01 4.781069272363913569e+01 4.384622279357236607e+01
2.584399999999999977e+02 3.365898089075550104e+00 4.265063737708430835e+00 1.197158452484667635e+01 2.821615130109334757e+01 4.481835764646278619e+01 4.757874937379553160e+01 4.805546076715623371e+01 4.428739428053384586e+01
2.634099999999999682e+02 4.171997638566594446e+00 3.717760887479137466e+00 1.194267580033516651e+01 2.808817969320809027e+01 4.420096874517341234e+01 4.783747209998790595e+01 4.828829721020466081e+01 4.372287377448186874e+01
2.683799999999999955e+02 4.372230715935842227e+00 3.397113375648956435e+00 1.186338879095348631e+01 2.810418885839871450e+01 4.377162900223405018e+01 4.828407432341093397e+01 4.840568163436982729e+01 4.361499375682321045e+01
2.733499999999999659e+02 4.629791764992901903e+00 2.862490456628528079e+00 1.112203007650227704e+01 2.781459530916099254e+01 4.373598077751708502e+01 4.805823026839934187e+01 4.773606657676018017e+01 4.403763137644446601e+01
2.783199999999999932e+02 4.861072223084512700e+00 2.551230039500168800e+00 1.044417108532184102e+01 2.757331479710492772e+01 4.363809939269317795e+01 4.751042423682457638e+01 4.720916804991624360e+01 4.421691308381211627e+01
2.832899999999999636e+02 3.822935817421772242e+00 2.531183880369624717e+00 1.012921259203179858e+01 2.733882352129640481e+01 4.352859638299177902e+01 4.724081281828399881e+01 4.739211666881209339e+01 4.379560862738684079e+01
2.882599999999999909e+02 2.788160830451474226e+00 2.646683186994408743e+00 1.036249675230470757e+01 2.734733138921998830e+01 4.338446545444367075e+01 4.653351937237974312e+01 4.695668235217915765e+01 4.343903955130696204e+01
2.932299999999999613e+02 2.875141088032314940e+00 3.551984548408604780e+00 1.051022522140820570e+01 2.731300837103809442e+01 4.268826102666575650e+01 4.529892858468501515e+01 4.606128261687645420e+01 4.388915934348875680e+01
2.981999999999999886e+02 2.648962260718569439e+00 3.865471885389474949e+00 1.018359957762593382e+01 2.698445181891362665e+01 4.171636538520415627e+01 4.487235362932162275e+01 4.536750280501310328e+01 4.380931624073021169e+01
3.031699999999999591e+02 2.629056512049494643e+00 4.162038128411033711e+00 9.898762122376439265e+00 2.650077560785619823e+01 4.090037691936076669e+01 4.464759478873463650e+01 4.522389279029964371e+01 4.295124672981195602e+01
3.081399999999999864e+02 2.902820456849831032e+00 4.147114569136839179e+00 9.673869263431441823e+00 2.578363590354453549e+01 4.042201263275119061e+01 4.459342008260298940e+01 4.509484509036984434e+01 4.301918790082910959e+01
3.131099999999999568e+02 3.159507478155582305e+00 3.640957972239483809e+00 9.789453964628620497e+00 2.532754240989017092e+01 4.054050456213380471e+01 4.441984337885861578e+01 4.498368848686963872e+01 4.338364732896697262e+01
3.180799999999999841e+02 3.100406648607432203e+00 3.644774348001895703e+00 9.090740397977100429e+00 2.523725289643357428e+01 4.010242178243788658e+01 4.394864921603665664e+01 4.549468331040785074e+01 4.329407270668312435e+01
3.230500000000000114e+02 3.111333723297597942e+00 3.671720784042882713e+00 8.412298524541888867e+00 2.462291224320625815e+01 3.925944630757952325e+01 4.302353687148473682e+01 4.496276034497564922e+01 4.339120017994885359e+01
3.280199999999999818e+02 3.333440667455811024e+00 3.293797701455424942e+00 8.546108442409249051e+00 2.365850754877970274e+01 3.886186364409820726e+01 4.247614338472664031e+01 4.375777290212080572e+01 4.349681260187367116e+01
3.329900000000000091e+02 3.461357699361236939e+00 3.095506295208608094e+00 8.817161424148189042e+00 2.304911144505949494e+01 3.838419608647008374e+01 4.207303739093967465e+01 4.318600861007391245e+01 4.349166372120808433e+01
3.379599999999999795e+02 3.230577262238995218e+00 3.012492714317062337e+00 8.811055376197138855e+00 2.255869799241445861e+01 3.743385599469439740e+01 4.162466170105574292e+01 4.293110094252388365e+01 4.358265527746688406e+01
3.429300000000000068e+02 2.523265318797371037e+00 2.937676754344401786e+00 8.608386514904019293e+00 2.197966400718878077e+01 3.689434412813287167e+01 4.121644996829839158e+01 4.236258132399633780e+01 4.366621304903843281e+01
3.478999999999999773e+02 2.295092333833366638e+00 2.799709889886550229e+00 8.453069379803118011e+00 2.166834957648823234e+01 3.611740657156410350e+01 4.067288229168343605e+01 4.247480393554786815e+01 4.323381701462356830e+01
3.528700000000000045e+02 2.634848743878798416e+00 2.965853888111084302e+00 8.298456454670990468e+00 2.071017898878885433e+01 3.462511969548864954e+01 3.998932602631134614e+01 4.160627785723805516e+01 4.251635163514956162e+01
3.578399999999999750e+02 2.697883188882293837e+00 4.060177146561052552e+00 7.783154850476357467e+00 1.948424833016314039e+01 3.342512395065391217e+01 3.840917012577591549e+01 4.042626209573779761e+01 4.286671784765329107e+01
3.628100000000000023e+02 2.699412710390063808e+00 4.454616977700268876e+00 6.881381976098843722e+00 1.878268002719926955e+01 3.246340104828671258e+01 3.602370190255108184e+01 3.983063990156144030e+01 4.404706502705403182e+01
3.677799999999999727e+02 2.711085954091807082e+00 4.159411597048531917e+00 6.139506958020163552e+00 1.888156735795313779e+01 3.163681184639582966e+01 3.559267909504588090e+01 3.881799614694125466e+01 4.456739101421071325e+01
3.727500000000000000e+02 2.986879721546010558e+00 3.780750652786032617e+00 6.203336995542017007e+00 1.867726501803834083e+01 2.987720875484558292e+01 3.572383939124856056e+01 3.789043905045240024e+01 4.403791169088266599e+01
3.777199999999999704e+02 3.485067607200917905e+00 3.106790937045303735e+00 6.228810199160669470e+00 1.796659433043593879e+01 2.827565227695326655e+01 3.498726714946818106e+01 3.689297985771550259e+01 4.352475998545477864e+01
3.826899999999999977e+02 3.640792252677307772e+00 3.070030245086947218e+00 5.970279791478404263e+00 1.704706146717035864e+01 2.751204722492946075e+01 3.354976657549671870e+01 3.528361006226926122e+01 4.339515979663894996e+01
3.876599999999999682e+02 3.146065852012590369e+00 3.439630884218288998e+00 5.160956920085162380e+00 1.593853696280464760e+01 2.655262242620212021e+01 3.211552506419023700e+01 3.482219463271259485e+01 4.335867089376132810e+01
3.926299999999999955e+02 2.739641530178111850e+00 3.156860412698890173e+00 4.763411014988740533e+00 1.445195517530593321e+01 2.582917570359531112e+01 3.100924040007933513e+01 3.412217256740213145e+01 4.308931703872750063e+01
3.975999999999999659e+02 2.589702120818181186e+00 2.744917026498072232e+00 5.095208901809705537e+00 1.327826471129633745e+01 2.545425312096345749e+01 3.019626812430507812e+01 3.269894507598574762e+01 4.193077315918709758e+01
4.025699999999999932e+02 2.457183442613015245e+00 2.893190485591382810e+00 5.457404399392018490e+00 1.296321598612276915e+01 2.475406957073455771e+01 2.965647410218691959e+01 3.170885299548007197e+01 4.059727412947627556e+01
4.075399999999999636e+02 2.478739708306513023e+00 3.294126421824707052e+00 4.756094753289396238e+00 1.271985759517860259e+01 2.372841195720540952e+01 2.928742805504062119e+01 3.109717147580541052e+01 3.976334998724028935e+01
4.125099999999999909e+02 2.579449991404949571e+00 3.302839693724799019e+00 4.852008971728132281e+00 1.217906407737499563e+01 2.288985654851686746e+01 2.828837776091529577e+01 3.029095097001095382e+01 3.942900349546455629e+01
4.174799999999999613e+02 2.545893303159694199e+00 2.221717440332689364e+00 5.243028072646467308e+00 1.166302197113558492e+01 2.235268894843091658e+01 2.697938135933542014e+01 2.895608929484215821e+01 3.925048362777434363e+01
4.224499999999999886e+02 2.339312435161403414e+00 1.081418093764852983e+00 5.061116475762389655e+00 1.143497505427317407e+01 2.213894191348342133e+01 2.637023618973506700e+01 2.759215476063850758e+01 3.857321562782163937e+01
4.274199999999999591e+02 1.996109832138017737e+00 8.877172770095071996e-01 4.529037918616808156e+00 1.148963243307372295e+01 2.171545108817005598e+01 2.574399501799902623e+01 2.633502163657790618e+01 3.729348156106323131e+01
4.323899999999999864e+02 1.649351980079359237e+00 8.433254249339015018e-01 3.857620164273910746e+00 1.141428268706241056e+01 2.044543976953015374e+01 2.348192378473493136e+01 2.549824413508925147e+01 3.527968738442470453e+01
4.373599999999999568e+02 1.638287982737480775e+00 4.071021069180815743e-01 3.212981900949351655e+00 1.089838541392190052e+01 1.898736124558081428e+01 2.134753571482904988e+01 2.490205723999048359e+01 3.429405216669242407e+01
4.423299999999999841e+02 2.221144364808573357e+00 8.019276831771620095e-01 3.060135868358301536e+00 9.616198807127901205e+00 1.756768299206393635e+01 2.046198891471438230e+01 2.402353029176640575e+01 3.372158492095461213e+01
4.472999999999999545e+02 3.212962396095633721e+00 1.617146812433162495e+00 2.930047700310332459e+00 8.516687860408410415e+00 1.643363395065774313e+01 1.990952333769648419e+01 2.302821820661070262e+01 3.300671362091200933e+01
4.522699999999999818e+02 3.703040008049740095e+00 1.898058359606437762e+00 2.908424966280513502e+00 8.149688158522060633e+00 1.551356354154443551e+01 1.915323650882851325e+01 2.202355576819816463e+01 3.156785223759162307e+01
4.572399999999999523e+02 3.215369217261972778e+00 2.261107929246307435e+00 2.319948624980561647e+00 8.157834764530178973e+00 1.479227097788868406e+01 1.820564978651038501e+01 2.105345702882485881e+01 2.981838921344305504e+01
4.622099999999999795e+02 3.019319884434786161e+00 3.048082674210100151e+00 1.976040202532018952e+00 7.983516218590793301e+00 1.402984770782727253e+01 1.687702124746878951e+01 2.002564380212000827e+01 2.811214344235530405e+01
4.671799999999999500e+02 3.067712866197908284e+00 3.346044419851672558e+00 2.061185095503709874e+00 7.792715732076196389e+00 1.346403036007401255e+01 1.636478210999001703e+01 1.809832072468377362e+01 2.633519672763912922e+01
4.721499999999999773e+02 3.114193945670457708e+00 3.409667293012311973e+00 2.256451486323683753e+00 7.483451841380670544e+00 1.306021319250552892e+01 1.585437701451733261e+01 1.696086497337962129e+01 2.521737133282590548e+01
4.771200000000000045e+02 2.949335851822759480e+00 3.596847814073782956e+00 2.754142652536373248e+00 6.860667497597077613e+00 1.273352431806020491e+01 1.462732662068159328e+01 1.603064656775371333e+01 2.362064529866837148e+01
4.820899999999999750e+02 3.142137346442652301e+00 3.162100475784697551e+00 3.524657480963576006e+00 6.203561291666460420e+00 1.183087496973296027e+01 1.355894388877803891e+01 1.534546447030879079e+01 2.133671083851164241e+01
4.870600000000000023e+02 3.314159300914241157e+00 2.651496634388010420e+00 3.839489948448928658e+00 5.855590303745906056e+00 1.097476814919782129e+01 1.283598149236346586e+01 1.457199557203582430e+01 1.957731791798666166e+01
4.920299999999999727e+02 2.490974674398707123e+00 2.378231280113688229e+00 3.894280517894188165e+00 5.562407857392017263e+00 1.032808900463376034e+01 1.164514434607728788e+01 1.345193763312934720e+01 1.798742371898752879e+01
4.970000000000000000e+02 1.871077040565268135e+00 2.898247786663766590e+00 3.549889498203178562e+00 4.895532650604685898e+00 9.455876649754110019e+00 1.009336691383467866e+01 1.265438575499477025e+01 1.659976333603408705e+01
5.019699999999999704e+02 2.223969529765120967e+00 4.135366769392767594e+00 3.214161567405135145e+00 4.044439660678911252e+00 8.501088177478081320e+00 9.435962641123303740e+00 1.234849316931028085e+01 1.590296022702099776e+01
5.069399999999999977e+02 2.937384493066119262e+00 4.295637093345867186e+00 3.457313384575265047e+00 4.220490117548720832e+00 8.039838923983666064e+00 9.321523824720813423e+00 1.159723576856605121e+01 1.483194724950755727e+01
5.119099999999999682e+02 2.611962536875111596e+00 3.162849665581951797e+00 3.076816006963085215e+00 4.174127678823374765e+00 7.526546279596104227e+00 9.184674340127791936e+00 1.076520499001740205e+01 1.300052702765428592e+01
5.168799999999999955e+02 2.593222842203118716e+00 2.317061293836879088e+00 2.073588320956027076e+00 3.817552640150815080e+00 7.266951404339110354e+00 8.732128336199941998e+00 9.801048645408222626e+00 1.140443767503733596e+01
5.218500000000000227e+02 2.911922028976100307e+00 2.312841495841205131e+00 1.470246890383357652e+00 3.621820946579092038e+00 6.943293314913759673e+00 8.196804370827130981e+00 8.921158829596038231e+00 1.037988713393493612e+01
5.268199999999999363e+02 3.083438599243329747e+00 2.511692327968354732e+00 1.579624280012893678e+00 3.531121838350166797e+00 6.767803688943942575e+00 7.817688164780776106e+00 8.348798779419915661e+00 8.721063451332234706e+00
5.317899999999999636e+02 3.152543300091139145e+00 2.696945027253384808e+00 2.243286624055834011e+00 3.522806227744105456e+00 6.317937300913001764e+00 7.595486998228416553e+00 7.492241503971676764e+00 7.184641770239920788e+00
5.367599999999999909e+02 3.322842016275046717e+00 2.704873261712926080e+00 2.719343438335990015e+00 3.680452669961312040e+00 6.007074944324422461e+00 7.060696575609334502e+00 6.952765009998785217e+00 6.482086865635587003e+00
5.417300000000000182e+02 3.322659352613584360e+00 3.020489706549376763e+00 2.958680100756552633e+00 3.476009096389958586e+00 5.846443880594478060e+00 6.316274065832132578e+00 6.693495430118076683e+00 5.956727272784739569e+00
5.466999999999999318e+02 3.187544716201159645e+00 3.368567489551644201e+00 2.791884188452584681e+00 3.020550946592308605e+00 5.519848176854303290e+00 6.132112015710887931e+00 6.283810838336535198e+00 4.444951624167465809e+00
5.516699999999999591e+02 2.786687709528237633e+00 3.307522606461837711e+00 2.834566328960242743e+00 2.534342928020691943e+00 4.864642237051640450e+00 6.449511151034926115e+00 6.138134092020884225e+00 3.673955248058334178e+00
5.566399999999999864e+02 2.238165473753724655e+00 3.648349755918751214e+00 2.855521852972508157e+00 2.659131112091301929e+00 4.573177388144650024e+00 5.825629633797248630e+00 6.219254363733412561e+00 3.355494830440335363e+00
5.616100000000000136e+02 2.167365460715274139e+00 3.664639214603120365e+00 2.209837405056340742e+00 2.964539049759750355e+00 4.234609539634952569e+00 4.479719906602170454e+00 5.789398690396033942e+00 2.567476010009904996e+00
5.665799999999999272e+02 2.669482770116623271e+00 3.060007658514436457e+00 1.714389545955377514e+00 3.150573887209496604e+00 3.880755432579633180e+00 3.836682605647418143e+00 5.198248741440863796e+00 1.767198580021286602e+00
5.715499999999999545e+02 3.182145246938972605e+00 3.475312517620501751e+00 1.907287738072042771e+00 3.539059621636532427e+00 4.001640166310501456e+00 3.454270039701050621e+00 4.819064662892309059e+00 1.271174350940142972e+00
5.765199999999999818e+02 3.656141844338293367e+00 4.072204646163093855e+00 2.799257712351831628e+00 3.817704629888226009e+00 4.847186632765158265e+00 3.266342313723896496e+00 4.305692325684958632e+00 8.046229151371093735e-01
5.814900000000000091e+02 3.517549347962891204e+00 3.796712903482429624e+00 3.855159677331464252e+00 3.592946798852572954e+00 5.206514166037898406e+00 3.412617951178795295e+00 3.498646496604685296e+00 1.280148831264313003e+00
5.864599999999999227e+02 3.189783190979696315e+00 3.076811575477556460e+00 4.572684013128188951e+00 3.174876699244585154e+00 4.320934334176847358e+00 3.734984890731929852e+00 3.302290026405067636e+00 1.189229811900681000e+00
5.914299999999999500e+02 3.277133969250556333e+00 2.532635916735323178e+00 4.268766023525401465e+00 3.242141419485434994e+00 2.933252686270961362e+00 3.917179515046917970e+00 3.545872810828988975e+00 9.867712473651408800e-01
5.963999999999999773e+02 2.760512995744726084e+00 2.142348790933823466e+00 3.477472992303368926e+00 2.761809538158949806e+00 2.104278658910502031e+00 3.179059708561240427e+00 3.666161349801242864e+00 1.162125955281915424e+00
6.013700000000000045e+02 1.994417974281560646e+00 2.576387224022390399e+00 2.625331121631354847e+00 2.195581529066373605e+00 2.412898062235505847e+00 1.937946816368125269e+00 3.270205266429670132e+00 1.089554484955407077e+00
6.063399999999999181e+02 2.524438412049171632e+00 3.606742914467361061e+00 2.617023709296432799e+00 2.361257993969353208e+00 2.632355582399490856e+00 1.403450208538252753e+00 2.469363324903781631e+00 1.081225787668138594e+00
6.113099999999999454e+02 3.327005135813600134e+00 3.786929326797022100e+00 3.136577444891074151e+00 2.910788118850220485e+00 2.832394778608041008e+00 1.414159578269853057e+00 2.096480588860615057e+00 1.469180721088143571e+00
6.162799999999999727e+02 3.520373497243021177e+00 3.355601996657831876e+00 3.211120111666545540e+00 3.379327158347280147e+00 2.567183611486818506e+00 1.569931515313001569e+00 2.613649801714309717e+00 1.768813549150266340e+00
6.212500000000000000e+02 3.775937155492151476e+00 3.277795801595146941e+00 3.392322962967746491e+00 3.093927582408824151e+00 2.536446239646991785e+00 1.707092174286160002e+00 3.157777220271682950e+00 1.587873337792991890e+00
6.262199999999999136e+02 3.914225296289203015e+00 3.119484323822291572e+00 3.185373701231632992e+00 1.922871595505363018e+00 2.718335274391534995e+00 1.710101937516505188e+00 2.812205732973644956e+00 1.189822970601987606e+00
6.311899999999999409e+02 3.521912978879676359e+00 2.522983383448021755e+00 2.665143692979050627e+00 1.242322965277651292e+00 3.150229385400457716e+00 2.068152018769424672e+00 2.598791554677525539e+00 8.684600829427537860e-01
6.361599999999999682e+02 3.465502367648817028e+00 2.205402310162440926e+00 2.380430412501915782e+00 1.393089226533348324e+00 3.358860272200026031e+00 2.254798707158172988e+00 2.617254541630003928e+00 1.076269055863733115e+00
6.411299999999999955e+02 3.440482249597430098e+00 2.396633064615009800e+00 2.459027599690557508e+00 1.633071426475602550e+00 2.983021369327893524e+00 2.231645174949790089e+00 2.401147557125881349e+00 8.175683173944960913e-01
6.461000000000000227e+02 2.822843132567797397e+00 2.490984241615294081e+00 2.117683314522935234e+00 2.150955950495166746e+00 2.860592095742219954e+00 2.567204102082726536e+00 1.889326474304112935e+00 4.311678136470007416e-01
6.510699999999999363e+02 2.228408860062359054e+00 2.359277486196475593e+00 1.877836642909670672e+00 2.431043342119949102e+00 2.823361211018962535e+00 2.997740829654667039e+00 1.676940152594063704e+00 4.430311914408022744e-01
6.560399999999999636e+02 2.079420005961750917e+00 1.958569771692587835e+00 2.163785731938382639e+00 2.146113928813790039e+00 2.680740712518414171e+00 3.462278705912588350e+00 1.979762698367558471e+00 1.187935645788193995e+00
6.610099999999999909e+02 2.149740352873493521e+00 2.155997662673087234e+00 2.462680414939732998e+00 1.831915257556040899e+00 2.908890333921995364e+00 3.841313575403859204e+00 2.969637085892507855e+00 2.406009946595204951e+00
6.659800000000000182e+02 2.598357618854073792e+00 3.126529996511578702e+00 2.743106727005866219e+00 2.845856335420123173e+00 3.649707041482500358e+00 3.993745683873157759e+00 3.881131413919710837e+00 3.231109276277983611e+00
6.709499999999999318e+02 3.072312102217281904e+00 3.600721088578573870e+00 2.941669356238982402e+00 3.538652482911423647e+00 4.374442813660579077e+00 4.288072283647473171e+00 3.921765664399082141e+00 3.218642844750036147e+00
6.759199999999999591e+02 2.838530074920313950e+00 3.132783008943370362e+00 2.656645730186824039e+00 3.492427509249537820e+00 4.089657242011760729e+00 3.668111227890108239e+00 3.434879901496252330e+00 2.581892271556753826e+00
6.808899999999999864e+02 2.676450332248784036e+00 2.606358585908623127e+00 2.200004231444793845e+00 3.414107210462923092e+00 3.543818913481437960e+00 2.912325645940370578e+00 3.005601875705906423e+00 2.564830344964668996e+00
6.858600000000000136e+02 2.867677800875028993e+00 2.827469415462459779e+00 2.492786273821920418e+00 3.523431753956899115e+00 3.294929044483048131e+00 2.585755789250853809e+00 2.852922039294497836e+00 2.593231711907044712e+00
6.908299999999999272e+02 2.923973169124707283e+00 2.732060736631432007e+00 2.904322355421797397e+00 3.191421038682193512e+00 2.698142659428434342e+00 2.356293698105837109e+00 2.511618328843212566e+00 2.533596916654005327e+00
6.957999999999999545e+02 2.709423373184534967e+00 2.155328488477373128e+00 3.114880039057716488e+00 2.340543516313204009e+00 1.801446435628065501e+00 2.203483711791697885e+00 1.940618240377105508e+00 2.412890732796938664e+00
7.007699999999999818e+02 2.854971684620473127e+00 2.261457525334478191e+00 3.345109482281046098e+00 2.641297444959953111e+00 1.597756654522804354e+00 2.203604007210714144e+00 1.602418244515043000e+00 2.324169099954858098e+00
7.057400000000000091e+02 2.735527542250039801e+00 2.762558576979159852e+00 3.714642328740758614e+00 3.724508476645759458e+00 2.286571926359762585e+00 2.904643173591942684e+00 2.488475229613612782e+00 2.394885832679605642e+00
7.107099999999999227e+02 2.086263128777389397e+00 2.756925503368627517e+00 3.748136913542616355e+00 4.171099269058331060e+00 2.744232536578984138e+00 3.419814102664410882e+00 2.746559754324131575e+00 2.566621945501836421e+00
7.156799999999999500e+02 1.974608678372497650e+00 2.474571812081912014e+00 3.449895400120134070e+00 3.502047978114816829e+00 2.705147972704395443e+00 3.122050764928317790e+00 2.434710436550084012e+00 2.540420302743811476e+00
7.206499999999999773e+02 2.244647874414681610e+00 2.020067403061773348e+00 3.490865676113195093e+00 2.733641468419534704e+00 2.364265855113551140e+00 2.971422409246201823e+00 2.616179881815000385e+00 1.839836348458561588e+00
7.256200000000000045e+02 2.173107768293533582e+00 1.796648045887813794e+00 3.260051317020803197e+00 2.600350256657968373e+00 2.343450033109043318e+00 2.756856494242562405e+00 2.555855502040898841e+00 1.728916807700514369e+00
7.305899999999999181e+02 2.067633002485152360e+00 2.175062122135308584e+00 2.939488136562680154e+00 2.961123692693796272e+00 2.607928833351913056e+00 2.579365563164657260e+00 2.295391875705718121e+00 2.139150187498948696e+00
7.355599999999999454e+02 2.366736669341833021e+00 2.502833777355299105e+00 2.938887999861663047e+00 3.063227649874228575e+00 2.217807649387339097e+00 3.006098659184814892e+00 2.538941412862030234e+00 2.315621178856630991e+00
7.405299999999999727e+02 2.893121109667390556e+00 2.007274857912371147e+00 2.641092625715764086e+00 2.354121628041625058e+00 1.686297896594211920e+00 3.038287660953628233e+00 3.051974984122381329e+00 1.924270633306363720e+00
7.455000000000000000e+02 3.156561681724959101e+00 1.653139080745880563e+00 2.147867243488533973e+00 1.755761605993285457e+00 1.766874722144656573e+00 2.477915088860434878e+00 3.279390852907624776e+00 1.242611802706548474e+00
7.504699999999999136e+02 3.004454475901596311e+00 2.280889719126726334e+00 1.992542089486398993e+00 1.610202238646095907e+00 2.299878039195128565e+00 2.552565127366158038e+00 2.847695004831820142e+00 9.728553818601994863e-01
7.554399999999999409e+02 2.497223277578612510e+00 2.855744845194820414e+00 2.401703451624022989e+00 1.644659119554887639e+00 2.338148368799707555e+00 3.230108903230494377e+00 2.558973642226995082e+00 1.825934925506011552e+00
7.604099999999999682e+02 2.560160561008459013e+00 2.550000941825942391e+00 2.746267496097154037e+00 1.684143443240344595e+00 2.224692722255916522e+00 3.609098139196525779e+00 2.768203135648128921e+00 2.363384998423676109e+00
7.653799999999999955e+02 3.084569269952780246e+00 2.033567084995048901e+00 2.292412298412941141e+00 2.242558419377793655e+00 2.573746003902670054e+00 3.260596519325368092e+00 2.635678455009177412e+00 2.716327503731761794e+00
7.703499999999999091e+02 2.722733688295264187e+00 1.713187952331608699e+00 1.614789744187817178e+00 2.373710047498683195e+00 2.599675109184815369e+00 2.159449464265797758e+00 2.028336544181001955e+00 2.609000912113145887e+00
7.753199999999999363e+02 1.886793462056644444e+00 1.585173897986756231e+00 2.130941192029901288e+00 2.047464727494165970e+00 2.205185528088506430e+00 2.028022147321323132e+00 1.658137215710929979e+00 2.360844972789593044e+00
7.802899999999999636e+02 1.926452683157144463e+00 2.029666034412400677e+00 2.707053835814917875e+00 1.960850892046472893e+00 2.196202848313205891e+00 2.803833867700440408e+00 1.478628481426760288e+00 2.146241906684437595e+00
7.852599999999999909e+02 2.268870871277826495e+00 2.599809334487737544e+00 2.861310602039445428e+00 2.393253020845627077e+00 2.609870171845329878e+00 3.163792266490688121e+00 1.918432615112820372e+00 1.751370971855095604e+00
7.902299999999999045e+02 2.791929653055305494e+00 3.033165464745451345e+00 3.018072321734642571e+00 2.930384203271209742e+00 3.039268494555365407e+00 3.330448086351665893e+00 3.106492875905949802e+00 1.554388090785437271e+00
7.951999999999999318e+02 3.320810614165772279e+00 3.061110159432139710e+00 2.569891729672960423e+00 3.195118899266432777e+00 2.948042990384998063e+00 3.564230121996878609e+00 2.967918550491184249e+00 1.757548368731001176e+00
8.001699999999999591e+02 3.484263898887981270e+00 2.773513092972379468e+00 1.978693784653074772e+00 3.045128530198908834e+00 2.671728156962416278e+00 3.372163944872305308e+00 2.173922352834900096e+00 2.069180763637540110e+00
8.051399999999999864e+02 3.574611541865749587e+00 3.012508785964094216e+00 2.148805932781684191e+00 2.758958822177504544e+00 2.777266285367950616e+00 3.001270457809930292e+00 2.323225092730893948e+00 2.351628083513141121e+00
8.101100000000000136e+02 3.779040499029193256e+00 4.017137008751987537e+00 2.718079603534135913e+00 2.493075848132825456e+00 2.921776392006947276e+00 3.150060929496746098e+00 2.609878299028899562e+00 3.027252298425551658e+00
8.150799999999999272e+02 4.051302551521018813e+00 4.599070085178198042e+00 3.384786514217800857e+00 2.532687672135899959e+00 2.931013411272182623e+00 3.670094372048225750e+00 2.807112209854267348e+00 3.867466958364438767e+00
8.200499999999999545e+02 3.903829898556637090e+00 4.238472097296117624e+00 3.770741433810115950e+00 3.336425548612332648e+00 3.514505417945393617e+00 3.758895012325915275e+00 2.830838115847711833e+00 4.148158927234426585e+00
8.250199999999999818e+02 3.507863349906955364e+00 3.368630571153197195e+00 4.123890101837069722e+00 4.234885944024689763e+00 4.376820606051779805e+00 3.208615460146312159e+00 2.632230250830410512e+00 3.361703723234619190e+00
8.299900000000000091e+02 3.167571324237066221e+00 2.929074664976702991e+00 4.192384276337875804e+00 3.682005730577891711e+00 3.989782683458592771e+00 3.010347737442224059e+00 2.359748204660434112e+00 2.290296061711629250e+00
8.349599999999999227e+02 3.187290993906252368e+00 2.746333094940517583e+00 3.740040434365667465e+00 2.986310930680041054e+00 2.849441352388076609e+00 3.110684765076442204e+00 2.077821761533556355e+00 1.390142288415525229e+00
8.399299999999999500e+02 3.134908487628692342e+00 2.394313085887439740e+00 2.959378586841999947e+00 2.840204412721909932e+00 1.598625594360882474e+00 2.503711683031312418e+00 2.061614335914775609e+00 1.414851129712374700e+00
8.448999999999999773e+02 3.244754983491574762e+00 2.616564162334064747e+00 2.201525155923135912e+00 2.861005949931012537e+00 1.777044712407480631e+00 2.265226449857600244e+00 2.343508908119282808e+00 1.728016744302649954e+00
8.498700000000000045e+02 3.095290445502712373e+00 3.031781429840272324e+00 2.069783609311905082e+00 2.780787663820696309e+00 2.624232385227493580e+00 2.614754004983424807e+00 2.683778438828696267e+00 1.475299655385860831e+00
8.548399999999999181e+02 3.058680182423842098e+00 3.150126098790551055e+00 2.527625723379706812e+00 2.583886084628638002e+00 3.064442760869674487e+00 3.327902508093139033e+00 3.022610550598514578e+00 1.796957546159063668e+00
8.598099999999999454e+02 3.007286015454717187e+00 2.983769270156500397e+00 3.146671311126475246e+00 2.550515776239045351e+00 3.218002141206127931e+00 3.624557919236764292e+00 2.887797088768451204e+00 2.152734280905391984e+00
8.647799999999999727e+02 3.451208519651864037e+00 2.595020114460304228e+00 3.728435820029332604e+00 2.790751374467866697e+00 3.656071924207857649e+00 2.947988584971319881e+00 2.441186995900210377e+00 2.469680177568172041e+00
8.697500000000000000e+02 3.851869643495675177e+00 2.685321047922670346e+00 4.269860843453486154e+00 3.096579625856655582e+00 3.959858390942159190e+00 2.593077591288931671e+00 2.642002716171475640e+00 2.747554088567177644e+00
8.747199999999999136e+02 3.527875446022811445e+00 2.576370930226985934e+00 3.619835062995619523e+00 3.389634802836305028e+00 3.469003706374834906e+00 2.534115004626499967e+00 2.965150725498446604e+00 2.105693100071377444e+00
8.796899999999999409e+02 3.476271033056384852e+00 2.638656338428006620e+00 2.176936269531879020e+00 3.209511534093088869e+00 3.029099049606493566e+00 2.829258175493279737e+00 2.779967708756352351e+00 1.472399023463822232e+00
8.846599999999999682e+02 3.881263470043663233e+00 2.734239940199778118e+00 2.403740327432494439e+00 2.844122717260852085e+00 3.192993015667887846e+00 3.223672477305186135e+00 2.739948067504251128e+00 1.750090209197480817e+00
8.896299999999999955e+02 4.260328819660522015e+00 2.785294160010096221e+00 3.704842473144893233e+00 3.110149291048116993e+00 3.385543213095978388e+00 3.427117117667087598e+00 2.948579535535067464e+00 1.989071555059759078e+00
8.945999999999999091e+02 4.583702672542415257e+00 3.084700256744021374e+00 4.593542847016756525e+00 4.675977429694512466e+00 3.684560018566649831e+00 3.688703882693495473e+00 3.165098082850974492e+00 2.084504642582182043e+00
8.995699999999999363e+02 5.056340759445184574e+00 3.584263626228299415e+00 4.728055857988721300e+00 5.737440216177738250e+00 3.752028005853546233e+00 4.084778467441232408e+00 3.296092235027323625e+00 2.021743020257630974e+00
9.045399999999999636e+02 4.853420061430952615e+00 3.972947639108006967e+00 4.325528627430600181e+00 5.488740717014010784e+00 3.182458022341194237e+00 4.419998222138012522e+00 3.597082853027828264e+00 1.588764194992130285e+00
9.095099999999999909e+02 4.178632760368479637e+00 3.603153360427420182e+00 3.809104091911770240e+00 4.603368741429541444e+00 2.708730611440508085e+00 4.457462492225062078e+00 3.823397813657592792e+00 1.835918482731045742e+00
9.144799999999999045e+02 3.715098905529437445e+00 3.112872472975119820e+00 3.226913556066683952e+00 3.853993807641863611e+00 2.448078104454388892e+00 3.830725019370106565e+00 3.369114989167229623e+00 2.789703952262797770e+00
9.194499999999999318e+02 3.034403586580481260e+00 3.025123515365123694e+00 3.362562618481668153e+00 3.405976165559629010e+00 2.705118652312101801e+00 3.275366847410801086e+00 3.093557904862521468e+00 3.258330627401491597e+00
9.244199999999999591e+02 2.615992652471788915e+00 3.271423981030473271e+00 4.201259631139123485e+00 3.562762828651464986e+00 3.056276865759500083e+00 3.781727099940383141e+00 3.520929353514546278e+00 3.404764845774181481e+00
9.293899999999999864e+02 3.022415387406745424e+00 3.766630033666480415e+00 4.427223220212560761e+00 4.380117384973203798e+00 3.477739272562430983e+00 4.781803768797175280e+00 4.549579962833028901e+00 3.030733040287223901e+00
9.343599999999999000e+02 3.774593003924529455e+00 4.509621226598881094e+00 3.819503476535125230e+00 5.355502873923434493e+00 4.003233913625152240e+00 5.370349547534523538e+00 4.594586739490928551e+00 2.804218265828843926e+00
9.393299999999999272e+02 4.182061023955213841e+00 4.435969246382001074e+00 3.409175672533876877e+00 5.157351255700724835e+00 3.859473565402133488e+00 5.013117688968804941e+00 3.982129359147428715e+00 2.276923080380782949e+00
9.442999999999999545e+02 3.874241920948328755e+00 3.887625181230056626e+00 3.314620013715043001e+00 4.567547684474000391e+00 3.065995065198649172e+00 4.459694966068077804e+00 3.392547306394405382e+00 1.542215406067519723e+00
9.492699999999999818e+02 3.199313735636813760e+00 3.577719114421718416e+00 3.839637386421244969e+00 4.420613231986706637e+00 2.644438147110463433e+00 4.645165282348237668e+00 3.298500064749802618e+00 1.898237785018572765e+00
9.542400000000000091e+02 2.747232519788809668e+00 3.727614950667486937e+00 4.387736287279288661e+00 4.387732007988624616e+00 2.760384412882785909e+00 4.954601823841457531e+00 3.252851576441685211e+00 2.445064483991409077e+00
9.592099999999999227e+02 3.074769476804021906e+00 3.847212536499604596e+00 4.497407931583573770e+00 4.237386441675930371e+00 3.163805613478544387e+00 4.778858960664088329e+00 3.100126776043268251e+00 2.081925251238502028e+00
9.641799999999999500e+02 4.028168473180478770e+00 3.723251312739982666e+00 4.576493833221853436e+00 4.157328786703075707e+00 3.971258635647004098e+00 4.583477274479953678e+00 3.556491515301232198e+00 1.679886174401872267e+00
9.691499999999999773e+02 4.599698332407029966e+00 4.369187104471762950e+00 4.783395350674993551e+00 4.262375962097770810e+00 4.181428826629719708e+00 4.095578404514043314e+00 4.182720015935096569e+00 1.942104172716874189e+00
9.741200000000000045e+02 4.319135020080210552e+00 5.137612013850755943e+00 4.632276349739981924e+00 3.669492700227237947e+00 3.776908062699483537e+00 3.657870647268140374e+00 4.378936254050479704e+00 2.727416968428627797e+00
9.790899999999999181e+02 3.900493836047964180e+00 4.795936465846224905e+00 4.347130615710462109e+00 3.022508277175688818e+00 3.187153326351420901e+00 3.327111709996898981e+00 3.902703873178161587e+00 3.551016203391512249e+00
9.840599999999999454e+02 3.771052433991947339e+00 4.221092742986499502e+00 3.328660700663526484e+00 3.598681078764229824e+00 3.082208136391379583e+00 3.176684673146581872e+00 3.184929885620633172e+00 4.336002761091108937e+00
9.890299999999999727e+02 3.943463222851036676e+00 4.367676613883865855e+00 2.663701016442985292e+00 4.666468851937381146e+00 3.252489223196803891e+00 3.663696828926696014e+00 3.419612889337543038e+00 4.928412850388703248e+00
9.940000000000000000e+02 4.103356239804028860e+00 4.831109958558464257e+00 3.273919633769473592e+00 5.182506215916241388e+00 3.592764163066746619e+00 3.925194524121600637e+00 4.290658917063950639e+00 4.904240222422750151e+00
