0.000000000000000000e+00 1.283795128399133212e+01 1.121326350655057654e+07 1.583678287121627504e+00
3.146569999999999823e+01 2.442941474427508552e+01 2.204489284301233292e+07 1.445728662187249380e+00
6.293139999999999645e+01 1.958257630629584156e+01 2.742717404546009749e+07 1.641138081027962103e+00
9.439709999999999468e+01 2.893786717551275345e+01 3.107117426005345955e+07 1.515390129140219422e+00
1.258627999999999929e+02 2.738523575572054014e+01 3.446981560212574154e+07 1.557156429075509330e+00
1.573284999999999911e+02 2.922958257836733864e+01 4.711502454706126451e+07 1.607975753814784303e+00
1.887941999999999894e+02 1.834438307505843113e+01 4.118087598227733374e+07 1.703410572438905923e+00
2.202598999999999876e+02 8.182477024777428554e+00 2.700812905285158753e+07 2.003272709568167720e+00
2.517255999999999858e+02 4.922621630617405764e+00 2.124553206653317437e+07 2.391666802771710731e+00
2.831912999999999556e+02 3.676192590379499414e+00 1.764752567164010555e+07 2.862612335041867517e+00
3.146569999999999823e+02 3.313901748475394093e+00 1.683497743967085704e+07 3.149154730029940730e+00
3.461227000000000089e+02 3.144841897964061772e+00 1.651299791573188640e+07 3.369526741666455383e+00
3.775883999999999787e+02 3.196235121772208476e+00 1.572976205630542897e+07 3.469714473835045609e+00
4.090540999999999485e+02 3.212085944402757853e+00 1.518431440781980939e+07 3.549670707496912048e+00
4.405197999999999752e+02 3.263117697758830094e+00 1.456806868843873218e+07 3.635951105762856628e+00
4.719855000000000018e+02 3.347460470970609947e+00 1.477104810762569122e+07 3.618615634093344191e+00
5.034511999999999716e+02 3.420627413083701107e+00 1.459037361744177528e+07 3.652448336734032797e+00
5.349168999999999414e+02 3.421702299706595785e+00 1.378462167397766188e+07 3.709081670279868792e+00
5.663825999999999112e+02 3.573614447695198315e+00 1.406389393298674002e+07 3.688121243903510926e+00
5.978482999999999947e+02 3.702164616904104921e+00 1.398185913919061981e+07 3.677891818336294971e+00
6.293139999999999645e+02 4.004178831552918538e+00 1.440848881317151710e+07 3.617458995125744536e+00
6.607796999999999343e+02 4.051695227803661759e+00 1.461632365901294909e+07 3.640866087387073069e+00
6.922454000000000178e+02 4.182251162624860186e+00 1.430359400826108456e+07 3.596612128223361182e+00
7.237110999999999876e+02 4.205885758538776997e+00 1.405305013942049816e+07 3.586990707510302467e+00
7.551767999999999574e+02 4.578483977331934796e+00 1.458942964722821303e+07 3.451619219297857200e+00
7.866424999999999272e+02 4.780232742332746199e+00 1.479753949137577415e+07 3.369421840937932178e+00
8.181081999999998970e+02 4.999594979646695414e+00 1.448729954047530517e+07 3.307096935631602008e+00
8.495738999999999805e+02 5.372616386500941310e+00 1.464140818819990382e+07 3.169501014261812966e+00
8.810395999999999503e+02 5.528797107636365560e+00 1.507503900208226591e+07 3.132837847952167021e+00
9.125052999999999201e+02 5.857675716655243114e+00 1.465643992559328303e+07 3.016616827523455502e+00
9.439710000000000036e+02 6.353955853753082472e+00 1.542849506636071950e+07 2.908749343070073934e+00
9.754366999999999734e+02 6.705846947552546844e+00 1.518525561826682463e+07 2.805330547470461511e+00
1.006902399999999943e+03 7.137609085363963324e+00 1.579792891530791670e+07 2.725058589290031197e+00
1.038368099999999913e+03 7.359856477858460977e+00 1.601889436911016330e+07 2.674838559327787468e+00
1.069833799999999883e+03 7.402964597848952444e+00 1.545945848398040980e+07 2.636874608594368397e+00
1.101299499999999853e+03 8.441937901772975650e+00 1.653345542546600290e+07 2.501014877804052183e+00
1.132765199999999822e+03 8.437570922394687756e+00 1.624725074018673971e+07 2.478200329417191039e+00
1.164230900000000020e+03 8.832352076424490050e+00 1.636044873925973848e+07 2.416175443111029608e+00
1.195696599999999989e+03 9.586756412327165577e+00 1.590374319458155893e+07 2.286556659491294496e+00
1.227162299999999959e+03 9.865425870284148857e+00 1.608768787695445679e+07 2.254272924266595091e+00
1.258627999999999929e+03 1.091712965854309125e+01 1.728907191868145764e+07 2.173001024350313948e+00
1.290093699999999899e+03 1.150354145966409369e+01 1.825198315046353266e+07 2.156513669452043036e+00
1.321559399999999869e+03 1.268962478658885118e+01 1.854472531832773611e+07 2.054326636025298747e+00
1.353025099999999838e+03 1.350182185868154328e+01 1.842002522131741419e+07 1.992918319844130259e+00
1.384490800000000036e+03 1.415763595929565888e+01 1.811407875036517158e+07 1.951122801271920393e+00
1.415956500000000005e+03 1.585715593182031924e+01 1.901853546295482665e+07 1.868793238125292744e+00
1.447422199999999975e+03 1.627588856162599029e+01 1.955720344169200584e+07 1.848337316745261694e+00
1.478887899999999945e+03 1.872345236351291931e+01 2.181795890903901681e+07 1.787883385140700332e+00
1.510353599999999915e+03 1.928300977509459102e+01 2.132861752401533723e+07 1.752451824605607555e+00
1.541819299999999885e+03 2.132413598348517425e+01 2.131954619055002555e+07 1.678971812455394286e+00
1.573284999999999854e+03 2.668395952293542095e+01 2.495512320983205736e+07 1.597493608421913347e+00
1.604750699999999824e+03 2.608998909330875549e+01 2.456295354568657652e+07 1.599139168950568290e+00
1.636216399999999794e+03 3.217138847658993228e+01 2.829619277123123407e+07 1.534915015743653743e+00
1.667682099999999991e+03 3.551473254184022466e+01 3.002382551069380715e+07 1.498690106925799403e+00
1.699147799999999961e+03 3.331900067055531878e+01 2.647378201622444764e+07 1.488007185695296331e+00
1.730613499999999931e+03 4.525242602070101583e+01 3.437499886771132797e+07 1.427021344577235507e+00
1.762079199999999901e+03 6.937535493636016781e+01 5.700967707454373688e+07 1.398992762786903654e+00
1.793544899999999870e+03 6.332063564967152303e+01 5.079405118355976045e+07 1.400779481884739885e+00
1.825010599999999840e+03 1.161136417529744591e+02 9.471852421403099597e+07 1.344942759268346943e+00
1.856476299999999810e+03 1.387668801670611742e+02 9.625179898169849813e+07 1.290158354569969967e+00
1.887942000000000007e+03 6.303959308838470861e+02 6.689099075672106743e+08 1.290272924496421059e+00
1.919407699999999977e+03 1.648919483429958811e+06 9.019221654773925781e+12 1.242096968574241123e+00
1.950873399999999947e+03 1.182150446506733773e+06 4.172923661114855957e+12 1.214139711215432182e+00
1.982339099999999917e+03 6.694697779689143412e+06 2.841378306644375781e+13 1.201297231121583486e+00
2.013804799999999886e+03 5.089483088136428967e+06 1.589357435293855469e+13 1.182079867710369436e+00
2.045270499999999856e+03 7.075397470035473816e+06 1.947551287991681250e+13 1.170718183769549503e+00
2.076736199999999826e+03 1.323553335185405612e+07 3.978258222924677344e+13 1.170521567067591029e+00
2.108201900000000023e+03 7.714125179887314327e+06 1.638633496619029883e+13 1.152016540047692050e+00
2.139667599999999766e+03 1.606658957632643357e+07 2.445102511032568359e+13 1.124174054278160195e+00
2.171133299999999963e+03 3.616946032414860278e+07 3.935389339923730469e+13 1.095972755933082965e+00
2.202598999999999705e+03 2.436072472530660033e+07 3.386548207770108203e+13 1.112531051553511618e+00
2.234064699999999903e+03 3.863748650812690705e+07 3.706002394059525000e+13 1.087834483513154371e+00
2.265530399999999645e+03 4.329485265945633501e+07 2.653082756085990625e+13 1.059836106130328082e+00
2.296996099999999842e+03 7.149096456344057620e+07 2.644187913227621875e+13 1.028420495449886563e+00
2.328461800000000039e+03 2.864602748873421550e+08 1.260129318352344062e+14 1.034813694610557500e+00
2.359927499999999782e+03 4.061668561384406090e+08 1.687088878895021250e+14 1.031143711721820289e+00
2.391393199999999979e+03 1.356228489017688334e+08 3.701552335034696875e+13 1.008852738454353970e+00
2.422858899999999721e+03 1.551674342516468167e+08 6.183054241064850000e+13 1.030327557768483615e+00
2.454324599999999919e+03 1.839141989722773135e+08 4.778391916527277344e+13 1.007252104067485332e+00
2.485790299999999661e+03 2.866591215212531090e+08 6.207508334772393750e+13 9.966318449832353155e-01
2.517255999999999858e+03 1.030811589059159756e+08 3.011274179217607031e+13 1.012444226504378486e+00
2.548721700000000055e+03 9.021979532434794903e+08 8.234289132484815625e+13 9.529795193803506370e-01
2.580187399999999798e+03 1.668901030931579471e+08 3.405615242408026562e+13 9.916264466529370880e-01
2.611653099999999995e+03 1.972328848297552168e+08 5.130485025418475000e+13 1.004413363085453481e+00
2.643118799999999737e+03 6.485171679436397552e+08 6.178349061651682812e+13 9.539198292634921694e-01
2.674584499999999935e+03 2.317836304553457499e+08 2.881902862025303906e+13 9.644341905313806862e-01
2.706050199999999677e+03 1.313365027832927555e+08 2.132944004294872266e+13 9.787798106199893100e-01
2.737515899999999874e+03 2.117400599348811507e+08 1.966459276322890625e+13 9.481590850619259214e-01
2.768981600000000071e+03 5.033046155402791500e+08 4.741996016748288281e+13 9.510275616232534146e-01
2.800447299999999814e+03 2.393944233966866970e+09 2.110015530659581875e+14 9.516624505208471918e-01
2.831913000000000011e+03 6.798795276819604635e+08 5.231233405833103125e+13 9.415788689964361691e-01
2.863378699999999753e+03 5.355032904509155154e+08 3.273453802998150391e+13 9.285008641043891453e-01
2.894844399999999951e+03 7.424560208836194277e+08 5.715484140133057031e+13 9.409317597445900905e-01
2.926310099999999693e+03 5.081332545765877962e+08 2.902901472615719531e+13 9.249491452255605983e-01
2.957775799999999890e+03 1.237029358894475222e+09 4.405304437634089844e+13 9.041106889721997053e-01
2.989241499999999633e+03 2.051241613085434198e+09 1.041193529923945000e+14 9.236038249881466378e-01
3.020707199999999830e+03 3.514354074673937321e+09 7.725956017823331250e+13 8.855575529364237974e-01
3.052172900000000027e+03 2.214382071430563450e+09 3.414271570262285938e+13 8.654054720367038156e-01
3.083638599999999769e+03 1.913585121341960669e+09 5.630015210702737500e+13 8.949948099125490941e-01
3.115104299999999967e+03 3.509405931977684021e+09 5.502366622521360156e+13 8.688539389415586012e-01
