3.000000000000000000e+02 5.888746901069152884e+00 3.040420330045226961e+06 2.126341705205607280e+00
3.314649999999999750e+02 6.516265845601681761e+00 2.443176808580547571e+06 2.618456154893538557e+00
3.629300000000000068e+02 4.965594747562650291e+00 3.121301525624752510e+06 2.805452368499501858e+00
3.943949999999999818e+02 4.902738553607827399e+00 2.584188619201938622e+06 2.226028855758457325e+00
4.258600000000000136e+02 1.014842746000516449e+01 1.460060537718198961e+06 6.603175118508405328e-01
4.573249999999999886e+02 6.125508422847630641e+00 1.362625479222580791e+06 2.929814278166637642e+00
4.887899999999999636e+02 5.522433233751949722e+00 2.566486835508678574e+06 3.111976862823731871e+00
5.202549999999999955e+02 7.772497573721533826e+00 1.668814949169744737e+06 1.669080097256969042e+00
5.517200000000000273e+02 2.682144741185999948e+01 1.511253362788903527e+06 6.131309384705112553e-01
5.831849999999999454e+02 7.979538976199124889e+00 1.242420939934856724e+06 1.804049976305832637e+00
6.146499999999999773e+02 9.037785687583093974e+00 1.132777538858207641e+06 1.692759480457588950e+00
6.461150000000000091e+02 5.863682127014246070e+00 2.892225834287972189e+06 2.521415711584447994e+00
6.775799999999999272e+02 6.667960618463477651e+00 2.051990198656129651e+06 2.176791765539112244e+00
7.090450000000000728e+02 7.668394980958896490e+00 9.281904046704260400e+05 1.677124512094791964e+00
7.405099999999999909e+02 2.625425355784689785e+01 1.764551706546247471e+06 9.067935843869335821e-01
7.719750000000000227e+02 6.072112664408742866e+00 1.225443699479890522e+06 2.490088392641164994e+00
8.034400000000000546e+02 5.215536416578722800e+00 1.540415126300356817e+06 2.497253258224376715e+00
8.349049999999999727e+02 4.612224536404383457e+00 2.304365847390174400e+06 2.769618580774372507e+00
8.663700000000000045e+02 4.237168768121405193e+00 3.183326858482052106e+06 3.202917628263984628e+00
8.978350000000000364e+02 4.121662257899989079e+00 4.441627576189894229e+06 3.438097847259937723e+00
9.292999999999999545e+02 4.290423108569004107e+00 7.332852241570619866e+06 3.371892050507453220e+00
9.607649999999999864e+02 4.228650307469393077e+00 9.666573130686171353e+06 3.469232490052006401e+00
9.922300000000000182e+02 4.296897852176592814e+00 1.300254214478430897e+07 3.436969096332711082e+00
1.023695000000000050e+03 4.272829569683858075e+00 1.675065180852976814e+07 3.480604871463271355e+00
1.055159999999999854e+03 4.279564346017489029e+00 2.020871929797091335e+07 3.551345441311390072e+00
1.086625000000000000e+03 4.258169048552317371e+00 2.361383372273729369e+07 3.604302579273143348e+00
1.118090000000000146e+03 4.240750767562658119e+00 2.692524563503033295e+07 3.650063970545990522e+00
1.149554999999999836e+03 4.258968159524003205e+00 2.940505022785239667e+07 3.650797875231668765e+00
1.181019999999999982e+03 4.258430047672187690e+00 3.165551014663595706e+07 3.684825319305676583e+00
1.212485000000000127e+03 4.257109700238208561e+00 3.375218895400471240e+07 3.714098399603985801e+00
1.243950000000000045e+03 4.249497020320865737e+00 3.511581331231855601e+07 3.718426495342260996e+00
1.275414999999999964e+03 4.233695463436327522e+00 3.633443040655013174e+07 3.735315930229207826e+00
1.306880000000000109e+03 4.206478463545017199e+00 3.738521270661500096e+07 3.766208556272701902e+00
1.338345000000000027e+03 4.208009376223775355e+00 3.849725653918851167e+07 3.758273143821150519e+00
1.369809999999999945e+03 4.189659426826426447e+00 3.863018954063913971e+07 3.772078104476682903e+00
1.401275000000000091e+03 4.170739501580495556e+00 3.891846351652236283e+07 3.780781307853171125e+00
1.432740000000000009e+03 4.164598034403576676e+00 3.948097146429543942e+07 3.794103268047656741e+00
1.464204999999999927e+03 4.149158118732897194e+00 3.997565632489223778e+07 3.820759785157669342e+00
1.495670000000000073e+03 4.165924729345274358e+00 3.970802495392641425e+07 3.802926314192470070e+00
1.527134999999999991e+03 4.149889710824546718e+00 3.998080736341362447e+07 3.831696330153034680e+00
1.558599999999999909e+03 4.144301688184961918e+00 4.018903806799257547e+07 3.815436745319310763e+00
1.590065000000000055e+03 4.146112676672060182e+00 4.075830466010946035e+07 3.836242972154491060e+00
1.621529999999999973e+03 4.151966974092874629e+00 4.013149493383495510e+07 3.829912655215162776e+00
1.652994999999999891e+03 4.122217125465375887e+00 4.093157038019679487e+07 3.844908511230289427e+00
1.684460000000000036e+03 4.129063204042522806e+00 4.040157670766787976e+07 3.846798444456323907e+00
1.715924999999999955e+03 4.148981679580175275e+00 3.996236029020930827e+07 3.836584995826653355e+00
1.747390000000000100e+03 4.137171490484799818e+00 4.003822157880173624e+07 3.828706441791188464e+00
1.778855000000000018e+03 4.128218002179051993e+00 4.029326686541266739e+07 3.839792139046616537e+00
1.810319999999999936e+03 4.107991471944309581e+00 4.016311589092256874e+07 3.847432346515692547e+00
1.841785000000000082e+03 4.069240320577326209e+00 3.953858235736703873e+07 3.883469231217631989e+00
1.873250000000000000e+03 4.096987806382563768e+00 3.939277199207820743e+07 3.850581325436605695e+00
1.904714999999999918e+03 4.101155640622922149e+00 3.886417262855952978e+07 3.857571930250720094e+00
1.936180000000000064e+03 4.045206562695787156e+00 3.751237013236683607e+07 3.889831406363980282e+00
1.967644999999999982e+03 4.047622458682957891e+00 3.744668952180112898e+07 3.887611728000075484e+00
1.999109999999999900e+03 4.040018250616296491e+00 3.701451176856381446e+07 3.883036708009015570e+00
2.030575000000000045e+03 4.001946664715044122e+00 3.654226274402501434e+07 3.907621440647618627e+00
2.062039999999999964e+03 3.996498197106738370e+00 3.655772372366639972e+07 3.900412795060951510e+00
2.093505000000000109e+03 3.984500317855688145e+00 3.592948951809407771e+07 3.888556048036416968e+00
2.124970000000000255e+03 3.952675280409028158e+00 3.552450882207997888e+07 3.905191137555342085e+00
2.156434999999999945e+03 3.941074518440635721e+00 3.483845843422939628e+07 3.906731367478763151e+00
2.187900000000000091e+03 3.906752283585518182e+00 3.402456830712556094e+07 3.917692259078301209e+00
2.219364999999999782e+03 3.890389766085742718e+00 3.399766673759178072e+07 3.943571485827166434e+00
2.250829999999999927e+03 3.878337294774027111e+00 3.343963943862844259e+07 3.937787771772249368e+00
2.282295000000000073e+03 3.880565069715034898e+00 3.305878206589251012e+07 3.915760553214151507e+00
2.313760000000000218e+03 3.852595584365252179e+00 3.249019546438122913e+07 3.926845883180186458e+00
2.345224999999999909e+03 3.845941170432233047e+00 3.189653674377312511e+07 3.909333292185339204e+00
2.376690000000000055e+03 3.800892321476873281e+00 3.120707289939021692e+07 3.964083429856836815e+00
2.408155000000000200e+03 3.797057073157703577e+00 3.059460667688175291e+07 3.932798520408779197e+00
2.439619999999999891e+03 3.780875383523992550e+00 3.021681288345839456e+07 3.947695359263426518e+00
2.471085000000000036e+03 3.758889458283757090e+00 2.969696236397200823e+07 3.960195643136065424e+00
2.502550000000000182e+03 3.756366204576046197e+00 2.901758765695529804e+07 3.940139137713445372e+00
2.534014999999999873e+03 3.721281997862116775e+00 2.846700863469505683e+07 3.975433693423241710e+00
2.565480000000000018e+03 3.717275857712129650e+00 2.813928264297984540e+07 3.964238491619994864e+00
2.596945000000000164e+03 3.695749581857507238e+00 2.768441921432929114e+07 3.979180370026327740e+00
2.628409999999999854e+03 3.695629384381426075e+00 2.701028146338108182e+07 3.962763289380309306e+00
2.659875000000000000e+03 3.634704710513141368e+00 2.649341537876310199e+07 4.008248521723807301e+00
2.691340000000000146e+03 3.655922201931510074e+00 2.610067983314304799e+07 3.983959523401374714e+00
2.722804999999999836e+03 3.652683775531181176e+00 2.599684100121837109e+07 3.975394844461812571e+00
2.754269999999999982e+03 3.638267728880152152e+00 2.517643604010473937e+07 3.978352418757193032e+00
2.785735000000000127e+03 3.634013639040561738e+00 2.545152501379026845e+07 3.987696841780755452e+00
2.817199999999999818e+03 3.620468936274168659e+00 2.490399423844106495e+07 3.985782929555025333e+00
2.848664999999999964e+03 3.646584628621894808e+00 2.493000590271956846e+07 3.947042583133905325e+00
2.880130000000000109e+03 3.603261325230130208e+00 2.432888354294401035e+07 3.987772202245507991e+00
2.911594999999999800e+03 3.630902835108575033e+00 2.412055048169158399e+07 3.950860145966430537e+00
2.943059999999999945e+03 3.609835260772794818e+00 2.377371007981146872e+07 3.955145053666577759e+00
2.974525000000000091e+03 3.590135497491114602e+00 2.360129313953832164e+07 3.950468985171089020e+00
3.005989999999999782e+03 3.637601690254239628e+00 2.393743043520652503e+07 3.941661481223385444e+00
3.037454999999999927e+03 3.635362019680905554e+00 2.369571350973679498e+07 3.920977183175200942e+00
3.068920000000000073e+03 3.615094083198123975e+00 2.319586455557297915e+07 3.940056454093651794e+00
3.100384999999999764e+03 3.622350944551290031e+00 2.280170248066464812e+07 3.916700789594843357e+00
3.131849999999999909e+03 3.652573358314861629e+00 2.300908007423217967e+07 3.896517480626213281e+00
3.325000000000000000e+03 3.670789851627561440e+00 2.282850564214049652e+07 3.835873055473996818e+00
3.956465000000000146e+03 3.854558652509649352e+00 2.037759223799799383e+07 3.922863452972848108e+00
4.587930000000000291e+03 3.952082427403056819e+00 1.785117882528515160e+07 3.854759792903526439e+00
5.219395000000000437e+03 3.999055584829909193e+00 1.552466002849330194e+07 3.828478548203072318e+00
5.850860000000000582e+03 4.111846036488363332e+00 1.433951337776243128e+07 3.738956189026009458e+00
6.482325000000000728e+03 4.262604354637900883e+00 1.343677737263397872e+07 3.596535737659941834e+00
7.113789999999999964e+03 4.351435161915117256e+00 1.236310485582529195e+07 3.504247643929575773e+00
7.745255000000000109e+03 4.532682973462984322e+00 1.194366523806007206e+07 3.359065324607940717e+00
8.376720000000001164e+03 4.636201628060230284e+00 1.136441769844922237e+07 3.308780048237285776e+00
9.008185000000001310e+03 4.684567799861674153e+00 1.095149126545969769e+07 3.291027460877586019e+00
9.639650000000001455e+03 4.823226414386973637e+00 1.076258076382783987e+07 3.213484945288702210e+00
1.027111500000000160e+04 4.809758769454413496e+00 1.039217387407098152e+07 3.147368547532316541e+00
1.090257999999999993e+04 4.842225676489691821e+00 1.019048230201728456e+07 3.146905694278616661e+00
1.153404500000000007e+04 5.099113132208555221e+00 9.946929184220973402e+06 3.025068668792060933e+00
1.216551000000000022e+04 5.017166970819240568e+00 9.161382355707824230e+06 3.009413123553806635e+00
1.279697500000000036e+04 5.035394791610105614e+00 9.551257906990928575e+06 2.999704752085951664e+00
1.342844000000000051e+04 5.179545505142973738e+00 9.341314740984970704e+06 2.970253466558681943e+00
1.405990500000000065e+04 5.164963617460699652e+00 9.603188166010076180e+06 2.975035595887193018e+00
1.469137000000000080e+04 5.116718540094753465e+00 9.357752829195007682e+06 2.956145012770607927e+00
1.532283500000000095e+04 5.440909510184149589e+00 9.586845490568980575e+06 2.849828436884236815e+00
1.595430000000000109e+04 5.412934783347295387e+00 9.348427144728822634e+06 2.902279310213250252e+00
1.658576499999999942e+04 5.607107310369001674e+00 8.821397759939908981e+06 2.755864697816190922e+00
1.721723000000000320e+04 5.154298592035700288e+00 7.754573406319146976e+06 2.932177753971200396e+00
1.784869499999999971e+04 5.413626189757245299e+00 7.858561039028293453e+06 2.823827263504598672e+00
1.848015999999999985e+04 5.326846837573235405e+00 7.751291772727634758e+06 2.861223238558827653e+00
1.911162500000000000e+04 5.304517975115329520e+00 7.692214312944430858e+06 2.889278824097285536e+00
1.974309000000000015e+04 5.576340092086645939e+00 7.838084665668208152e+06 2.743495943601520271e+00
2.037455500000000029e+04 5.608102936448442932e+00 7.603116003664761782e+06 2.722208132432752947e+00
2.100602000000000044e+04 5.366378315952331057e+00 7.358725422148359939e+06 2.825967200382937250e+00
2.163748500000000058e+04 5.407412675268581381e+00 7.174715589894887060e+06 2.803311550708773581e+00
2.226895000000000073e+04 5.446495817706580311e+00 7.083632551887777634e+06 2.777056563610524442e+00
2.290041500000000087e+04 5.516492658894156520e+00 7.052674000919633545e+06 2.743982557643525944e+00
2.353188000000000102e+04 5.552272062813352171e+00 7.138365519826806150e+06 2.700587927068396343e+00
2.416334500000000116e+04 5.554919147215747977e+00 7.097248536106934771e+06 2.730093711426378356e+00
2.479481000000000131e+04 5.373322445970734940e+00 6.576393176565883681e+06 2.784596009025570140e+00
2.542627500000000146e+04 5.669324631738076548e+00 6.948903891365824267e+06 2.674680556331642478e+00
2.605774000000000160e+04 5.707394941067311933e+00 6.930570680731943808e+06 2.643974982104432936e+00
2.668920500000000175e+04 5.585535903192853091e+00 6.623284606889907271e+06 2.701658454968445255e+00
2.732067000000000189e+04 5.395377510829779233e+00 6.584486096674753353e+06 2.768106588530514500e+00
2.795213500000000204e+04 5.594431947096064839e+00 6.669407688566698693e+06 2.689191873690674583e+00
2.858360000000000218e+04 5.703112984859386891e+00 6.717889114174739458e+06 2.620446846267959984e+00
2.921506500000000233e+04 5.950032083500036428e+00 6.893098877226995304e+06 2.562983145380231420e+00
2.984653000000000247e+04 5.553139944936938299e+00 6.632175155468910933e+06 2.724670209033087431e+00
3.047799500000000262e+04 5.689267573099108688e+00 6.390453826253889129e+06 2.631991897788576562e+00
3.110946000000000276e+04 5.708499416524590586e+00 6.413034343973538838e+06 2.660036239095550759e+00
3.174092500000000291e+04 5.853627101161994695e+00 6.437523497490022331e+06 2.597024332301889782e+00
3.237239000000000306e+04 5.743878361302804159e+00 6.296824293803996406e+06 2.593700305048248556e+00
3.300385500000000320e+04 5.703224932227744404e+00 6.504743517982765101e+06 2.575237450329328937e+00
3.363531999999999971e+04 5.463862048358926415e+00 6.137586257648912258e+06 2.719557067292400543e+00
3.426678500000000349e+04 5.716262167972513630e+00 6.189293916434344836e+06 2.639404891858836422e+00
3.489825000000000000e+04 5.869225652230058543e+00 6.238665241211668588e+06 2.568976321677757912e+00
3.552971499999999651e+04 5.822232271077507626e+00 6.404149358559329994e+06 2.587301704014029369e+00
3.616118000000000029e+04 5.760577927583674374e+00 6.191211651608326472e+06 2.627836020767976510e+00
3.679264500000000407e+04 6.158572693144496846e+00 6.325098297413979657e+06 2.457861256447782417e+00
3.742411000000000058e+04 5.591622334981288134e+00 5.876541451215670444e+06 2.652398782362410667e+00
3.805557500000000437e+04 5.745911463451355949e+00 6.073092438339497894e+06 2.601018758363013106e+00
3.868704000000000087e+04 5.880847350206568791e+00 6.073060892072773539e+06 2.540573995939175767e+00
3.931850500000000466e+04 5.814866841443867784e+00 5.989843234833997674e+06 2.569661545770845823e+00
3.994997000000000116e+04 5.996002484267557442e+00 6.173607305065973662e+06 2.555334861667586832e+00
4.058143500000000495e+04 6.089616300942719107e+00 6.306543736410429701e+06 2.489560050528931701e+00
4.121290000000000146e+04 6.101239004407842614e+00 6.280265500929774716e+06 2.496932894049993301e+00
4.184436500000000524e+04 6.082918211290058608e+00 6.102671837215386331e+06 2.493270726036435736e+00
4.247583000000000175e+04 6.060142742032007313e+00 6.202012061221212149e+06 2.482636374314532102e+00
4.310729500000000553e+04 5.842524796198222070e+00 5.827255985679772682e+06 2.551830936792093052e+00
4.373876000000000204e+04 5.890249582797149053e+00 5.827904931755831465e+06 2.558285722432560583e+00
4.437022499999999854e+04 6.001638627186059338e+00 6.020701163218243048e+06 2.544840283769653766e+00
4.500169000000000233e+04 5.839503672948300306e+00 5.798412494601040147e+06 2.548604533371863212e+00
4.563315499999999884e+04 5.810532541457069655e+00 5.888042733321077190e+06 2.606188057619583720e+00
4.626462000000000262e+04 5.922519672218528264e+00 5.851249854232191108e+06 2.556849447504682793e+00
4.689608499999999913e+04 6.041928876665082271e+00 5.904619345658835955e+06 2.487050870244697176e+00
4.752755000000000291e+04 5.799624825304924514e+00 5.729691365330046974e+06 2.572795964941264835e+00
4.815901499999999942e+04 6.273121516514874152e+00 5.959188703315961175e+06 2.407138796667594782e+00
4.879048000000000320e+04 6.181506776696383376e+00 5.897157525342214853e+06 2.466544776097045144e+00
4.942194499999999971e+04 5.976796609349658063e+00 5.752986920799885876e+06 2.516657226223909749e+00
5.005341000000000349e+04 5.841383337208826632e+00 5.652915523308554664e+06 2.551534336007046377e+00
5.068487500000000000e+04 6.047996434093068530e+00 5.887414588782194071e+06 2.492441393779218473e+00
5.131634000000000378e+04 6.094616679650075142e+00 5.711509455428912304e+06 2.482322809688367826e+00
5.194780500000000029e+04 6.113950358240662908e+00 5.759652729575358331e+06 2.489711863489478372e+00
5.257927000000000407e+04 6.088251761472081469e+00 5.577567026706442237e+06 2.464618957267362909e+00
5.321073500000000058e+04 5.982907169505471856e+00 5.693007071760169230e+06 2.530751837904042567e+00
5.384220000000000437e+04 6.078367235149693570e+00 5.590729854212991893e+06 2.479911475776102048e+00
5.447366500000000087e+04 6.067483418696621555e+00 5.636952057636884972e+06 2.487871961033743862e+00
5.510513000000000466e+04 6.377473442609943532e+00 5.943715963857726194e+06 2.396723121296972625e+00
5.573659500000000116e+04 6.124356297556091455e+00 5.833461606682487763e+06 2.486523439007525482e+00
5.636806000000000495e+04 6.222169565198838903e+00 5.808381128405018710e+06 2.388442183781506412e+00
5.699952500000000146e+04 6.304324349438391373e+00 5.779504054217397235e+06 2.364496260017013185e+00
5.763099000000000524e+04 5.893756887585880122e+00 5.312279874455233105e+06 2.505196810648837147e+00
5.826245500000000175e+04 5.833365249787457962e+00 5.447824164825811051e+06 2.550657504485787097e+00
5.889392000000000553e+04 6.480662596874765313e+00 5.777383109471058473e+06 2.370964535293581310e+00
5.952538500000000204e+04 6.117674703129885039e+00 5.587995144108067267e+06 2.451476210710467729e+00
6.015685000000000582e+04 6.084170497925287968e+00 5.525893812675008550e+06 2.433897654336064864e+00
6.078831500000000233e+04 6.244611483647957151e+00 5.702620165870472789e+06 2.401137490394151364e+00
6.141978000000000611e+04 5.970604906213336172e+00 5.538802971913914196e+06 2.528040588087962615e+00
6.205124500000000262e+04 6.042944402679171212e+00 5.473233760556698777e+06 2.492900639162302756e+00
6.268271000000000640e+04 6.301969041588773024e+00 5.679146597580234520e+06 2.418975632677120124e+00
6.331417500000000291e+04 6.087852651686661787e+00 5.529417704866974615e+06 2.488063078361904878e+00
6.394563999999999942e+04 5.821840856738766945e+00 5.140116299098039046e+06 2.536524521243539443e+00
6.457710500000000320e+04 6.106056433603922251e+00 5.557202607167812064e+06 2.460326926321451335e+00
6.520856999999999971e+04 6.271630406730595908e+00 5.587717342246651649e+06 2.362805677504656199e+00
6.584003500000000349e+04 6.052757773969357658e+00 5.388246314893956296e+06 2.441963177681494734e+00
6.647150000000000000e+04 6.611976755699926933e+00 5.803456611814351752e+06 2.309363019298416475e+00
6.710296499999999651e+04 6.322276767725234059e+00 5.618093118922403082e+06 2.417335859000589338e+00
6.773442999999999302e+04 5.996137238456359597e+00 5.219601432955667377e+06 2.460343879475157980e+00
6.836589500000000407e+04 6.424829859639080709e+00 5.598687035642196424e+06 2.377007173623316483e+00
6.899736000000000058e+04 6.362790664573020116e+00 5.564647499730817042e+06 2.362934429420048055e+00
6.962882499999999709e+04 6.066430609743178159e+00 5.382967322948145680e+06 2.459747580854603655e+00
7.026029000000000815e+04 6.421500362379045868e+00 5.658299638261537999e+06 2.361173877691249867e+00
7.089175500000000466e+04 6.046820980049355754e+00 5.306741601802645251e+06 2.464058173406863617e+00
7.152322000000000116e+04 6.239135055590616652e+00 5.423992769623820670e+06 2.404261011552022431e+00
7.215468499999999767e+04 6.449273108231349916e+00 5.496117159204524010e+06 2.308403424246929347e+00
7.278615000000000873e+04 6.241470656863305599e+00 5.327350157903755084e+06 2.394845463602164326e+00
7.341761500000000524e+04 6.061538009930224291e+00 5.268958678976609372e+06 2.477175735827850112e+00
7.404908000000000175e+04 6.580741943777169034e+00 5.641518440213300288e+06 2.277662466941680730e+00
7.468054499999999825e+04 6.350827706986429178e+00 5.418959414573789574e+06 2.358988875104959249e+00
7.531201000000000931e+04 5.963245098305971048e+00 5.212418631733413786e+06 2.525723447511446285e+00
7.594347500000000582e+04 6.223195867710936469e+00 5.295072098657352850e+06 2.390471844310020355e+00
7.657494000000000233e+04 6.453517883388333765e+00 5.466296939650661312e+06 2.321409794677802285e+00
7.720640499999999884e+04 6.417379199704205561e+00 5.508963559362290427e+06 2.348350997062046197e+00
7.783787000000000990e+04 6.124304590229590950e+00 5.300414008550371043e+06 2.455313200190162970e+00
7.846933500000000640e+04 6.412913323331781434e+00 5.570777473835459910e+06 2.341164800328861872e+00
7.910080000000000291e+04 6.440590319598319624e+00 5.385159255706790835e+06 2.354778296203453358e+00
7.973226499999999942e+04 6.285228499406669833e+00 5.307543635427953675e+06 2.365907550535028658e+00
8.036373000000001048e+04 6.067750521866547508e+00 5.115211672157810070e+06 2.480462677762906853e+00
8.099519500000000698e+04 6.513256505618423731e+00 5.469374334689903073e+06 2.319776870097778776e+00
8.162666000000000349e+04 6.074359837871613266e+00 5.242179072441495955e+06 2.458622002247833116e+00
8.225812500000000000e+04 6.042321403299405702e+00 5.134893285164076835e+06 2.421126174084676119e+00
8.288959000000001106e+04 6.343582999891035357e+00 5.244790008283253759e+06 2.340349646700374819e+00
8.352105500000000757e+04 6.162670716972706408e+00 5.166432081930931658e+06 2.433683216199803656e+00
8.415252000000000407e+04 6.097482172461646144e+00 5.061962037133668549e+06 2.426527084161167469e+00
8.478398500000000058e+04 6.171130686619103578e+00 5.175636570789040066e+06 2.359161092565460027e+00
8.541544999999999709e+04 5.975303823778463475e+00 5.064327730692612007e+06 2.485081582720269466e+00
8.604691500000000815e+04 6.513491163558765784e+00 5.358235696156572551e+06 2.289312375301419511e+00
8.667838000000000466e+04 6.097752870722759511e+00 5.193663601735040545e+06 2.424652136129535673e+00
8.730984500000000116e+04 6.209777988546298033e+00 5.097878107170181349e+06 2.419984544788657210e+00
8.794130999999999767e+04 6.373708932357067702e+00 5.303031059866013005e+06 2.311931466830887683e+00
8.857277500000000873e+04 6.322299238040288039e+00 5.369465941843737848e+06 2.368027806269825231e+00
8.920424000000000524e+04 6.723974361598217264e+00 5.468230668917542323e+06 2.197713079881013165e+00
8.983570500000000175e+04 6.167580428135035930e+00 5.201084848246086389e+06 2.469254677447992208e+00
9.046716999999999825e+04 6.730689660420472897e+00 5.430672086729680188e+06 2.214860443279761171e+00
9.109863500000000931e+04 6.293338937992406734e+00 5.124043429147446528e+06 2.345560787889990895e+00
9.173010000000000582e+04 6.146532316932425744e+00 5.084504301823059097e+06 2.420242794707962553e+00
9.236156500000000233e+04 6.502453541941154214e+00 5.385379930512232706e+06 2.321993844526182738e+00
9.299302999999999884e+04 6.418617213016681866e+00 5.199078654219785705e+06 2.322887990760986732e+00
9.362449500000000990e+04 6.282280912435446396e+00 5.157894190705847926e+06 2.325056226864861131e+00
9.425596000000000640e+04 6.107651042519607110e+00 5.049206353840007447e+06 2.438645155418889487e+00
9.488742500000000291e+04 6.363345946014789867e+00 5.286985549773379229e+06 2.315475658745610676e+00
9.551888999999999942e+04 6.228577571565987903e+00 5.176138456104937941e+06 2.363501775988334330e+00
9.615035500000001048e+04 6.457583786001983128e+00 5.270202546328956261e+06 2.319704586666165191e+00
9.678182000000000698e+04 6.308873590740074810e+00 5.283021735401772894e+06 2.365942926214093411e+00
9.741328500000000349e+04 6.198043096515928774e+00 5.063962762917876244e+06 2.383417182909544518e+00
9.804475000000000000e+04 6.388882136366296649e+00 5.229107173410401680e+06 2.308666480853954983e+00
9.867621500000001106e+04 6.333578735758824685e+00 5.280347376843637787e+06 2.347699112190615889e+00
9.930768000000000757e+04 6.178031597156667054e+00 5.099203367777095176e+06 2.380975195513850728e+00
9.993914500000000407e+04 6.104345580483021116e+00 4.990400347092479467e+06 2.437519542048437682e+00
1.005706100000000006e+05 5.855300338352584788e+00 4.818632018304295838e+06 2.531169817206501804e+00
1.012020750000000116e+05 6.043181741254058714e+00 4.961427864962447435e+06 2.455193013624017873e+00
1.018335400000000081e+05 6.279752664032915987e+00 5.118257030420426279e+06 2.355727206165244336e+00
1.024650050000000047e+05 6.119541406790719229e+00 5.044676701242909767e+06 2.397981129318250915e+00
1.030964700000000012e+05 6.257396946044257113e+00 5.209984710414115340e+06 2.370517021886738185e+00
1.037279350000000122e+05 6.309484990963164286e+00 5.135732745402261615e+06 2.342203425375055215e+00
1.043594000000000087e+05 6.150405969112514803e+00 5.219619049880757928e+06 2.425842802693059408e+00
1.049908650000000052e+05 5.916904302909022917e+00 4.906472811952915974e+06 2.495858954162105015e+00
1.056223300000000017e+05 6.179363952121347481e+00 4.997977124020010233e+06 2.433652507506203211e+00
1.062537949999999983e+05 6.137226901444516436e+00 4.986185127882102504e+06 2.392696552608138738e+00
1.068852600000000093e+05 6.308743166411154846e+00 5.198350097820587456e+06 2.316216065386928147e+00
1.075167250000000058e+05 6.513436378059961562e+00 5.316872652910890058e+06 2.266632012300817678e+00
1.081481900000000023e+05 6.030604185175357124e+00 4.966425573279246688e+06 2.430032177541269878e+00
1.087796549999999988e+05 6.425997102141256079e+00 5.112954551122699864e+06 2.286819048390402287e+00
1.094111200000000099e+05 6.216779364104705330e+00 5.033243053770622239e+06 2.405250088322321123e+00
1.100425850000000064e+05 6.388473984702891073e+00 5.277316583468737081e+06 2.340342312899056587e+00
1.106740500000000029e+05 6.130937718423917993e+00 5.102833606563581154e+06 2.407042459232479281e+00
1.113055149999999994e+05 6.649945119611976985e+00 5.397310605262628756e+06 2.257901007199135002e+00
1.119369800000000105e+05 6.362958459219060892e+00 5.159265663509292528e+06 2.320231658789240203e+00
1.125684450000000070e+05 6.811166872321644306e+00 5.314694304156727158e+06 2.160158750916246984e+00
1.131999100000000035e+05 6.257656316147523157e+00 5.101014336362497881e+06 2.376243896625637397e+00
1.138313750000000000e+05 6.523291213310973724e+00 5.180145287626719102e+06 2.296536181537017107e+00
1.144628400000000111e+05 6.126758766980289650e+00 4.998649733083451167e+06 2.384674948698342067e+00
1.150943050000000076e+05 6.428546915750645852e+00 5.230204018962859176e+06 2.304665952264423723e+00
1.157257700000000041e+05 6.186121166925820702e+00 5.117841889631022699e+06 2.411680782900302855e+00
1.163572350000000006e+05 6.180901251508585048e+00 4.972816663735728711e+06 2.364996237503782073e+00
1.169887000000000116e+05 6.102719557079580248e+00 4.856667024984554388e+06 2.418067894371395354e+00
1.176201650000000081e+05 6.327094384273683758e+00 5.088620344618678093e+06 2.331929391130503681e+00
1.182516300000000047e+05 6.243761039739233354e+00 4.913145865066585131e+06 2.351011854855971084e+00
1.188830950000000012e+05 6.260443604837648834e+00 5.028768430951392278e+06 2.337888235429077533e+00
1.195145600000000122e+05 6.171542909216929829e+00 5.047185345214545727e+06 2.374188040904877006e+00
1.201460250000000087e+05 6.169833218118862206e+00 4.780469562666173093e+06 2.341947494749688552e+00
1.207774900000000052e+05 6.405445471366649102e+00 5.097874210788418539e+06 2.283885798745096452e+00
1.214089550000000017e+05 6.289600689344373663e+00 4.922275085585510358e+06 2.348554744792131554e+00
1.220404200000000128e+05 6.384365020851769046e+00 5.131959799224318936e+06 2.305161453372172264e+00
1.226718850000000093e+05 6.226644622709750720e+00 5.009128245491464622e+06 2.365104463023155468e+00
1.233033500000000058e+05 6.401087498802758624e+00 5.103650740743463859e+06 2.289069842763785001e+00
1.239348150000000023e+05 6.755324221826573883e+00 5.473415385822296143e+06 2.237914590762299483e+00
1.245662799999999988e+05 6.115570252515565741e+00 4.980083770561140962e+06 2.408609774520802826e+00
1.251977450000000099e+05 6.532858179911238850e+00 5.243994346143920906e+06 2.277823075519051166e+00
1.258292100000000064e+05 6.115313330294669392e+00 4.825380381577377208e+06 2.396567486533152103e+00
1.264606750000000029e+05 6.147493958113476431e+00 4.906383553203049116e+06 2.343761682323482809e+00
1.270921399999999994e+05 6.428745510744894531e+00 5.073702151432503946e+06 2.302157926974847779e+00
1.277236050000000105e+05 6.068016731487323234e+00 4.865233670427076519e+06 2.428911359618535659e+00
1.283550700000000070e+05 6.209535273202534178e+00 4.983881184579968452e+06 2.367721421006249383e+00
1.289865350000000035e+05 6.361806591591702364e+00 5.096409356955603696e+06 2.279536994647013870e+00
1.296180000000000000e+05 6.195372916582183365e+00 4.861611723911599256e+06 2.310027372763735709e+00
1.302494650000000111e+05 6.488430156508775859e+00 5.091701504211284220e+06 2.280628746620695591e+00
1.308809300000000076e+05 6.311625159669502771e+00 4.957043408559257165e+06 2.285762931401076337e+00
1.315123950000000186e+05 6.536296826606396770e+00 5.104351730183001608e+06 2.228527228993330667e+00
1.321438599999999860e+05 6.287298582290304694e+00 4.935970698529507034e+06 2.322388177453055924e+00
1.327753250000000116e+05 6.372396641960168751e+00 5.045479334040665068e+06 2.267511805403684910e+00
1.334067900000000081e+05 6.541849882828452145e+00 5.134037343003107235e+06 2.235113847175230095e+00
1.340382550000000047e+05 6.470468558753688981e+00 4.976042670013543218e+06 2.241027557212230903e+00
1.346697200000000012e+05 6.372995573221047039e+00 4.911347183474119753e+06 2.280217991226111351e+00
1.353011849999999977e+05 6.392078622028504853e+00 5.021705612673296593e+06 2.341057184284994097e+00
1.359326499999999942e+05 6.200621596951935821e+00 4.926570564592221752e+06 2.385735610410698815e+00
1.365641150000000198e+05 6.796698118602895633e+00 5.191297072511902079e+06 2.154626093970462897e+00
1.371955800000000163e+05 6.544323829418412508e+00 5.245615084497136995e+06 2.287413071348267213e+00
1.378270450000000128e+05 6.472532281730945414e+00 5.088018113358754665e+06 2.279951046532437964e+00
1.384585100000000093e+05 6.406674802066777197e+00 5.123407532189819030e+06 2.303711406581596233e+00
1.390899750000000058e+05 6.290283066484876784e+00 4.853235146622408181e+06 2.309092364499529815e+00
1.397214400000000023e+05 6.598887562470872048e+00 5.055893519493996166e+06 2.223629660805847674e+00
1.403529049999999988e+05 6.104377573176542171e+00 4.773720548815701157e+06 2.337889283445129252e+00
1.409843699999999953e+05 6.432388673783712818e+00 5.046430351316737011e+06 2.275366281857614137e+00
1.416158350000000210e+05 6.308923568546375371e+00 4.957808210186595097e+06 2.344928259486435351e+00
1.422473000000000175e+05 6.360313716780304993e+00 5.061289836782850325e+06 2.321046675012840232e+00
1.428787650000000140e+05 6.307124328037354566e+00 5.019169997357246466e+06 2.335127648738005046e+00
1.435102300000000105e+05 6.210907136699019837e+00 4.846856115608066320e+06 2.316655009200772941e+00
1.441416950000000070e+05 5.983419432666049254e+00 4.709347686245826073e+06 2.429705570100286316e+00
1.447731600000000035e+05 6.261640986162109179e+00 4.863751491777592339e+06 2.338878308622588165e+00
1.454046250000000000e+05 6.448029827029432504e+00 4.998319305448537692e+06 2.240507244645287166e+00
1.460360899999999965e+05 6.531142673289982881e+00 5.062021200460533611e+06 2.221380951605986809e+00
1.466675549999999930e+05 6.119466495683700380e+00 4.753142186067013070e+06 2.312856883215838266e+00
1.472990200000000186e+05 6.258156582762436138e+00 4.900389114124298096e+06 2.316641301325030877e+00
1.479304850000000151e+05 6.317396025177312247e+00 4.965742974605926313e+06 2.309101995160730336e+00
1.485619500000000116e+05 6.455463928582446442e+00 4.982031122347019613e+06 2.285545006396452195e+00
1.491934150000000081e+05 6.268073841258997803e+00 4.961778435536811128e+06 2.336207688090139900e+00
1.498248800000000047e+05 6.166758517741028456e+00 4.828116225095331669e+06 2.375525095994358349e+00
1.504563450000000012e+05 6.240211040980597978e+00 4.897535672854496166e+06 2.369194231437636411e+00
1.510878099999999977e+05 6.465901847808357417e+00 4.935177766186703928e+06 2.246229952234282568e+00
1.517192749999999942e+05 6.689017754901897206e+00 5.188945229732892476e+06 2.198531905809070874e+00
1.523507400000000198e+05 6.243651593241808406e+00 4.735065321591445245e+06 2.282500290612068827e+00
1.529822050000000163e+05 5.950115342045622313e+00 4.567701640762598254e+06 2.408661126576333800e+00
1.536136700000000128e+05 5.970599739209949242e+00 4.616836754929604940e+06 2.392818873360552878e+00
1.542451350000000093e+05 6.126630890287504627e+00 4.746234740943673998e+06 2.356527376916539573e+00
1.548766000000000058e+05 6.188951791037000660e+00 4.809614488677199930e+06 2.346463367675084566e+00
1.555080650000000023e+05 6.249619426819313261e+00 4.849061201011689380e+06 2.296982742867862193e+00
1.561395299999999988e+05 6.426695663873465136e+00 4.926524590803214349e+06 2.231821672696911563e+00
1.567709949999999953e+05 6.154130099248683372e+00 4.652095588050723076e+06 2.348389609323211502e+00
1.574024600000000210e+05 6.462739585412534460e+00 4.936245695625461638e+06 2.279479859607675518e+00
1.580339250000000175e+05 6.377200969936529518e+00 4.895159945149134845e+06 2.295996191619146032e+00
1.586653900000000140e+05 6.338308155830505441e+00 4.874444120259195566e+06 2.287384702941406722e+00
1.592968550000000105e+05 6.110275307797452982e+00 4.739745411276308820e+06 2.350788674278232904e+00
1.599283200000000070e+05 6.096593350674170075e+00 4.690329542647175491e+06 2.372911927687475941e+00
1.605597850000000035e+05 6.179628742487421889e+00 4.785474367186130956e+06 2.304547231670423191e+00
1.611912500000000000e+05 6.344555902359196864e+00 4.796191376258556731e+06 2.282745884762467536e+00
1.618227149999999965e+05 6.196097401056260168e+00 4.754433699145048857e+06 2.346639492956499318e+00
1.624541800000000221e+05 6.377331188419985253e+00 4.876645939534692094e+06 2.271831784303016910e+00
1.630856450000000186e+05 6.314655356975661604e+00 4.912530878063042648e+06 2.308645120363716607e+00
1.637171100000000151e+05 6.121711529465152068e+00 4.743207473135802895e+06 2.341079424693214062e+00
1.643485750000000116e+05 6.118351096288845881e+00 4.695274896902854554e+06 2.361705640265532313e+00
1.649800400000000081e+05 6.043942168817904026e+00 4.622160930561517365e+06 2.352681847078560651e+00
1.656115050000000047e+05 6.434865383217271528e+00 4.855757397412523627e+06 2.241223642137183170e+00
1.662429700000000012e+05 6.260731228355032485e+00 4.711652707372673787e+06 2.326266759650874150e+00
1.668744349999999977e+05 6.119336623624263005e+00 4.729353134664566256e+06 2.405307234781232761e+00
1.675058999999999942e+05 5.998703844348517222e+00 4.601947286136643030e+06 2.413871431269269952e+00
1.681373650000000198e+05 6.405381903801820265e+00 4.860538225725357421e+06 2.268862027235147405e+00
1.687688300000000163e+05 6.153902667339804289e+00 4.712152721751944162e+06 2.354751168513955051e+00
1.694002950000000128e+05 6.497474935498276594e+00 4.925545877516524866e+06 2.231797983247268302e+00
1.700317600000000093e+05 6.158207224204198305e+00 4.743398577426372096e+06 2.322761418178504123e+00
1.706632250000000058e+05 6.177662958732714316e+00 4.677785874459383078e+06 2.345403759664870247e+00
1.712946900000000023e+05 6.512964835332074820e+00 4.930068390148850158e+06 2.228073733770040032e+00
1.719261549999999988e+05 6.378854660149077205e+00 4.745443386202483438e+06 2.213953038467564749e+00
1.725576199999999953e+05 6.034437938492057008e+00 4.659707975556735881e+06 2.391905321912819460e+00
1.731890850000000210e+05 6.116935268667525349e+00 4.695122012363155372e+06 2.352063188047015085e+00
1.738205500000000175e+05 6.305899003499725985e+00 4.798996834686549380e+06 2.292934933246649987e+00
1.744520150000000140e+05 6.088282060526222672e+00 4.751898754413025454e+06 2.372885889613488786e+00
1.750834800000000105e+05 6.357990147211477705e+00 4.842399219667054713e+06 2.252716621826182042e+00
1.757149450000000070e+05 6.236271256630290694e+00 4.669913256872845814e+06 2.315299489584991210e+00
1.763464100000000035e+05 6.183089686937034202e+00 4.662138051511944272e+06 2.305759887466496849e+00
1.769778750000000000e+05 6.082628118440946530e+00 4.607667283534587361e+06 2.305296066389448839e+00
1.776093399999999965e+05 6.135957420686334096e+00 4.635106208428204060e+06 2.331298180519060459e+00
1.782408050000000221e+05 6.494360364542034247e+00 4.930846304274690337e+06 2.290064461894134595e+00
1.788722700000000186e+05 6.497252524581159427e+00 4.877277450385391712e+06 2.234790065535198433e+00
1.795037350000000151e+05 6.207852556608249195e+00 4.745090116546439938e+06 2.313362751388400529e+00
1.801352000000000116e+05 6.483750470777615682e+00 4.888197300446853973e+06 2.229727234147298898e+00
1.807666650000000081e+05 6.089881805334704801e+00 4.700342103354840539e+06 2.378282518839207604e+00
1.813981300000000047e+05 6.188119886627369226e+00 4.695321822118975222e+06 2.345127842523091033e+00
1.820295950000000012e+05 5.932375969884242650e+00 4.523416260038549080e+06 2.413486421006341587e+00
1.826610599999999977e+05 6.041188014736351697e+00 4.549918276389459148e+06 2.365299152894051904e+00
1.832925250000000233e+05 6.534271233685430502e+00 4.872137712233187631e+06 2.204271687361840204e+00
1.839239900000000198e+05 6.036552141389200266e+00 4.625060736077537760e+06 2.386858952998019756e+00
1.845554550000000163e+05 6.282283403064996996e+00 4.716851857536993921e+06 2.299337826256225181e+00
1.851869200000000128e+05 6.245687687631168217e+00 4.719084859271581285e+06 2.304385550267225469e+00
1.858183850000000093e+05 5.977758219595333600e+00 4.514118727502133697e+06 2.359914847311845865e+00
1.864498500000000058e+05 6.207731953105522393e+00 4.812437306342807598e+06 2.312525305617896709e+00
1.870813150000000023e+05 6.120478141810019146e+00 4.710768186559759080e+06 2.343762100982831331e+00
1.877127799999999988e+05 6.471716439988450809e+00 4.903527773917188868e+06 2.271208900029536348e+00
1.883442449999999953e+05 6.281381800207551436e+00 4.808350967098657042e+06 2.259149361905282927e+00
1.889757100000000210e+05 6.360909601090371623e+00 4.715185113466101699e+06 2.241346394078339355e+00
1.896071750000000175e+05 6.149251550376794384e+00 4.677900064219770953e+06 2.368666085933407661e+00
1.902386400000000140e+05 6.009333035634730535e+00 4.505334176817800850e+06 2.375150204838823331e+00
1.908701050000000105e+05 6.363348646418316434e+00 4.842729002871247940e+06 2.255631286267224755e+00
1.915015700000000070e+05 6.169305967347266773e+00 4.709503112046424299e+06 2.332190063011280845e+00
1.921330350000000035e+05 6.175756290246257052e+00 4.674440351734859869e+06 2.333960543336047966e+00
1.927645000000000000e+05 6.009495506978216994e+00 4.549636367485732771e+06 2.391374766916051886e+00
1.933959649999999965e+05 6.414285429347509115e+00 4.802339036566640250e+06 2.250016335305258686e+00
1.940274300000000221e+05 6.398812678062315129e+00 4.965727402413995937e+06 2.322310805772596520e+00
1.946588950000000186e+05 6.342773362685131033e+00 4.822457049734920263e+06 2.280318550271117406e+00
1.952903600000000151e+05 6.341360807149248657e+00 4.709312717099727131e+06 2.246808135491930258e+00
1.959218250000000116e+05 6.329716151327516194e+00 4.797982593213525601e+06 2.280939740854020847e+00
1.965532900000000081e+05 6.417215583217617869e+00 4.814095726316125132e+06 2.224494662694610714e+00
1.971847550000000047e+05 6.704340898530941395e+00 5.057847543081785552e+06 2.181529560382775568e+00
1.978162200000000012e+05 6.385086757429575322e+00 4.857980564570560120e+06 2.273105478528661294e+00
1.984476849999999977e+05 6.517530443144639030e+00 4.941977522550045513e+06 2.225963526695741379e+00
1.990791500000000233e+05 6.174058909934336370e+00 4.822343894318324514e+06 2.367261680778870669e+00
1.997106150000000198e+05 6.326394831928751294e+00 4.697633356948271394e+06 2.259337659682519650e+00
2.003420800000000163e+05 6.503572920370938704e+00 4.913753811724079773e+06 2.229912917910029879e+00
2.009735450000000128e+05 6.108976010747039886e+00 4.626370626819045283e+06 2.297569350070192584e+00
2.016050100000000093e+05 6.513086300785144722e+00 4.966561628712046891e+06 2.234060312047004615e+00
2.022364750000000058e+05 6.373262954862235929e+00 4.833032608298951760e+06 2.292525491953639083e+00
2.028679400000000023e+05 6.153264928922049570e+00 4.721035944961887784e+06 2.295773365217185447e+00
2.034994049999999988e+05 6.257980035243836170e+00 4.703172058812324889e+06 2.285148539679192403e+00
2.041308700000000244e+05 6.112761474458092259e+00 4.640353025362994522e+06 2.325315508389151020e+00
2.047623350000000210e+05 5.948182804863476392e+00 4.533675250038558617e+06 2.401285041783767671e+00
2.053938000000000175e+05 6.203389002668216357e+00 4.708684609059723094e+06 2.292422950683724814e+00
2.060252650000000140e+05 6.128138749258678963e+00 4.654412540516137145e+06 2.341644114842255320e+00
2.066567300000000105e+05 6.480607885247525068e+00 4.946905038307891227e+06 2.234030336078759671e+00
2.072881950000000070e+05 6.167657188307968497e+00 4.716629062018826604e+06 2.310680341043932273e+00
2.079196600000000035e+05 6.231858214356764236e+00 4.783357700985778123e+06 2.280385280027114270e+00
2.085511250000000000e+05 6.409284626802390861e+00 4.824778324897740036e+06 2.226671105281458729e+00
2.091825899999999965e+05 5.998435695466582729e+00 4.678757262141548097e+06 2.358367839552685030e+00
2.098140550000000221e+05 6.443957970560749260e+00 4.884111475128350779e+06 2.214017810372166828e+00
2.104455200000000186e+05 6.267173213857107683e+00 4.736986167355163954e+06 2.280681188033728990e+00
2.110769850000000151e+05 6.172740779653187460e+00 4.674837009043684229e+06 2.314920637668471226e+00
2.117084500000000116e+05 6.338274264847853168e+00 4.695573934017742053e+06 2.217002296322777344e+00
2.123399150000000081e+05 6.061577628568699971e+00 4.637999717892690562e+06 2.327433029073953996e+00
2.129713800000000047e+05 5.837910344785449901e+00 4.585166706544633955e+06 2.414479793808865793e+00
2.136028450000000012e+05 5.926024549220681337e+00 4.544831556855175644e+06 2.410245034588394120e+00
2.142343099999999977e+05 6.169659683787705795e+00 4.846065682120595127e+06 2.348186614361548408e+00
2.148657750000000233e+05 6.122923980539815680e+00 4.625753443598251790e+06 2.306011636230710593e+00
2.154972400000000198e+05 6.627189518323417516e+00 5.003291574162382632e+06 2.188001727512957739e+00
2.161287050000000163e+05 6.046301881263277167e+00 4.662393221293465234e+06 2.354203495250608125e+00
2.167601700000000128e+05 5.999937094941248716e+00 4.498141816983232275e+06 2.328043134899624889e+00
2.173916350000000093e+05 6.093453035518376026e+00 4.740825885839391500e+06 2.347109414036368857e+00
2.180231000000000058e+05 5.828740595461686880e+00 4.477109016034893692e+06 2.407214084902020268e+00
2.186545650000000023e+05 6.792342841872773818e+00 5.124865305090065114e+06 2.123957043852336746e+00
2.192860299999999988e+05 6.110463082268990931e+00 4.686195197683135979e+06 2.299580841844278467e+00
2.199174950000000244e+05 6.410541589719342959e+00 4.868946662521744147e+06 2.240573391082558263e+00
2.205489600000000210e+05 6.164346509906610372e+00 4.628764273332696408e+06 2.270848320292198519e+00
2.211804250000000175e+05 5.922923679562857480e+00 4.563994917801593430e+06 2.366371390855642076e+00
2.218118900000000140e+05 6.098350321978944777e+00 4.724668351658337750e+06 2.324010117282997001e+00
2.224433550000000105e+05 6.495646411452819180e+00 4.918318380604346283e+06 2.180586455591384087e+00
2.230748200000000070e+05 5.809743835542620971e+00 4.551234466910097748e+06 2.407035526686597038e+00
2.237062850000000035e+05 5.831373696905881587e+00 4.510635976526068524e+06 2.409755487569623433e+00
2.243377500000000000e+05 6.168077506526825182e+00 4.708329624545588158e+06 2.285961614503765116e+00
2.249692150000000256e+05 6.022985518020941953e+00 4.609137768628505059e+06 2.370510082137700092e+00
2.256006800000000221e+05 6.279303772887049107e+00 4.743572306591810659e+06 2.229515338357701992e+00
2.262321450000000186e+05 6.334289476401076868e+00 4.818918309590525925e+06 2.240763636921371038e+00
2.268636100000000151e+05 5.706158801862960317e+00 4.339059215323826298e+06 2.442257457121485675e+00
