0.000000000000000000e+00 3.914848684883956250e+14 6.212199845799342041e+11 4.535641342732197323e-01
6.292298799999999659e+01 9.554147481870754746e+02 4.144282559914992191e+06 4.188111365855541890e-01
1.258459759999999932e+02 3.912274473828803334e+00 6.832980720695008058e+05 2.188912528184738360e+00
1.887689639999999827e+02 4.290071138497103753e+00 8.624640838339811889e+05 2.174367684887577923e+00
2.516919519999999864e+02 3.719382645189313941e+00 4.082300156755369389e+05 3.914391774110510980e+00
3.146149399999999901e+02 3.933009665875216943e+00 6.312220258674322395e+05 2.219063402143669261e+00
3.775379279999999653e+02 7.704487553724428395e+00 8.907200480671424884e+05 9.510506530282947235e-01
4.404609159999999974e+02 4.283673071654017228e+00 6.986290364598482847e+05 1.359990922218815568e+00
5.033839039999999727e+02 6.074893787801788569e+00 8.185902710333322175e+05 9.245223407429762341e-01
5.663068919999999480e+02 4.630286093280813198e+00 1.055065548759589437e+06 1.631779628298044349e+00
6.292298799999999801e+02 1.047800342001996832e+01 1.397599509045827202e+06 9.700253983096562838e-01
6.921528680000000122e+02 5.264525228126037959e+00 2.026166361025533639e+06 1.975639663832493786e+00
7.550758559999999306e+02 5.385142899852709775e+00 1.832942218001256464e+06 1.957157814426565334e+00
8.179988439999999628e+02 9.072684827591549706e+00 1.048360341574931983e+06 1.063056808684732069e+00
8.809218319999999949e+02 7.233193538570833248e+00 1.003023987290202873e+06 1.236890968068577790e+00
9.438448199999999133e+02 6.846869146835757647e+00 1.628252571148450254e+06 1.414311600755356890e+00
1.006767807999999945e+03 4.380072133820531732e+00 8.980278604451310821e+05 2.216032129259105865e+00
1.069690795999999864e+03 3.880203656457934969e+00 5.515796898300207686e+05 1.476588999449031547e+00
1.132613783999999896e+03 4.973825846109275695e+00 1.451799178014867706e+06 1.846216444968853843e+00
1.195536771999999928e+03 4.203192963563451734e+00 6.485568665523623349e+05 1.143654337726976555e+00
1.258459759999999960e+03 1.972387647945332750e+15 3.779571895967540039e+12 4.778765575315991887e-01
1.321382747999999992e+03 8.573992042110601730e+00 1.278763523257827619e+06 1.210531095156722081e+00
1.384305736000000024e+03 4.408298479637442036e+00 1.023126902954068501e+06 2.022944190708244605e+00
1.447228723999999829e+03 5.434163382732636549e+00 1.219529962001088774e+06 1.675286279239231346e+00
1.510151711999999861e+03 5.602861605536352485e+00 1.115085320125451311e+06 1.490763149312208879e+00
1.573074699999999893e+03 6.502534422706162331e+00 7.824107746269083582e+05 1.390993788906476292e+00
1.635997687999999926e+03 4.819673608052710279e+00 5.275021050627281656e+05 2.758262903793178733e+00
1.698920675999999958e+03 3.623322783130589642e+00 8.096625750678436598e+05 2.072940285510715075e+00
1.761843663999999990e+03 7.500103350377533395e+00 1.045074611154781422e+06 1.723920692252030928e+00
1.824766651999999794e+03 4.261103856515342514e+00 1.363389564591879724e+06 2.758674425202967573e+00
1.887689639999999827e+03 7.425674919881825709e+00 1.686877044808859937e+06 1.993480165658922498e+00
1.950612627999999859e+03 2.249369140955097279e+01 2.351267981482591946e+06 9.948039796651559907e-01
2.013535615999999891e+03 9.722284935007440509e+00 9.602843169075858314e+05 1.078812453168824792e+00
2.076458603999999923e+03 4.643503328342732495e+00 1.192357802722425200e+06 2.031641791391214813e+00
2.139381591999999728e+03 3.901693820715629535e+00 1.385519406835880363e+06 2.618868716060562374e+00
2.202304579999999987e+03 4.406147844338592634e+00 1.654211707765508676e+06 2.962530322341666356e+00
2.265227567999999792e+03 7.114221047208458160e+00 1.828274779864915414e+06 1.759656308534183644e+00
2.328150556000000051e+03 4.103236931488642547e+00 6.152538806942512747e+05 1.991716734830758506e+00
2.391073543999999856e+03 9.801948256129856318e+00 1.268987713881135453e+06 1.143859881961798219e+00
2.453996531999999661e+03 1.083507091048046433e+01 1.664955948310522130e+06 1.227351917919977220e+00
2.516919519999999920e+03 3.345760502559561744e+21 1.013416062637787842e+12 3.134087029704257232e-01
2.579842507999999725e+03 6.155568007185293844e+00 8.377295701004770817e+05 1.772180706946126838e+00
2.642765495999999985e+03 3.986930083801484503e+00 7.433923440004296135e+05 1.905585527044158400e+00
2.705688483999999789e+03 1.477264580687698903e+01 1.618143187257136684e+06 8.952296837990296741e-01
2.768611472000000049e+03 5.374905165215482228e+00 1.327601850117596099e+06 1.477762022979963508e+00
2.831534459999999854e+03 4.259508663585730659e+00 1.176020619521327782e+06 1.949045781567817048e+00
2.894457447999999658e+03 5.554578160911931128e+00 1.046842977984118741e+06 1.433646282646653392e+00
2.957380435999999918e+03 1.806019321188601268e+01 1.659148606880000560e+06 7.508717991418208948e-01
3.020303423999999723e+03 4.723574218117729373e+00 1.211904593287819764e+06 1.926905108076499396e+00
3.083226411999999982e+03 5.099216313519582933e+00 1.278533668496598490e+06 2.443494413941245558e+00
3.146149399999999787e+03 5.350046745016508787e+00 9.108566924124819925e+05 1.348433120777270622e+00
3.209072388000000046e+03 3.720856528615417158e+00 6.702931921798110707e+05 1.202585506694560769e+00
3.271995375999999851e+03 6.544870855709333135e+00 4.171192230977443047e+06 2.978429030506274167e+00
3.334918363999999656e+03 1.537980225832014014e+01 4.895848104144610465e+06 1.612665470895315423e+00
3.397841351999999915e+03 5.360277275044196266e+00 3.055536950008306652e+06 2.892196528521167931e+00
3.460764339999999720e+03 5.867752565719779767e+00 3.317531019097866956e+06 3.165930578179308785e+00
3.523687327999999980e+03 1.995199246704295604e+01 3.888807268211853225e+06 1.471368115945576704e+00
3.586610315999999784e+03 1.082879823900106331e+01 1.666011506865210831e+06 1.197430813932499172e+00
3.649533303999999589e+03 1.026590112815163458e+01 5.622701974090575241e+06 2.245745225867961992e+00
3.712456291999999848e+03 7.083673623180880341e+00 1.974519406610007631e+06 1.992825068613903738e+00
3.775379279999999653e+03 6.387720298605006342e+00 2.555833382136495318e+06 2.428439399410261323e+00
3.838302267999999913e+03 7.530249175206657597e+00 2.102453559740340803e+06 2.098938762618786313e+00
3.901225255999999717e+03 7.769003162874875912e+00 1.375471926680895966e+06 1.336249152308353061e+00
3.964148243999999977e+03 1.329146294852159826e+01 2.470861692094556056e+06 1.216824525151272374e+00
4.027071231999999782e+03 4.775468374266129246e+00 1.100613691293808399e+06 1.315758964708038325e+00
4.089994219999999586e+03 6.899028698262998915e+00 2.349707459926380310e+06 1.439748701842528344e+00
4.152917207999999846e+03 4.738557783669105739e+00 2.679110465753747150e+06 1.878235529294501660e+00
4.215840196000000105e+03 4.819008310794413497e+00 3.691552240308171604e+06 2.104607150432361351e+00
4.278763183999999455e+03 4.811288362003603325e+00 4.662825451011666097e+06 2.292331592091832349e+00
4.341686171999999715e+03 4.783984083790006281e+00 5.678071709392807446e+06 2.461872418038037580e+00
4.404609159999999974e+03 4.610281348436378934e+00 6.287705609995894134e+06 2.572350305995773301e+00
4.467532147999999324e+03 4.592257533221843602e+00 7.159630761543929577e+06 2.668868437450832687e+00
4.530455135999999584e+03 4.629559428330797921e+00 8.014088453237309121e+06 2.705271696226520195e+00
4.593378123999999843e+03 4.488400838369163814e+00 8.628389671535514295e+06 2.809187177956860904e+00
4.656301112000000103e+03 4.550244097403678190e+00 9.686988119064468890e+06 2.840911049111661146e+00
4.719224099999999453e+03 4.530103369349093967e+00 1.041909046087935753e+07 2.860739059712765098e+00
4.782147087999999712e+03 4.531334549885175811e+00 1.134882184582794830e+07 2.916812623444965169e+00
4.845070075999999972e+03 4.459942954979298158e+00 1.215348239738592133e+07 2.976996141921894878e+00
4.907993063999999322e+03 4.545336517686497046e+00 1.316191722602806985e+07 2.963193077229214545e+00
4.970916051999999581e+03 4.542417328729223769e+00 1.415260392875242233e+07 2.989409858080078308e+00
5.033839039999999841e+03 4.496824888920349039e+00 1.478358127335319854e+07 3.015103515016983593e+00
5.096762028000000100e+03 4.515334635548893694e+00 1.579673573159863614e+07 3.063047566060390636e+00
5.159685015999999450e+03 4.468295397695905002e+00 1.641489550074281171e+07 3.099688316014737044e+00
5.222608003999999710e+03 4.469961390340800200e+00 1.742480466755741462e+07 3.118576087527689111e+00
5.285530991999999969e+03 4.474226826645488764e+00 1.846022225868124515e+07 3.139403863132657513e+00
5.348453979999999319e+03 4.498638238343731999e+00 1.935442362743911892e+07 3.138238388849623028e+00
5.411376967999999579e+03 4.546781728864583982e+00 2.054983404298802093e+07 3.140417583450466399e+00
5.474299955999999838e+03 4.515234565265638267e+00 2.101104916632838547e+07 3.162992275910941231e+00
5.537222944000000098e+03 4.514111488496014069e+00 2.185205953825957701e+07 3.191232227118494080e+00
5.600145931999999448e+03 4.552463402547400229e+00 2.304850493593301624e+07 3.179541997819423482e+00
5.663068919999999707e+03 4.520432186911340189e+00 2.381587539386163652e+07 3.205700764736314046e+00
5.725991907999999967e+03 4.503692373746170929e+00 2.427348551769455895e+07 3.225754886011621636e+00
5.788914895999999317e+03 4.514210094168074505e+00 2.496835575747600198e+07 3.235076170486820502e+00
5.851837883999999576e+03 4.539376443220192847e+00 2.594051171570800245e+07 3.243363747079500481e+00
5.914760871999999836e+03 4.517161731071110964e+00 2.655610544172843173e+07 3.265357170159885136e+00
5.977683860000000095e+03 4.485135192457994080e+00 2.722052384867735580e+07 3.295176604588788916e+00
6.040606847999999445e+03 4.478972585350467384e+00 2.775977643443380296e+07 3.306867452809331365e+00
6.103529835999999705e+03 4.511456740633559725e+00 2.841126681284727156e+07 3.299215658102953252e+00
6.166452823999999964e+03 4.489128753674754613e+00 2.865594109374314919e+07 3.322978130492556303e+00
6.229375811999999314e+03 4.502805550610859520e+00 2.946432353262659535e+07 3.339035926239497520e+00
6.292298799999999574e+03 4.466573698904995560e+00 2.965504429473726451e+07 3.355975098448507055e+00
6.355221787999999833e+03 4.490672309114213334e+00 3.023293235810633749e+07 3.349228799963194447e+00
6.418144776000000093e+03 4.436618516481886765e+00 3.072010564647487178e+07 3.394265798929460676e+00
6.481067763999999443e+03 4.467796089613599975e+00 3.111171458661859855e+07 3.383168982845093264e+00
6.543990751999999702e+03 4.449863837999847860e+00 3.141932319148307666e+07 3.401528976847886021e+00
6.606913739999999962e+03 4.453640226079958353e+00 3.213080568013480678e+07 3.416788052019235078e+00
6.669836727999999312e+03 4.483960161263520483e+00 3.236686109679340944e+07 3.398485211854822108e+00
6.732759715999999571e+03 4.459328918234166217e+00 3.238121494910967723e+07 3.420382228511158917e+00
6.795682703999999831e+03 4.430764148830518501e+00 3.265275116206268966e+07 3.442056929122793374e+00
6.858605691999999181e+03 4.461853395303594816e+00 3.336641278915479407e+07 3.431601932823105994e+00
6.921528679999999440e+03 4.434705920366464937e+00 3.321491059893835708e+07 3.463592911531468754e+00
6.984451667999999700e+03 4.486819509398961792e+00 3.389618133849478513e+07 3.430609325696628353e+00
7.047374655999999959e+03 4.448410701016795699e+00 3.410463456822890043e+07 3.461122076563408534e+00
7.110297643999999309e+03 4.454577903777334313e+00 3.414636459495923668e+07 3.467456215120198859e+00
7.173220631999999569e+03 4.470595459616758305e+00 3.449386526737614721e+07 3.461936274955081050e+00
7.236143619999999828e+03 4.454436309934005855e+00 3.489365510929497331e+07 3.479696781101639047e+00
7.299066607999999178e+03 4.452095704492210260e+00 3.507797296288434416e+07 3.486338549902847195e+00
7.361989595999999437e+03 4.445632084489945512e+00 3.497553164762339741e+07 3.490302954206452313e+00
7.424912583999999697e+03 4.488121195580008660e+00 3.552852514150480926e+07 3.472276725963518551e+00
7.487835571999999956e+03 4.444208371065849761e+00 3.534630103466449678e+07 3.503994703273797917e+00
7.550758559999999306e+03 4.449904955202010015e+00 3.568463728101859987e+07 3.504980891425013123e+00
7.613681547999999566e+03 4.430578691218207688e+00 3.584473598934448510e+07 3.520815853875631340e+00
7.676604535999999825e+03 4.456944725169692312e+00 3.619815706158662587e+07 3.508582628596099262e+00
7.739527523999999175e+03 4.493165339259189928e+00 3.652540503079746664e+07 3.487350187018281922e+00
7.802450511999999435e+03 4.445240017836480817e+00 3.622320976884020865e+07 3.525987414664496278e+00
7.865373499999999694e+03 4.434289090801629918e+00 3.651392251044026762e+07 3.540962641671765887e+00
7.928296487999999954e+03 4.456806631537686414e+00 3.651601858813208342e+07 3.530104517247588447e+00
7.991219475999999304e+03 4.448377181853281570e+00 3.664761366457714885e+07 3.530967104105859455e+00
8.054142463999999563e+03 4.427775570947572348e+00 3.674204508580814302e+07 3.545976484607947121e+00
8.117065451999999823e+03 4.441371630601267384e+00 3.674133147967227548e+07 3.543485775132169557e+00
8.179988439999999173e+03 4.439023926086620442e+00 3.706871646660563350e+07 3.546621428566354428e+00
8.242911427999999432e+03 4.458318372767959836e+00 3.701146126418294013e+07 3.532316376580116657e+00
8.305834415999999692e+03 4.437106830336673191e+00 3.684338562574519217e+07 3.553250096880190334e+00
8.368757403999999951e+03 4.427449693603340286e+00 3.681853410661292821e+07 3.558974459800468448e+00
8.431680392000000211e+03 4.431697867716473560e+00 3.717827919496183097e+07 3.546662428087980601e+00
8.494603379999998651e+03 4.432860499774226248e+00 3.733446989941649139e+07 3.564242734357132125e+00
8.557526367999998911e+03 4.447737522923366882e+00 3.733556096713722497e+07 3.552850616029565423e+00
8.620449355999999170e+03 4.419945385733242915e+00 3.722539185163365304e+07 3.578662976120800199e+00
8.683372343999999430e+03 4.449532668522807377e+00 3.781771311690114439e+07 3.564156635904907944e+00
8.746295331999999689e+03 4.470726479782385354e+00 3.784791194499997050e+07 3.552809429311993838e+00
8.809218319999999949e+03 4.434625171260451637e+00 3.770462054229735583e+07 3.574720214469980117e+00
8.872141308000000208e+03 4.439091624856438933e+00 3.791007065637544543e+07 3.568113931224629276e+00
8.935064295999998649e+03 4.450196981269200158e+00 3.801009745497429371e+07 3.565022202731161993e+00
8.997987283999998908e+03 4.445283784462458421e+00 3.791874379167255759e+07 3.573115897789115536e+00
9.060910271999999168e+03 4.450716802438686059e+00 3.791299129973617196e+07 3.571110843886873276e+00
9.123833259999999427e+03 4.457593730310243529e+00 3.813421778282172978e+07 3.569020383071675351e+00
9.186756247999999687e+03 4.456957888141499957e+00 3.837160932774949074e+07 3.571772689350773522e+00
9.249679235999999946e+03 4.445780280437883647e+00 3.828115630045719445e+07 3.569766932507361101e+00
9.312602224000000206e+03 4.451375189374222607e+00 3.833417620344542712e+07 3.571329685081438665e+00
9.375525211999998646e+03 4.452128410654414559e+00 3.824675260380069166e+07 3.583742685641097214e+00
9.438448199999998906e+03 4.444346099548418749e+00 3.814252844408591837e+07 3.581679101841755752e+00
9.501371187999999165e+03 4.477099075961660013e+00 3.864101665049973130e+07 3.553011719327680229e+00
9.564294175999999425e+03 4.452321616860301035e+00 3.842123301312450320e+07 3.586338970983980357e+00
9.627217163999999684e+03 4.425584509993151450e+00 3.853692794259553403e+07 3.597073298122204221e+00
9.690140151999999944e+03 4.455239968671102169e+00 3.853533063397616893e+07 3.579720805627921276e+00
9.753063140000000203e+03 4.441429329843439966e+00 3.848805968694046140e+07 3.584700256450184419e+00
9.815986127999998644e+03 4.445814577473711005e+00 3.874754818020981550e+07 3.582627314137901919e+00
9.878909115999998903e+03 4.461339268714399786e+00 3.856393149176695198e+07 3.578858880226452044e+00
9.941832103999999163e+03 4.459440051113365833e+00 3.867217288334278762e+07 3.588154137102762764e+00
1.000475509199999942e+04 4.426295675745519631e+00 3.839067831885302067e+07 3.599804910683914727e+00
1.006767807999999968e+04 4.453344374127111038e+00 3.881182414102606475e+07 3.579593355772907604e+00
1.013060106799999994e+04 4.439874458044957173e+00 3.849498532454138249e+07 3.598537546683602262e+00
1.019352405600000020e+04 4.455172484393471244e+00 3.870192777291979641e+07 3.586310322350045876e+00
1.025644704399999864e+04 4.432559208757144376e+00 3.884139787204035372e+07 3.599852383458341354e+00
1.031937003199999890e+04 4.427071520877564836e+00 3.839711823830144852e+07 3.604110388783839269e+00
1.038229301999999916e+04 4.447882131981377718e+00 3.870170843256445229e+07 3.600840835646879068e+00
1.044521600799999942e+04 4.443166037035697791e+00 3.865893139596702904e+07 3.601950920959891889e+00
1.050813899599999968e+04 4.436613537489987991e+00 3.890662308203327656e+07 3.602392603841586549e+00
1.057106198399999994e+04 4.464849000665771506e+00 3.886853837661362439e+07 3.583965911483786737e+00
1.063398497200000020e+04 4.438997758897333057e+00 3.866658270853804052e+07 3.604795619309513199e+00
1.069690795999999864e+04 4.466097954909042045e+00 3.898758079277269542e+07 3.585714363807607441e+00
1.075983094799999890e+04 4.450133906485976176e+00 3.906986316784371436e+07 3.596950287826075954e+00
1.082275393599999916e+04 4.446196661565649855e+00 3.914298307502071559e+07 3.594943874385573501e+00
1.088567692399999942e+04 4.446016081907204764e+00 3.922502172801434994e+07 3.594869495760912859e+00
1.094859991199999968e+04 4.435902668497915258e+00 3.894591290854789317e+07 3.610730717558714886e+00
1.101152289999999994e+04 4.448164849229363504e+00 3.888103804229193926e+07 3.596833108021959546e+00
1.107444588800000020e+04 4.437519653249570872e+00 3.905992883576450497e+07 3.602353838703810318e+00
1.113736887599999864e+04 4.452114959877601308e+00 3.924117570334143937e+07 3.596087245261291088e+00
1.120029186399999890e+04 4.433443605214313799e+00 3.921141774071972817e+07 3.602298833887681795e+00
1.126321485199999915e+04 4.434722959071248027e+00 3.909326744733589888e+07 3.606189468699962930e+00
1.132613783999999941e+04 4.420932952358887391e+00 3.904036010312767327e+07 3.612684585353761690e+00
1.138906082799999967e+04 4.411338486947322224e+00 3.899018587515231967e+07 3.615329182589973822e+00
1.145198381599999993e+04 4.454229204017182475e+00 3.925891523897430301e+07 3.588117685538015689e+00
1.151490680400000019e+04 4.451906461949369564e+00 3.910593282022235543e+07 3.594844089146857158e+00
1.157782979199999863e+04 4.439210288093137002e+00 3.925563862709221244e+07 3.602783811960617033e+00
1.164075277999999889e+04 4.446377047904213065e+00 3.934383931569031626e+07 3.601277351356183321e+00
1.170367576799999915e+04 4.427651868538369229e+00 3.898615548013219982e+07 3.607399712091417410e+00
1.176659875599999941e+04 4.439143960502260455e+00 3.894282287179464102e+07 3.604584145169293041e+00
1.182952174399999967e+04 4.424362554933807701e+00 3.895333108142447472e+07 3.614940438175969106e+00
1.189244473199999993e+04 4.421814807722657115e+00 3.910514565789455175e+07 3.611173473313760596e+00
1.195536772000000019e+04 4.440801188325665727e+00 3.908317832356694341e+07 3.606569065259453755e+00
1.201829070799999863e+04 4.412428662523465661e+00 3.873055369653195888e+07 3.612175798561552575e+00
1.208121369599999889e+04 4.416756985899249699e+00 3.914052595582614839e+07 3.618116708009590621e+00
1.214413668399999915e+04 4.431489941602565708e+00 3.932339163506771624e+07 3.605247783829245822e+00
1.220705967199999941e+04 4.438382361988174374e+00 3.937946726550149173e+07 3.603828363826646619e+00
1.226998265999999967e+04 4.439043063603030248e+00 3.928379274329525232e+07 3.612499865521447973e+00
1.233290564799999993e+04 4.436334246347476196e+00 3.924112167252531648e+07 3.601339044695144764e+00
1.239582863600000019e+04 4.437957228098460050e+00 3.930036855890095979e+07 3.599677652989528909e+00
1.245875162399999863e+04 4.414997867472411741e+00 3.917450082186128199e+07 3.621314289429093058e+00
1.252167461199999889e+04 4.429596044471145966e+00 3.930385218618304282e+07 3.609251459265881756e+00
1.258459759999999915e+04 4.419889298341804995e+00 3.901206392849193513e+07 3.608359231903126574e+00
1.264752058799999941e+04 4.460408678735442223e+00 3.954769159683571756e+07 3.591982811549908394e+00
1.271044357599999967e+04 4.440811091844906855e+00 3.944571003716789931e+07 3.600233383000594589e+00
1.277336656399999993e+04 4.445200245135555228e+00 3.923524843146431446e+07 3.598114725852805673e+00
1.283628955200000019e+04 4.420321251279183628e+00 3.925066664132027328e+07 3.608808993393167075e+00
1.289921253999999863e+04 4.452062444320883827e+00 3.928672260835640132e+07 3.596202992789393704e+00
1.296213552799999889e+04 4.427903127064564792e+00 3.934498001471471786e+07 3.608664927772899045e+00
1.302505851599999914e+04 4.413939428229062933e+00 3.907725268191610277e+07 3.615152268851374640e+00
1.308798150399999940e+04 4.427378708066679103e+00 3.909512980885670334e+07 3.607790678761111813e+00
1.315090449199999966e+04 4.417956389727936362e+00 3.915183564162940532e+07 3.603518940891459632e+00
1.321382747999999992e+04 4.406201181838587999e+00 3.911687815915115923e+07 3.619341385858553028e+00
1.327675046800000018e+04 4.415435009983236903e+00 3.909670304562556744e+07 3.609771364834456708e+00
1.333967345599999862e+04 4.423028741347396320e+00 3.895524770275754482e+07 3.609660909006469964e+00
1.340259644399999888e+04 4.411685817684450228e+00 3.884274359638584405e+07 3.622042675010243684e+00
1.346551943199999914e+04 4.419486384878988261e+00 3.934007405507673323e+07 3.614021172696192608e+00
1.352844241999999940e+04 4.406734566851952195e+00 3.895422651563568413e+07 3.616058959826374597e+00
1.359136540799999966e+04 4.425534169608048352e+00 3.891234004650954157e+07 3.604637079013901957e+00
1.365428839599999992e+04 4.409808557356307723e+00 3.901318461127369106e+07 3.622961411408505139e+00
1.371721138399999836e+04 4.422844384944780494e+00 3.940321422870694846e+07 3.607812046914733894e+00
1.378013437199999862e+04 4.438847746609572376e+00 3.937517726001152396e+07 3.589667518331413287e+00
1.384305735999999888e+04 4.427366198252496332e+00 3.922151309622698277e+07 3.602921980768507115e+00
1.390598034799999914e+04 4.433237547350517005e+00 3.932798561531043053e+07 3.610781056414112289e+00
1.396890333599999940e+04 4.412509818064934919e+00 3.903455553076405823e+07 3.615922041960427435e+00
1.403182632399999966e+04 4.415625040078010599e+00 3.931128067696755379e+07 3.610027763763162145e+00
1.409474931199999992e+04 4.406968181972365173e+00 3.933584751341685653e+07 3.614532686301659137e+00
1.415767229999999836e+04 4.433207127303252726e+00 3.944806183708652854e+07 3.598938561191936447e+00
1.422059528799999862e+04 4.440869972590999915e+00 3.931835920082481951e+07 3.593878047046763502e+00
1.428351827599999888e+04 4.447160533207483724e+00 3.944618607021290064e+07 3.594716675168333264e+00
1.434644126399999914e+04 4.423322686610513976e+00 3.925832078858873993e+07 3.606627517160941210e+00
1.440936425199999940e+04 4.444071861523104516e+00 3.947991655016001314e+07 3.587348143334178285e+00
1.447228723999999966e+04 4.393713451807711223e+00 3.913111209661141038e+07 3.618981892305222381e+00
1.453521022799999992e+04 4.401065174912456079e+00 3.889224142759828269e+07 3.617865774487582176e+00
1.459813321599999836e+04 4.424077077302161598e+00 3.925684676198398322e+07 3.591418034580664553e+00
1.466105620399999862e+04 4.398587255916732275e+00 3.875485232879117131e+07 3.609079443713189672e+00
1.472397919199999887e+04 4.419302959751700399e+00 3.906382527005015314e+07 3.601484892892578227e+00
1.478690217999999913e+04 4.409843630113167379e+00 3.913403467191562802e+07 3.602838872116918445e+00
1.484982516799999939e+04 4.387811647226719458e+00 3.896179771005862951e+07 3.628404090375446422e+00
1.491274815599999965e+04 4.390542776025736060e+00 3.859302672899313271e+07 3.613961472459445101e+00
1.497567114399999991e+04 4.392138914187933452e+00 3.857153361327470094e+07 3.618529085079879248e+00
1.503859413199999835e+04 4.382282735887183200e+00 3.859785043623485416e+07 3.633294998582686119e+00
1.510151711999999861e+04 4.396417068178276821e+00 3.886485442759542167e+07 3.606295801991419747e+00
1.516444010799999887e+04 4.404059279660254234e+00 3.869671029525481910e+07 3.608632919410091233e+00
1.522736309599999913e+04 4.398568846460530146e+00 3.857696479529491812e+07 3.609427516094274146e+00
1.529028608399999939e+04 4.384843899369058384e+00 3.881042627865947783e+07 3.618924721671074707e+00
1.535320907199999965e+04 4.396921961734949313e+00 3.871161888129691780e+07 3.600675707762905908e+00
1.541613205999999991e+04 4.380435534470657366e+00 3.867253751624688506e+07 3.623232987215165846e+00
1.547905504799999835e+04 4.369939223020519847e+00 3.840776870063763857e+07 3.630605707712301289e+00
1.554197803599999861e+04 4.416587585400215232e+00 3.876485761813751608e+07 3.593524083532699365e+00
1.560490102399999887e+04 4.374573548036816639e+00 3.861630049290894717e+07 3.619720042177151154e+00
1.566782401199999913e+04 4.352004490165307438e+00 3.852598652979052067e+07 3.631232989366032449e+00
1.573074699999999939e+04 4.393591707107356470e+00 3.867586072210634500e+07 3.603351245347882426e+00
1.579366998799999965e+04 4.357583816855781222e+00 3.829531544002407044e+07 3.628814367074795211e+00
1.585659297599999991e+04 4.388082438336279090e+00 3.845066617546888441e+07 3.611944779066616373e+00
1.591951596399999835e+04 4.369108166962391238e+00 3.847861410700770468e+07 3.624559659356637376e+00
1.598243895199999861e+04 4.386613386315096896e+00 3.853084621558699012e+07 3.608273402683406683e+00
1.604536193999999887e+04 4.365160922430692203e+00 3.861824241622765362e+07 3.615719921763801192e+00
1.610828492799999913e+04 4.359089233333362401e+00 3.813484157062180340e+07 3.622862331679219228e+00
1.617120791599999939e+04 4.364424596973980996e+00 3.835131989974080026e+07 3.612347762933552975e+00
1.623413090399999965e+04 4.339275848113799405e+00 3.821693218498624116e+07 3.629468369282925710e+00
1.629705389199999991e+04 4.395942826990094865e+00 3.833690855446651578e+07 3.590127125532255992e+00
1.635997687999999835e+04 4.347659265114025118e+00 3.796867580653984845e+07 3.619639005009025468e+00
1.642289986800000042e+04 4.353395162611645830e+00 3.825252130192911625e+07 3.615811829466057503e+00
1.648582285599999886e+04 4.361256294868183225e+00 3.831140107483145595e+07 3.617567355369169846e+00
1.654874584399999731e+04 4.378382683252337593e+00 3.828477023392778635e+07 3.608299972099826114e+00
1.661166883199999938e+04 4.356832560263783627e+00 3.791073752853946388e+07 3.620274674515964630e+00
1.667459181999999782e+04 4.346509358719780280e+00 3.792858759435716271e+07 3.625156747229265619e+00
1.673751480799999990e+04 4.341754109637362191e+00 3.787070026006949693e+07 3.622774714159136877e+00
1.680043779599999834e+04 4.366493595235290570e+00 3.773314944069516659e+07 3.610067936488685625e+00
1.686336078400000042e+04 4.346382808665116393e+00 3.781789276876514405e+07 3.624218559743071832e+00
1.692628377199999886e+04 4.359932588458289793e+00 3.817024355732747912e+07 3.606959077598707708e+00
1.698920675999999730e+04 4.350527864856202243e+00 3.806231669577993453e+07 3.618256480499507877e+00
1.705212974799999938e+04 4.338947815054903678e+00 3.767429719566301256e+07 3.627141950557097427e+00
1.711505273599999782e+04 4.335314611695165965e+00 3.771624152360296249e+07 3.627167301550800804e+00
1.717797572399999990e+04 4.336928317585015513e+00 3.781673445318879932e+07 3.629349385736441391e+00
1.724089871199999834e+04 4.334112553673586277e+00 3.785066641044566780e+07 3.622734805257442403e+00
1.730382170000000042e+04 4.340369604093354816e+00 3.776995236905315518e+07 3.610520805045626336e+00
1.736674468799999886e+04 4.327205673449396883e+00 3.748982566778688133e+07 3.619409627869530244e+00
1.742966767599999730e+04 4.309015687970968678e+00 3.737594676784089953e+07 3.636428946800959405e+00
1.749259066399999938e+04 4.334761497950594844e+00 3.777790767380739748e+07 3.622455199971442052e+00
1.755551365199999782e+04 4.324473381202565747e+00 3.750216282289724797e+07 3.618921142790004097e+00
1.761843663999999990e+04 4.328363390283185730e+00 3.740754194750999659e+07 3.612787876911559337e+00
1.768135962799999834e+04 4.322622422610407078e+00 3.753880047316090763e+07 3.626038635013182798e+00
1.774428261600000042e+04 4.298616447264173246e+00 3.706251336261825264e+07 3.638344070618959591e+00
1.780720560399999886e+04 4.342000071325262667e+00 3.784675938342051953e+07 3.596985151869345199e+00
1.787012859199999730e+04 4.320914257966465222e+00 3.734569738709463179e+07 3.612417778836602089e+00
1.793305157999999938e+04 4.328776774474891731e+00 3.715566545840682089e+07 3.607634874957175608e+00
1.799597456799999782e+04 4.274898562469630292e+00 3.683863411583651602e+07 3.641990334388513162e+00
1.805889755599999989e+04 4.290718621162483259e+00 3.708179070583477616e+07 3.631312789315361389e+00
1.812182054399999834e+04 4.330311842520070620e+00 3.738913700973017514e+07 3.599431261018465111e+00
1.818474353200000041e+04 4.265939193040001243e+00 3.647674723412282020e+07 3.650247747448107649e+00
1.824766651999999885e+04 4.299847977402172283e+00 3.707067148411402106e+07 3.624309343943815431e+00
1.831058950799999729e+04 4.317544037860600703e+00 3.711421575351406634e+07 3.603786573928078774e+00
1.837351249599999937e+04 4.282072860670811387e+00 3.658480246782552451e+07 3.639982983685861040e+00
1.843643548399999781e+04 4.293425625628976228e+00 3.678062113622994721e+07 3.625761854848355004e+00
1.849935847199999989e+04 4.253680923312785467e+00 3.666986874947911501e+07 3.654086238605525505e+00
1.856228145999999833e+04 4.266943652919864327e+00 3.672062646580820531e+07 3.644668857899066250e+00
1.862520444800000041e+04 4.281525011042806028e+00 3.666834204944471270e+07 3.629424798744976588e+00
1.868812743599999885e+04 4.292511146095693952e+00 3.667442225092484057e+07 3.625764058818516489e+00
1.875105042399999729e+04 4.285498882751832994e+00 3.664143356195057184e+07 3.623905421024106843e+00
1.881397341199999937e+04 4.258802038258938438e+00 3.631436041525181383e+07 3.637734905674409269e+00
1.887689639999999781e+04 4.277071698601075944e+00 3.652811167176894099e+07 3.629920632310374984e+00
1.893981938799999989e+04 4.256701753685186773e+00 3.630770848283154517e+07 3.639688452013330799e+00
1.900274237599999833e+04 4.251366005239864521e+00 3.612866898428814858e+07 3.648959985858867494e+00
1.906566536400000041e+04 4.270378126377474715e+00 3.634864153120732307e+07 3.625835378247584728e+00
1.912858835199999885e+04 4.274041745751016919e+00 3.624677858148887753e+07 3.620660990414291458e+00
1.919151133999999729e+04 4.248777071696967056e+00 3.651244143697359413e+07 3.639089998185128128e+00
1.925443432799999937e+04 4.266986565658329233e+00 3.609265662239214778e+07 3.622858564313816476e+00
1.931735731599999781e+04 4.252558158616084327e+00 3.620411296101826429e+07 3.628464857917135689e+00
1.938028030399999989e+04 4.221132246469036176e+00 3.586186473019334674e+07 3.652107264200755488e+00
1.944320329199999833e+04 4.221889012513723394e+00 3.562082488187710941e+07 3.651813897998866576e+00
1.950612628000000041e+04 4.244364825114596229e+00 3.622724721411301941e+07 3.636347299843093683e+00
1.956904926799999885e+04 4.190542947848680200e+00 3.561786636701402068e+07 3.672562736616732160e+00
1.963197225599999729e+04 4.259851579448779013e+00 3.598514861227697134e+07 3.615891232230470820e+00
1.969489524399999937e+04 4.239412017254755582e+00 3.577037190607023239e+07 3.644018867606939160e+00
1.975781823199999781e+04 4.241563680519852220e+00 3.555307098425664008e+07 3.640400739405548869e+00
1.982074121999999988e+04 4.213320079809474095e+00 3.569018824739729613e+07 3.649201877738873279e+00
1.988366420799999833e+04 4.209706265112775014e+00 3.550100183415716141e+07 3.653506794500499755e+00
1.994658719600000040e+04 4.204016167649566427e+00 3.519485372338531166e+07 3.661165842107246160e+00
2.000951018399999884e+04 4.201080097691335169e+00 3.527286539911580831e+07 3.655683630062954936e+00
2.007243317199999728e+04 4.187363711542730904e+00 3.531913099327453226e+07 3.661468220487714920e+00
2.013535615999999936e+04 4.195024529515738010e+00 3.530072860982140154e+07 3.664564087996528663e+00
2.019827914799999780e+04 4.207414025523188883e+00 3.510604295721492916e+07 3.654120567264466768e+00
2.026120213599999988e+04 4.211379485550622803e+00 3.527330123882126063e+07 3.652966291141121147e+00
2.032412512399999832e+04 4.231231555749697115e+00 3.550858665667080134e+07 3.628466995019988595e+00
2.038704811200000040e+04 4.197097691881448434e+00 3.532061235976972431e+07 3.644416968545182822e+00
2.044997109999999884e+04 4.172311087068125701e+00 3.492169058316639811e+07 3.667331926990584190e+00
2.051289408799999728e+04 4.229673427773051664e+00 3.532429769678996503e+07 3.629926364832434249e+00
2.057581707599999936e+04 4.209357683004134820e+00 3.511845791960959882e+07 3.636998910161862497e+00
2.063874006399999780e+04 4.207814065796315006e+00 3.529637710898090899e+07 3.641182672904814233e+00
2.070166305199999988e+04 4.187307241098317867e+00 3.483871566901597381e+07 3.651230078585088634e+00
2.076458603999999832e+04 4.170568629910023084e+00 3.497158962279906869e+07 3.661627882231114128e+00
2.082750902800000040e+04 4.207852206167307152e+00 3.491678263807488978e+07 3.631918438216173772e+00
2.089043201599999884e+04 4.149162379734929296e+00 3.473770328471322358e+07 3.671808879684469673e+00
2.095335500399999728e+04 4.190638249324594611e+00 3.489226900343614817e+07 3.653778156574555069e+00
2.101627799199999936e+04 4.160050019533105825e+00 3.454525413555728644e+07 3.669165110836523080e+00
2.107920097999999780e+04 4.196267827862345534e+00 3.502038423864355683e+07 3.631952614651630107e+00
2.114212396799999988e+04 4.179218338652556319e+00 3.484045543148161471e+07 3.638342900317175221e+00
2.120504695599999832e+04 4.191405118110012928e+00 3.461211953710545599e+07 3.637354759941711979e+00
2.126796994400000040e+04 4.190550373268697726e+00 3.462908222235506028e+07 3.638673318738096629e+00
2.133089293199999884e+04 4.149532177361471952e+00 3.416943147768410295e+07 3.670559329487577571e+00
2.139381591999999728e+04 4.162049556463790267e+00 3.456653882757113874e+07 3.650205349688278478e+00
2.145673890799999936e+04 4.146706812203469816e+00 3.415769305805003643e+07 3.664886145555474428e+00
2.151966189599999780e+04 4.206502215061566297e+00 3.451510601914567500e+07 3.619880485022048067e+00
2.158258488399999987e+04 4.145226039017053665e+00 3.427954917253737152e+07 3.669255493893006204e+00
2.164550787199999832e+04 4.148112182800098857e+00 3.434702264678404480e+07 3.656230152424429836e+00
2.170843086000000039e+04 4.153207221823807416e+00 3.421553803184597939e+07 3.649474084048486500e+00
2.177135384799999883e+04 4.155219650866124326e+00 3.396406904107155651e+07 3.651200591012836227e+00
2.183427683599999727e+04 4.138658026362232789e+00 3.388105818534961343e+07 3.660841725168105132e+00
2.189719982399999935e+04 4.119941674107639784e+00 3.397134407211887091e+07 3.676355519829345386e+00
2.196012281199999779e+04 4.134664245528107962e+00 3.421514512254989892e+07 3.665795118166539357e+00
2.202304579999999987e+04 4.154654170914599653e+00 3.416398879122775048e+07 3.649151854519829374e+00
2.208596878799999831e+04 4.121544253694910509e+00 3.366500896989493072e+07 3.671246498803642844e+00
2.214889177600000039e+04 4.143523195652501379e+00 3.385270628573768586e+07 3.654909265154318465e+00
2.221181476399999883e+04 4.138091257287475067e+00 3.392837950836770982e+07 3.659049807901221918e+00
2.227473775199999727e+04 4.128342487382726134e+00 3.378549591183995456e+07 3.660274382634224111e+00
2.233766073999999935e+04 4.119179994545538293e+00 3.380214816575977206e+07 3.667871493083457057e+00
2.240058372799999779e+04 4.122923557805947326e+00 3.345614802715810388e+07 3.651382030308707893e+00
2.246350671599999987e+04 4.117011590614881200e+00 3.374020015962825716e+07 3.663009678225757959e+00
2.252642970399999831e+04 4.111530845708841753e+00 3.349400847142368928e+07 3.677587463710521476e+00
2.258935269200000039e+04 4.079970751687473474e+00 3.350952470251514018e+07 3.692500724512059573e+00
2.265227567999999883e+04 4.092831183612485546e+00 3.343306842133357376e+07 3.668573869554934586e+00
2.271519866799999727e+04 4.090394824685706254e+00 3.322325034133048728e+07 3.682171476457022141e+00
2.277812165599999935e+04 4.114988937427057181e+00 3.346125758738794923e+07 3.661296701306090196e+00
2.284104464399999779e+04 4.087380900813802675e+00 3.321430809982716292e+07 3.677292497029319929e+00
2.290396763199999987e+04 4.095410734333856162e+00 3.324731134901469946e+07 3.661817805200796805e+00
2.296689061999999831e+04 4.117383769257818571e+00 3.319813411285200343e+07 3.660704149231991611e+00
2.302981360800000039e+04 4.100484513795460195e+00 3.346611374645063654e+07 3.664262452991041030e+00
2.309273659599999883e+04 4.106062182498289914e+00 3.326448351107285172e+07 3.661430990455939671e+00
2.315565958399999727e+04 4.111567300798290248e+00 3.308964756646273285e+07 3.658770496454726295e+00
2.321858257199999935e+04 4.123467262503585751e+00 3.335460731492898241e+07 3.650271285832849433e+00
2.328150555999999779e+04 4.102010320145320854e+00 3.327495764528222010e+07 3.661846386456332425e+00
2.334442854799999986e+04 4.078841924052692747e+00 3.319530574321799725e+07 3.682791148225386557e+00
2.340735153599999830e+04 4.105571742965614668e+00 3.312502934844743460e+07 3.655875462451613434e+00
2.347027452400000038e+04 4.097532375861288934e+00 3.299307836222220957e+07 3.671791728231565966e+00
2.353319751199999882e+04 4.101843906903603454e+00 3.302582219217470661e+07 3.662124131478593725e+00
2.359612049999999726e+04 4.060613124597594492e+00 3.275836078257336095e+07 3.684855692971571894e+00
2.365904348799999934e+04 4.101779042333504322e+00 3.323568838136709109e+07 3.650753237565298459e+00
2.372196647599999778e+04 4.095524626668099799e+00 3.316455814897631109e+07 3.656538090547120312e+00
2.378488946399999986e+04 4.065534500520184835e+00 3.287554105148202181e+07 3.683969421886286622e+00
2.384781245199999830e+04 4.075656676395222000e+00 3.281524191639801860e+07 3.672057210837697649e+00
2.391073544000000038e+04 4.090125958587734978e+00 3.276856061215495318e+07 3.657067577141432491e+00
2.397365842799999882e+04 4.087058849671255878e+00 3.287408878175254539e+07 3.658436837929723406e+00
2.403658141599999726e+04 4.082556057814871409e+00 3.294869432853025571e+07 3.650454478442086259e+00
2.409950440399999934e+04 4.080366331042039718e+00 3.260021833524646610e+07 3.659245594841677995e+00
2.416242739199999778e+04 4.062863153199408828e+00 3.282126950084933639e+07 3.669179276426253633e+00
2.422535037999999986e+04 4.080794852710898368e+00 3.250074476346441731e+07 3.658902592446524160e+00
2.428827336799999830e+04 4.051192473990766985e+00 3.227326895727097243e+07 3.678682134872232279e+00
2.435119635600000038e+04 4.060530852662293633e+00 3.248266483078093082e+07 3.658404816162922124e+00
2.441411934399999882e+04 4.062464086885700709e+00 3.240729114569236711e+07 3.672364126671941342e+00
2.447704233199999726e+04 4.066813863636265403e+00 3.225404890967431292e+07 3.664479960711786166e+00
2.453996531999999934e+04 4.070652646008792175e+00 3.237329485672648251e+07 3.650541097691252013e+00
2.460288830799999778e+04 4.043053776772414842e+00 3.216955962160935253e+07 3.680012875431621477e+00
2.466581129599999986e+04 4.031867762702126434e+00 3.203227855721693859e+07 3.684468899336229786e+00
2.472873428399999830e+04 4.045857632499058276e+00 3.179947592810199410e+07 3.677038514773713462e+00
2.479165727200000038e+04 4.035775764515488362e+00 3.208713143840312213e+07 3.681940725415655535e+00
2.485458025999999882e+04 4.049361715339353296e+00 3.226469611870531365e+07 3.664230271386089921e+00
2.491750324799999726e+04 4.058423625033953819e+00 3.207427287340038270e+07 3.662484095941146212e+00
2.498042623599999934e+04 4.063220146589055837e+00 3.209299441213437542e+07 3.668644378416857421e+00
2.504334922399999778e+04 4.031296983715099813e+00 3.191442103310972825e+07 3.683775120877355924e+00
2.510627221199999985e+04 4.026744326881553704e+00 3.194433897257943824e+07 3.688018360410590724e+00
2.516919519999999829e+04 4.028880434849148706e+00 3.178105178496545181e+07 3.688312542503238145e+00
2.523211818800000037e+04 4.042109053496099946e+00 3.170071516704112291e+07 3.686777869824779508e+00
2.529504117599999881e+04 4.046772146338766696e+00 3.175065515638411418e+07 3.669482911352131893e+00
2.535796416399999725e+04 4.016811104408927413e+00 3.156893051863992587e+07 3.697842064933196227e+00
2.542088715199999933e+04 4.032809367748097173e+00 3.194572352718357369e+07 3.677885917928292780e+00
2.548381013999999777e+04 3.997236010311870036e+00 3.175498040008855611e+07 3.692295883122362454e+00
2.554673312799999985e+04 4.023501459330498520e+00 3.188824570191265643e+07 3.680911347429282277e+00
2.560965611599999829e+04 4.040191462595458916e+00 3.183081834483266249e+07 3.665335016171870297e+00
2.567257910400000037e+04 4.031343829355169994e+00 3.172050102987879515e+07 3.679982529238953415e+00
2.573550209199999881e+04 4.024095983420519218e+00 3.179046297294338420e+07 3.679839552565185024e+00
2.579842507999999725e+04 4.019386629833281432e+00 3.182809573627685755e+07 3.674574282954888194e+00
2.586134806799999933e+04 4.008465861072958880e+00 3.151832743085204810e+07 3.682665576487243353e+00
2.592427105599999777e+04 3.994873024464319577e+00 3.153433458980594203e+07 3.693382084107850627e+00
2.598719404399999985e+04 3.987298449441061265e+00 3.129269885880752653e+07 3.691830319105170677e+00
2.605011703199999829e+04 3.996496661475942513e+00 3.123435303183066845e+07 3.692686681403866800e+00
2.611304002000000037e+04 4.011873093393343304e+00 3.163408494237742946e+07 3.672126580641134286e+00
2.617596300799999881e+04 3.994945753401811572e+00 3.119145948506655544e+07 3.683124924768426123e+00
2.623888599599999725e+04 4.016456375896284570e+00 3.125576793536125869e+07 3.672510277633187492e+00
2.630180898399999933e+04 3.960860437966888359e+00 3.084503590023044497e+07 3.705660181097722994e+00
2.636473197199999777e+04 3.962432860289051284e+00 3.106232279366031289e+07 3.713952100669356771e+00
2.642765495999999985e+04 3.965167618052521714e+00 3.091390105732173100e+07 3.691822837799424661e+00
2.649057794799999829e+04 3.980945497845545411e+00 3.076514004540629685e+07 3.693531437515943594e+00
2.655350093600000037e+04 3.991068855704896112e+00 3.106432211434277520e+07 3.686768716338719720e+00
2.661642392399999881e+04 3.966106157503454188e+00 3.097416618131976202e+07 3.694108124588023845e+00
2.667934691199999725e+04 3.995019765550645197e+00 3.092964815372415632e+07 3.684600790253627078e+00
2.674226989999999932e+04 3.969113573159503972e+00 3.071062439471637458e+07 3.714750569492742738e+00
2.680519288799999777e+04 3.977284210449679058e+00 3.088528490496127307e+07 3.687964479814107577e+00
2.686811587599999984e+04 3.953991274484229823e+00 3.085409020485927165e+07 3.710255358011987692e+00
2.693103886399999828e+04 3.971905575207505645e+00 3.089511357377729565e+07 3.695194524012017201e+00
2.699396185199999672e+04 3.976397514972394465e+00 3.073093743620064482e+07 3.691130414917665359e+00
2.705688483999999880e+04 3.988249619567162618e+00 3.072197238066126779e+07 3.676432052298589603e+00
2.711980782799999724e+04 3.965469187502602022e+00 3.078023058282264695e+07 3.708351650854332604e+00
2.718273081599999932e+04 3.960719076318426790e+00 3.072396495437555015e+07 3.704983932984686756e+00
2.724565380399999776e+04 3.969272723677022441e+00 3.085197676279463246e+07 3.680088416424220910e+00
2.730857679199999984e+04 3.965950955447190118e+00 3.081130851580030844e+07 3.690840386730763534e+00
2.737149977999999828e+04 3.968554631191722581e+00 3.070793629916188866e+07 3.683716112277807930e+00
2.743442276799999672e+04 3.983683528839299548e+00 3.073309265063106269e+07 3.680574466249042054e+00
2.749734575599999880e+04 3.983663206317727301e+00 3.072469400107476115e+07 3.678812754294399578e+00
2.756026874399999724e+04 3.968060004848032563e+00 3.061605523716288805e+07 3.693910848774176969e+00
2.762319173199999932e+04 3.945380425759780874e+00 3.070839426363678277e+07 3.702794804831480491e+00
2.768611471999999776e+04 3.977662841505200664e+00 3.063173789364288375e+07 3.676511247937478633e+00
2.774903770799999984e+04 3.941917042289937889e+00 3.055692600792590901e+07 3.702547046865781066e+00
2.781196069599999828e+04 3.940299393739980172e+00 3.021675994671263918e+07 3.709839435152478160e+00
2.787488368399999672e+04 3.949242291454714060e+00 3.039160883446635678e+07 3.693967806637596052e+00
2.793780667199999880e+04 3.939093518909669189e+00 3.056662609517238662e+07 3.703822756296341279e+00
2.800072965999999724e+04 3.968098583645467414e+00 3.039051243913334981e+07 3.683916325480919518e+00
2.806365264799999932e+04 3.935186446502533020e+00 3.006199664092101902e+07 3.712867837771916424e+00
2.812657563599999776e+04 3.954473261975781639e+00 3.037984678890170902e+07 3.688922610601588215e+00
2.818949862399999984e+04 3.930909135113509034e+00 3.022053951692125946e+07 3.707591249771267972e+00
2.825242161199999828e+04 3.934958697039195208e+00 2.997593723072235659e+07 3.704337216915032815e+00
2.831534459999999672e+04 3.931784599745792086e+00 2.992963087253057957e+07 3.709403030431505766e+00
2.837826758799999880e+04 3.957007102618923078e+00 3.024317031234333292e+07 3.678003286787006942e+00
2.844119057599999724e+04 3.939173841201477178e+00 2.999662145607437566e+07 3.707824339605239938e+00
2.850411356399999931e+04 3.948092762648702791e+00 2.986354019178128615e+07 3.697116454089500071e+00
2.856703655199999776e+04 3.943625695483255811e+00 3.007496663069271296e+07 3.705370076652049427e+00
2.862995953999999983e+04 3.925806178379417144e+00 3.006310584492528439e+07 3.708015669500491995e+00
2.869288252799999827e+04 3.911742394394143840e+00 2.993072811900833994e+07 3.718990751236641135e+00
2.875580551599999671e+04 3.941693250966896933e+00 2.995463336249617487e+07 3.701390967134016829e+00
2.881872850399999879e+04 3.924778888836585544e+00 2.979834310661379248e+07 3.713592143791298650e+00
2.888165149199999723e+04 3.942143462752837557e+00 2.996605211430624872e+07 3.693076660009315670e+00
2.894457447999999931e+04 3.931968846701384024e+00 2.987668416069550440e+07 3.695032313690993941e+00
2.900749746799999775e+04 3.907716397721983981e+00 2.994145227147450298e+07 3.722135139982281515e+00
2.907042045599999983e+04 3.902210914351848192e+00 2.987353823292077705e+07 3.722190208459043692e+00
2.913334344399999827e+04 3.909370220785094663e+00 2.978094865999211371e+07 3.710039170449467072e+00
2.919626643199999671e+04 3.934411790144856536e+00 2.980183654274718836e+07 3.689998736545094804e+00
2.925918941999999879e+04 3.930497341793183441e+00 2.981036819353646785e+07 3.701723545250640512e+00
2.932211240799999723e+04 3.933119627518133488e+00 2.977800207406890020e+07 3.689851450077686223e+00
2.938503539599999931e+04 3.915821321820658341e+00 2.986002619995671511e+07 3.706969470893039187e+00
2.944795838399999775e+04 3.912745317638610665e+00 2.950012653849042580e+07 3.701490737581403678e+00
2.951088137199999983e+04 3.890847420627296049e+00 2.962549885051857308e+07 3.719034869012727729e+00
2.957380435999999827e+04 3.912481104695903156e+00 2.956888445010218397e+07 3.703663325702931441e+00
2.963672734799999671e+04 3.920540762420166914e+00 2.957350156475859508e+07 3.687396337852158812e+00
2.969965033599999879e+04 3.921206123009870925e+00 2.974161575106582791e+07 3.686180166115405665e+00
2.976257332399999723e+04 3.906389091532963764e+00 2.960287197424972430e+07 3.707818741157693054e+00
2.982549631199999931e+04 3.927188442432290039e+00 2.946182487296922877e+07 3.693591716621723364e+00
2.988841929999999775e+04 3.912992587107417375e+00 2.953400114907732233e+07 3.698580613093156000e+00
2.995134228799999983e+04 3.908134416281514145e+00 2.949071998945611343e+07 3.707272272541613845e+00
3.001426527599999827e+04 3.908005676129358452e+00 2.952339604695551097e+07 3.691817287899325173e+00
3.007718826399999671e+04 3.905459620220868011e+00 2.918294924738257378e+07 3.701244881581419399e+00
3.014011125199999879e+04 3.910250433914185031e+00 2.943430888988051936e+07 3.697525541544698147e+00
3.020303423999999723e+04 3.887927902478995001e+00 2.948329414918601513e+07 3.715147951401013948e+00
3.026595722799999930e+04 3.899653352904157266e+00 2.918064640258117765e+07 3.709677492010117206e+00
3.032888021599999774e+04 3.893207731053441201e+00 2.916744483504968882e+07 3.719325114193211768e+00
3.039180320399999982e+04 3.893424104072310321e+00 2.923566737326389924e+07 3.712405690033746097e+00
3.045472619199999826e+04 3.890477036713604342e+00 2.942362764116021246e+07 3.713435277192255413e+00
3.051764917999999670e+04 3.878647764928080388e+00 2.923638695317294821e+07 3.723691749952256824e+00
3.058057216799999878e+04 3.899772819503259047e+00 2.924849588252126798e+07 3.707129139545289664e+00
3.064349515599999722e+04 3.912253285047694984e+00 2.924997120272464678e+07 3.691226996341579802e+00
3.070641814399999930e+04 3.885987057188926563e+00 2.910452754977241158e+07 3.710512766957158703e+00
3.076934113199999774e+04 3.891424135586119437e+00 2.925072723105878010e+07 3.700781751951772502e+00
3.083226411999999982e+04 3.884711712714573384e+00 2.918838515984489769e+07 3.705794859957578513e+00
3.089518710799999826e+04 3.894082499505251427e+00 2.919790592524433509e+07 3.699949499690515786e+00
3.095811009599999670e+04 3.864044081182579582e+00 2.880000427810418606e+07 3.714812442786671109e+00
3.102103308399999878e+04 3.901257705259281838e+00 2.910300180450370535e+07 3.702619695295805702e+00
3.108395607199999722e+04 3.910525499262554661e+00 2.920990958399428427e+07 3.690887959718349709e+00
3.114687905999999930e+04 3.890839784797790468e+00 2.907853062681264803e+07 3.706253469920059551e+00
3.120980204799999774e+04 3.864510852794117213e+00 2.914280435712589696e+07 3.717493667709667715e+00
3.127272503599999982e+04 3.889032911076831134e+00 2.904374312339781970e+07 3.706464620258388631e+00
3.133564802399999826e+04 3.879135341730907793e+00 2.914608359490624070e+07 3.703974992834478730e+00
3.139857101199999670e+04 3.874359336344630034e+00 2.881799216699106991e+07 3.720539169065574026e+00
3.146149399999999878e+04 3.863141280941101652e+00 2.874262163058475032e+07 3.718629251812153313e+00
3.152441698799999722e+04 3.858657502580405740e+00 2.878129152931552753e+07 3.709535586729174383e+00
3.158733997599999930e+04 3.863825663941110378e+00 2.860086870180901885e+07 3.710731290878010125e+00
3.165026296399999774e+04 3.873608938085708608e+00 2.868947409607496485e+07 3.698467055299158979e+00
3.171318595199999982e+04 3.848502761080553558e+00 2.858901169536397979e+07 3.720472388825955878e+00
3.177610893999999826e+04 3.854382139538943264e+00 2.871228031883264333e+07 3.711955355520788036e+00
3.183903192799999670e+04 3.847322847464520912e+00 2.853917302014015988e+07 3.712969034701747884e+00
3.190195491599999878e+04 3.845727819686834525e+00 2.825994899712287635e+07 3.718218554428321276e+00
3.196487790399999722e+04 3.817354696923558333e+00 2.818622627156902850e+07 3.747170858854458331e+00
3.202780089199999929e+04 3.842665982572418315e+00 2.860204162341696769e+07 3.718369062284921256e+00
3.209072387999999773e+04 3.850399571888961869e+00 2.821106547279914469e+07 3.718062616458248648e+00
3.215364686799999981e+04 3.843392996703026476e+00 2.823851019542497024e+07 3.724213043020758729e+00
3.221656985599999825e+04 3.829747804136742761e+00 2.827519402552800253e+07 3.726152157634412987e+00
3.227949284399999669e+04 3.819618555542329652e+00 2.816195177696273848e+07 3.735910459482903345e+00
3.234241583199999877e+04 3.830931347847019275e+00 2.826748149474823102e+07 3.735630623741090339e+00
3.240533881999999721e+04 3.841411570644319706e+00 2.805272288137675449e+07 3.719863814944873059e+00
3.246826180799999929e+04 3.826571045491095280e+00 2.802597557526240870e+07 3.735281895501255001e+00
3.253118479599999773e+04 3.841240344529654127e+00 2.808950334592257068e+07 3.716872737740631649e+00
3.259410778399999981e+04 3.796960080978470931e+00 2.804971364730454609e+07 3.746465565944511855e+00
3.265703077199999825e+04 3.819449928082958579e+00 2.821226456416453049e+07 3.728003009767665521e+00
3.271995375999999669e+04 3.813254641151177626e+00 2.801779192699153349e+07 3.732212501063804311e+00
3.278287674799999513e+04 3.804567057349642845e+00 2.786120805489691719e+07 3.730986768707668766e+00
3.284579973600000085e+04 3.813026717303584778e+00 2.792698129086638242e+07 3.736108886857217648e+00
3.290872272399999929e+04 3.807058193673763746e+00 2.779067702724899352e+07 3.734147535080658553e+00
3.297164571199999773e+04 3.798847503598488107e+00 2.765754634563526511e+07 3.736688804221783400e+00
3.303456869999999617e+04 3.788414046038908634e+00 2.793806762388357148e+07 3.743140301845605311e+00
3.309749168799999461e+04 3.802442921521348662e+00 2.770412748055439442e+07 3.730739310194395308e+00
3.316041467600000033e+04 3.772593890448487919e+00 2.783143332711364701e+07 3.752352731790657536e+00
3.322333766399999877e+04 3.785288025617962404e+00 2.774505339356013387e+07 3.748022149994644003e+00
3.328626065199999721e+04 3.771322058019473733e+00 2.762252317818793282e+07 3.759152920283717947e+00
3.334918363999999565e+04 3.749376730997015628e+00 2.778332070751918852e+07 3.771502958939615180e+00
3.341210662800000136e+04 3.766920710712772458e+00 2.757710774242160469e+07 3.756792576083511470e+00
3.347502961599999981e+04 3.757667221002115365e+00 2.741810093661990017e+07 3.774741345828720895e+00
3.353795260399999825e+04 3.754928418266307855e+00 2.750273428800983727e+07 3.766670613764819819e+00
3.360087559199999669e+04 3.753345722966821452e+00 2.757544256001851335e+07 3.757344712638971629e+00
3.366379857999999513e+04 3.756359470415393975e+00 2.771214862231867388e+07 3.756826302688149877e+00
3.372672156800000084e+04 3.768307342825733208e+00 2.745636221335475519e+07 3.754606628325292128e+00
3.378964455599999928e+04 3.761453888566974157e+00 2.757630148096043989e+07 3.766882323334414195e+00
3.385256754399999772e+04 3.755173576801512425e+00 2.752447842032599077e+07 3.755127910483227804e+00
3.391549053199999616e+04 3.760615814431997883e+00 2.751262346196548641e+07 3.763144224693045103e+00
3.397841351999999461e+04 3.762036085008118480e+00 2.739194712263083458e+07 3.757524200416257898e+00
3.404133650800000032e+04 3.736306171824440359e+00 2.727518295906979591e+07 3.773982449017440288e+00
3.410425949599999876e+04 3.752201887823934712e+00 2.755003177292658389e+07 3.757725238302859427e+00
3.416718248399999720e+04 3.737318397599075581e+00 2.732903007119414210e+07 3.774472677298075673e+00
3.423010547199999564e+04 3.755240088561940137e+00 2.734941362519867346e+07 3.764047257241582400e+00
3.429302846000000136e+04 3.765607711137046731e+00 2.744468491308585927e+07 3.752538388436814198e+00
3.435595144799999980e+04 3.755708403659056227e+00 2.737025645865431800e+07 3.762905388465894063e+00
3.441887443599999824e+04 3.779659172927746003e+00 2.773161169826332480e+07 3.734077115885972464e+00
3.448179742399999668e+04 3.726854125824402786e+00 2.734493865766075999e+07 3.775356054239605630e+00
3.454472041199999512e+04 3.739616063389781253e+00 2.755428127928164229e+07 3.765732548399892021e+00
3.460764340000000084e+04 3.726931961849442310e+00 2.740233280120789632e+07 3.776903845159202966e+00
3.467056638799999928e+04 3.743905418681810371e+00 2.726392876226042211e+07 3.757845488177941284e+00
3.473348937599999772e+04 3.743423051344242580e+00 2.729814314633968100e+07 3.761752564261160892e+00
3.479641236399999616e+04 3.753501844749092431e+00 2.740716085283410922e+07 3.754474333924152418e+00
3.485933535199999460e+04 3.743064967748328531e+00 2.754028394596111402e+07 3.756547474427471389e+00
3.492225834000000032e+04 3.733928851785100811e+00 2.735977358126214147e+07 3.779771380521187218e+00
3.498518132799999876e+04 3.722549969257830771e+00 2.742110057474993169e+07 3.776380288058664547e+00
3.504810431599999720e+04 3.733338332223470335e+00 2.749606124506165087e+07 3.772279551562576660e+00
3.511102730399999564e+04 3.746057125410204414e+00 2.733608067862994969e+07 3.759677611276029285e+00
3.517395029200000135e+04 3.730675252126792962e+00 2.741510075481747836e+07 3.762805410648021986e+00
3.523687327999999980e+04 3.740279948441459723e+00 2.737186488169557229e+07 3.761010097423211018e+00
3.529979626799999824e+04 3.726518486672570241e+00 2.709480231980377436e+07 3.771316070345482885e+00
3.536271925599999668e+04 3.747585747556662739e+00 2.724269714319921657e+07 3.746324325130530930e+00
3.542564224399999512e+04 3.741787597709326008e+00 2.739913234072307125e+07 3.756280111224667095e+00
3.548856523200000083e+04 3.743463655829481596e+00 2.751418809570182860e+07 3.760789765926370709e+00
3.555148821999999927e+04 3.731413991540286634e+00 2.727863442866924033e+07 3.772839053708740398e+00
3.561441120799999771e+04 3.736052275225243857e+00 2.726672542121471092e+07 3.772558883357437942e+00
3.567733419599999615e+04 3.735996366754550380e+00 2.737316044311836734e+07 3.765394991829452032e+00
3.574025718399999460e+04 3.719935965505456910e+00 2.698912522453238815e+07 3.774132303238732611e+00
3.580318017200000031e+04 3.733210443414838320e+00 2.698525058372547850e+07 3.768880531907536025e+00
3.586610315999999875e+04 3.723724313513596673e+00 2.701082379088145867e+07 3.776412550821354852e+00
3.592902614799999719e+04 3.728822843083232197e+00 2.713671612003223225e+07 3.762081200020976013e+00
3.599194913599999563e+04 3.710690985760553229e+00 2.707878737779372558e+07 3.783524769608950677e+00
3.605487212400000135e+04 3.726757796777295795e+00 2.711220114704145491e+07 3.768574778446778240e+00
3.611779511199999979e+04 3.734111937480392385e+00 2.708187255910315365e+07 3.763571946227858067e+00
3.618071809999999823e+04 3.721179859308089366e+00 2.708961086916340142e+07 3.776550133061971959e+00
3.624364108799999667e+04 3.733051738484460813e+00 2.718242932956478372e+07 3.759000891623293317e+00
3.630656407599999511e+04 3.721947832786451915e+00 2.725005935581835732e+07 3.768363079202889043e+00
3.636948706400000083e+04 3.731259716318422903e+00 2.728458783891989663e+07 3.758869716860605781e+00
3.643241005199999927e+04 3.709035683553979279e+00 2.693572504314932227e+07 3.773277677695660248e+00
3.649533303999999771e+04 3.711965176417586942e+00 2.704503745578889176e+07 3.780159770910064498e+00
3.655825602799999615e+04 3.717338551975172489e+00 2.693592169314153120e+07 3.765410619561393890e+00
3.662117901599999459e+04 3.706991526438537132e+00 2.691349221312659234e+07 3.779161314640082647e+00
3.668410200400000031e+04 3.725838177156437947e+00 2.693877995780572668e+07 3.765440979263042998e+00
3.674702499199999875e+04 3.721513739056153014e+00 2.720933972087679431e+07 3.755489070290104703e+00
3.680994797999999719e+04 3.714734402342451780e+00 2.684647969946661964e+07 3.778703693938211483e+00
3.687287096799999563e+04 3.711668075829739344e+00 2.723786953663560003e+07 3.777284943681805007e+00
3.693579395600000134e+04 3.725590508571412496e+00 2.702670976451012492e+07 3.767317015463336194e+00
3.699871694399999978e+04 3.706482534594519151e+00 2.703424544265997782e+07 3.778425530301658508e+00
3.706163993199999823e+04 3.714493514005337449e+00 2.706533326985934377e+07 3.769977767308344330e+00
3.712456291999999667e+04 3.720821452256510398e+00 2.690127327713740617e+07 3.768301399120036255e+00
3.718748590799999511e+04 3.715694136346317844e+00 2.691178283161475509e+07 3.783517418926654052e+00
3.725040889600000082e+04 3.693803239451849407e+00 2.692647007519419864e+07 3.795100188072120240e+00
3.731333188399999926e+04 3.723015846030033327e+00 2.718163752607393265e+07 3.772745180891667438e+00
3.737625487199999770e+04 3.720135582854879885e+00 2.727064719976159930e+07 3.774486013996701583e+00
3.743917785999999614e+04 3.711243537328255737e+00 2.667641393288116157e+07 3.771723708141441200e+00
3.750210084799999458e+04 3.725253778958329320e+00 2.696841179374733940e+07 3.771346051468445371e+00
3.756502383600000030e+04 3.694773385363568696e+00 2.687411959257971495e+07 3.786799418346106005e+00
3.762794682399999874e+04 3.709664099617052901e+00 2.683999037623742223e+07 3.783725989710571280e+00
3.769086981199999718e+04 3.701054646550545613e+00 2.668113992623410001e+07 3.793662997728371344e+00
3.775379279999999562e+04 3.706948160124305058e+00 2.684133518703056127e+07 3.781476821450103998e+00
3.781671578800000134e+04 3.707464133490239622e+00 2.699319882633592933e+07 3.783802573392456736e+00
3.787963877599999978e+04 3.715578665660859148e+00 2.697297262927453592e+07 3.770500774100857377e+00
3.794256176399999822e+04 3.704193751894544473e+00 2.683614210287984461e+07 3.782788274343033663e+00
3.800548475199999666e+04 3.719509160471532017e+00 2.672113894188972190e+07 3.761870181025696258e+00
3.806840773999999510e+04 3.694192181916181816e+00 2.663432318916804716e+07 3.793403215043901877e+00
3.813133072800000082e+04 3.707663837181483846e+00 2.678687542192706838e+07 3.779055797043056941e+00
3.819425371599999926e+04 3.692729447967561196e+00 2.684703120246670768e+07 3.783212333232812696e+00
3.825717670399999770e+04 3.710604566344326560e+00 2.694154497488354146e+07 3.774522231090111202e+00
3.832009969199999614e+04 3.696141845865916320e+00 2.668043367518433928e+07 3.781876723380749539e+00
3.838302267999999458e+04 3.694761938587399097e+00 2.667728883079914376e+07 3.788351030520032747e+00
3.844594566800000030e+04 3.709766485527628888e+00 2.674100108386002108e+07 3.780997001733461094e+00
3.850886865599999874e+04 3.726431768795355648e+00 2.698160059870276973e+07 3.763027649348259285e+00
3.857179164399999718e+04 3.703066125497921579e+00 2.694771183988993987e+07 3.776082212282542372e+00
3.863471463199999562e+04 3.724831777297763491e+00 2.698858139843323082e+07 3.770337134116930944e+00
3.869763762000000133e+04 3.716365178612213160e+00 2.710604129709091038e+07 3.760057987138368141e+00
3.876056060799999977e+04 3.710078506106849527e+00 2.682363183284167200e+07 3.779738217439787551e+00
3.882348359599999822e+04 3.698775192505026510e+00 2.686153318867541105e+07 3.786024291086727001e+00
3.888640658399999666e+04 3.697053764249308649e+00 2.702820491489867866e+07 3.775686050905659119e+00
3.894932957199999510e+04 3.695512920215684449e+00 2.657977964747702330e+07 3.779230152331617187e+00
3.901225256000000081e+04 3.709358970748532158e+00 2.675255576092435792e+07 3.782394370739027067e+00
3.907517554799999925e+04 3.687939592353065787e+00 2.669303047847339511e+07 3.788728450990506591e+00
3.913809853599999769e+04 3.690570940359403362e+00 2.676748589101816714e+07 3.784522261064767967e+00
3.920102152399999613e+04 3.691842720976945103e+00 2.680123149109205976e+07 3.790494136870896202e+00
3.926394451199999457e+04 3.708731178300302300e+00 2.664275442514958605e+07 3.774988311009587871e+00
3.932686750000000029e+04 3.690880013106546453e+00 2.660225737246238440e+07 3.795427206668427367e+00
3.938979048799999873e+04 3.703002061668639655e+00 2.685791584615576640e+07 3.775102197853869246e+00
3.945271347599999717e+04 3.690253942112152519e+00 2.658437250891545042e+07 3.790439969558082822e+00
3.951563646399999561e+04 3.717130056149058781e+00 2.654555105697206408e+07 3.767091376822762516e+00
3.957855945200000133e+04 3.687791323335080307e+00 2.649526930403092504e+07 3.787906775972959661e+00
3.964148243999999977e+04 3.691200342297995984e+00 2.660220657424687594e+07 3.778638903557175688e+00
3.970440542799999821e+04 3.700501219043018430e+00 2.670540991428391263e+07 3.779807927262356149e+00
3.976732841599999665e+04 3.689128347452135692e+00 2.643121161990842223e+07 3.792257121352138327e+00
3.983025140399999509e+04 3.693890822396205031e+00 2.646202301457601041e+07 3.793618399454913526e+00
3.989317439200000081e+04 3.696896133754108860e+00 2.646251851207093149e+07 3.780866415225612176e+00
3.995609737999999925e+04 3.693165221631836470e+00 2.657904436517712846e+07 3.784429843165110885e+00
4.001902036799999769e+04 3.695882393860908000e+00 2.667421493787672371e+07 3.783027950749850987e+00
4.008194335599999613e+04 3.687667129349005979e+00 2.658609552050554752e+07 3.781871142444728662e+00
4.014486634399999457e+04 3.691913485484147994e+00 2.652303248323487863e+07 3.781935423456962209e+00
4.020778933200000029e+04 3.681093612127340098e+00 2.644080013318935409e+07 3.800156494018013476e+00
4.027071231999999873e+04 3.715823281538577660e+00 2.659607534223574400e+07 3.760523625528112479e+00
4.033363530799999717e+04 3.694458731286667241e+00 2.648413280728083849e+07 3.783391648989343992e+00
4.039655829599999561e+04 3.696610032337118934e+00 2.666498502757014707e+07 3.773646889431829354e+00
4.045948128400000132e+04 3.693922703655136974e+00 2.646011086948851123e+07 3.795757863019515455e+00
4.052240427199999976e+04 3.677837990773396903e+00 2.649501041857781261e+07 3.786243089879500090e+00
4.058532725999999820e+04 3.689986815123019515e+00 2.648561305147187784e+07 3.790643531846102920e+00
4.064825024799999665e+04 3.673023107280930066e+00 2.636816794501526281e+07 3.804162381951929461e+00
4.071117323599999509e+04 3.702811839341070055e+00 2.692926648129716888e+07 3.772226394225321133e+00
4.077409622400000080e+04 3.705276669107842924e+00 2.650229090856316686e+07 3.770792271743754309e+00
4.083701921199999924e+04 3.701044891538428416e+00 2.648872583315420896e+07 3.785831896981032063e+00
4.089994219999999768e+04 3.691344430806100974e+00 2.658528516554066166e+07 3.788182435567179152e+00
4.096286518799999612e+04 3.705429935378889539e+00 2.673943795952079818e+07 3.763299001982125525e+00
4.102578817599999456e+04 3.669156976934163872e+00 2.624218255348076671e+07 3.800388151626416633e+00
4.108871116400000028e+04 3.682117548793917283e+00 2.651348093912807852e+07 3.792430479648532859e+00
4.115163415199999872e+04 3.693710707181819597e+00 2.649433188772896305e+07 3.793127053164990325e+00
4.121455713999999716e+04 3.690148878924063958e+00 2.647286398903055489e+07 3.787718838320790482e+00
4.127748012799999560e+04 3.659238435358897590e+00 2.622742203084838763e+07 3.803731286992829919e+00
4.134040311600000132e+04 3.698302770717464494e+00 2.635905504853523523e+07 3.774858880208518563e+00
4.140332610399999976e+04 3.685575629383812224e+00 2.620567955055722222e+07 3.792437544229753321e+00
4.146624909199999820e+04 3.694469536837793555e+00 2.633089149999118224e+07 3.781119695067802322e+00
4.152917207999999664e+04 3.684498542308984437e+00 2.642057158637139946e+07 3.779360531358432862e+00
4.159209506799999508e+04 3.679281994793191402e+00 2.648826818287293240e+07 3.798614488496676156e+00
4.165501805600000080e+04 3.686147218889571420e+00 2.625218995591152832e+07 3.787317466927633269e+00
4.171794104399999924e+04 3.680826383121775791e+00 2.622111138330558315e+07 3.790649179942386038e+00
4.178086403199999768e+04 3.689181410289526841e+00 2.633003708446957171e+07 3.785288948002226928e+00
4.184378701999999612e+04 3.664843955097870420e+00 2.632523548105321825e+07 3.807155915702668647e+00
4.190671000799999456e+04 3.685744749505621698e+00 2.638999490683763474e+07 3.782912391884773129e+00
4.196963299600000028e+04 3.685397545067094160e+00 2.644794975317770615e+07 3.782676733027654059e+00
4.203255598399999872e+04 3.696361312940776855e+00 2.647837899095787108e+07 3.776854142725265095e+00
4.209547897199999716e+04 3.693172262545494355e+00 2.634823958123577386e+07 3.776491398075047634e+00
4.215840195999999560e+04 3.700919276895061394e+00 2.633539061870283633e+07 3.776109318050756780e+00
4.222132494800000131e+04 3.697021708539404372e+00 2.642986538242303580e+07 3.778121332468173943e+00
4.228424793599999975e+04 3.694177330350790989e+00 2.657248888389582559e+07 3.769015175317008026e+00
4.234717092399999819e+04 3.672079740954521387e+00 2.615705384493556619e+07 3.793929169615720021e+00
4.241009391199999664e+04 3.681144565849376882e+00 2.661255444668906927e+07 3.780712874165134352e+00
4.247301689999999508e+04 3.676701423144819181e+00 2.616838822320590541e+07 3.794858176370306868e+00
4.253593988800000079e+04 3.662443762195306096e+00 2.625812070477364212e+07 3.797908880557734346e+00
4.259886287599999923e+04 3.665800004253699118e+00 2.625224652653421089e+07 3.801299792916170706e+00
4.266178586399999767e+04 3.680037809293024598e+00 2.613977774368102849e+07 3.791533966239116982e+00
4.272470885199999611e+04 3.654961306650633901e+00 2.616308567309659719e+07 3.813098253031251605e+00
4.278763183999999455e+04 3.665631600339745333e+00 2.628869255282758921e+07 3.795178916034610328e+00
4.285055482800000027e+04 3.666734236567664951e+00 2.621790884999122471e+07 3.805408112257801623e+00
4.291347781599999871e+04 3.681061193996387093e+00 2.631550034709825739e+07 3.788642213255117852e+00
4.297640080399999715e+04 3.674403966246163833e+00 2.611155761115396023e+07 3.794782564263504021e+00
4.303932379199999559e+04 3.658656280601233490e+00 2.601770051114646345e+07 3.816556871485006663e+00
4.310224677999999403e+04 3.660029571944935611e+00 2.611409213568164036e+07 3.804340089063604768e+00
4.316516976799999975e+04 3.676297730181808276e+00 2.624340022779443488e+07 3.799455446547658877e+00
4.322809275599999819e+04 3.679800868089631916e+00 2.594032794495671242e+07 3.791627509894233583e+00
4.329101574399999663e+04 3.674631838630549208e+00 2.591161450445291027e+07 3.791911371934393760e+00
4.335393873199999507e+04 3.683786626208080062e+00 2.623498463670316711e+07 3.786060336632743439e+00
4.341686172000000079e+04 3.669364718368432143e+00 2.605637455687786639e+07 3.786163465492350610e+00
4.347978470799999923e+04 3.661005148751817817e+00 2.589953347990842536e+07 3.802355026237942415e+00
4.354270769599999767e+04 3.669810631639829790e+00 2.600591051865357906e+07 3.799978761011162831e+00
4.360563068399999611e+04 3.651537721834861916e+00 2.581269458163970709e+07 3.820750399679187392e+00
4.366855367199999455e+04 3.670984614105083921e+00 2.600816149637238309e+07 3.799600031569464686e+00
4.373147666000000027e+04 3.664005636697573731e+00 2.616389223128315061e+07 3.806397588853771108e+00
4.379439964799999871e+04 3.658460372767149860e+00 2.619145515796779469e+07 3.804295575004573937e+00
4.385732263599999715e+04 3.683454760695338948e+00 2.630391452284905314e+07 3.773202213414209805e+00
4.392024562399999559e+04 3.655781388716390357e+00 2.598508848308919370e+07 3.804087327976476196e+00
4.398316861199999403e+04 3.680496063960236430e+00 2.616978225401405245e+07 3.789627935094846745e+00
