0.000000000000000000e+00 3.587946746434233170e+00 1.591662438091433607e+07 3.564917621102683842e+00
3.146000000000000085e+01 3.664307431797690473e+00 1.633563719235207140e+07 3.612868812995867263e+00
6.292000000000000171e+01 3.777073692130951788e+00 1.648317653932016157e+07 3.635856630774628062e+00
9.437999999999999545e+01 3.852416141352983381e+00 1.598239196988909319e+07 3.654304406740743527e+00
1.258400000000000034e+02 4.126462132722888754e+00 2.188855835477450863e+07 3.580043997314727555e+00
1.573000000000000114e+02 3.739661109844867326e+00 2.270222317143329978e+07 3.657477492307287470e+00
1.887599999999999909e+02 3.757170321168386007e+00 2.269903150656627119e+07 3.666065527042885908e+00
2.202199999999999989e+02 3.768932271995467875e+00 2.275747858530797809e+07 3.680092498261660516e+00
2.516800000000000068e+02 3.787163710408735895e+00 2.268614498395870999e+07 3.689523619072609506e+00
2.831399999999999864e+02 3.795601611321641755e+00 2.262942577769283578e+07 3.717707359392186550e+00
3.146000000000000227e+02 3.827157402739365999e+00 2.278311201220723987e+07 3.709628163510874099e+00
3.460600000000000023e+02 3.829818551328196374e+00 2.278379784250924364e+07 3.721283366924146740e+00
3.775199999999999818e+02 3.836288455223827221e+00 2.262143569729423895e+07 3.728551307696078343e+00
4.089800000000000182e+02 3.829092492359153166e+00 2.244718825137943402e+07 3.739489808134453863e+00
4.404399999999999977e+02 4.089565734098826510e+00 2.857556652001938969e+07 3.628261068822530966e+00
4.719000000000000341e+02 3.747489699476618696e+00 2.531677702875043824e+07 3.690804582878683959e+00
5.033600000000000136e+02 3.741242590144516544e+00 2.560912678366253152e+07 3.693796732046148446e+00
5.348200000000000500e+02 3.735840993716318170e+00 2.553002395849928260e+07 3.703193853130267499e+00
5.662799999999999727e+02 3.741614930910987180e+00 2.572184636174572632e+07 3.697877662794733844e+00
5.977400000000000091e+02 3.745955941008218382e+00 2.570263941127624363e+07 3.696706135346108368e+00
6.292000000000000455e+02 3.749057385983671331e+00 2.562631919708623737e+07 3.697893407731636106e+00
6.606599999999999682e+02 3.741906850805193585e+00 2.570288738001638651e+07 3.713121810580449100e+00
6.921200000000000045e+02 3.753349564770521507e+00 2.582012305657890439e+07 3.703041368834191882e+00
7.235800000000000409e+02 3.743791719935273488e+00 2.555270615588023886e+07 3.715383780629319510e+00
7.550399999999999636e+02 3.750002962843655308e+00 2.565229030922067165e+07 3.719773865835666715e+00
7.865000000000000000e+02 3.758286748111913322e+00 2.563752596671081334e+07 3.703472153875066120e+00
8.179600000000000364e+02 3.778535635069806276e+00 2.571773512019190565e+07 3.690329716822049022e+00
8.494200000000000728e+02 3.754792389620960957e+00 2.542535616397783160e+07 3.705277091231685027e+00
8.808799999999999955e+02 3.751733560359035380e+00 2.537270907714272663e+07 3.710888280479191170e+00
9.123400000000000318e+02 3.746588758378150974e+00 2.545913248065099120e+07 3.717587306049273899e+00
9.438000000000000682e+02 3.767583340335737496e+00 2.548973463173120469e+07 3.702524777186479543e+00
9.752599999999999909e+02 3.768863578962315941e+00 2.550394276454697177e+07 3.714547065998222042e+00
1.006720000000000027e+03 3.747430469864809321e+00 2.520067375868292898e+07 3.718927033918784097e+00
1.038180000000000064e+03 3.752958428204551833e+00 2.530208344283792004e+07 3.718991468974049308e+00
1.069640000000000100e+03 3.794188606420088483e+00 2.556720134428409114e+07 3.691051633304295976e+00
1.101100000000000136e+03 3.757301105291242838e+00 2.512530132831832767e+07 3.718045341204791132e+00
1.132559999999999945e+03 3.762229745666580083e+00 2.506122386227725819e+07 3.715653723619714022e+00
1.164019999999999982e+03 3.756918101900438067e+00 2.491759977295124903e+07 3.709235285042548735e+00
1.195480000000000018e+03 3.770599505751469849e+00 2.487806039575507492e+07 3.700098073458937264e+00
1.226940000000000055e+03 3.799966769805926958e+00 2.508324148041652143e+07 3.682541917997170788e+00
1.258400000000000091e+03 3.769635503729246384e+00 2.471346318371495232e+07 3.697161181189035251e+00
1.289860000000000127e+03 3.764541269961833247e+00 2.464505656157188490e+07 3.706341726578792350e+00
1.321319999999999936e+03 3.763741516708599466e+00 2.454078029233453423e+07 3.704663449888143667e+00
1.352779999999999973e+03 3.779956254817760986e+00 2.448946156149693951e+07 3.700158943834229053e+00
1.384240000000000009e+03 3.781280657156488978e+00 2.433883417538518459e+07 3.697177365990616416e+00
1.415700000000000045e+03 3.794306701075315758e+00 2.436526311967712641e+07 3.688774699383057243e+00
1.447160000000000082e+03 3.775617304913444272e+00 2.400107562108660489e+07 3.701784157773542638e+00
1.478620000000000118e+03 3.753415434391726091e+00 2.383003461331262067e+07 3.718544276597736342e+00
1.510079999999999927e+03 3.781991937683430560e+00 2.396294494546859711e+07 3.692146710525270770e+00
1.541539999999999964e+03 3.795368715543707250e+00 2.378528051077250019e+07 3.678737309533416155e+00
1.573000000000000000e+03 3.795916697427546893e+00 2.368183954044101387e+07 3.683460567636568594e+00
1.604460000000000036e+03 3.778009715350655551e+00 2.349456034495881572e+07 3.701085915587395636e+00
1.635920000000000073e+03 3.807716252942999535e+00 2.351961125192222744e+07 3.672579350048348346e+00
1.667380000000000109e+03 3.796847606930794150e+00 2.332428810838066414e+07 3.691124163588681117e+00
1.698840000000000146e+03 3.788697260486824536e+00 2.305884509639988840e+07 3.689426607928867341e+00
1.730299999999999955e+03 3.798680090203988780e+00 2.314524632199855894e+07 3.683551980043023200e+00
1.761759999999999991e+03 3.819549587344208685e+00 2.317714605160078779e+07 3.662312886249403654e+00
1.793220000000000027e+03 3.787652407475119887e+00 2.277774997283266485e+07 3.685346145177763599e+00
1.824680000000000064e+03 3.801710805739341836e+00 2.276795866670960933e+07 3.681310681359886150e+00
1.856140000000000100e+03 3.798734040894504727e+00 2.250469684161830693e+07 3.677711713406814464e+00
1.887600000000000136e+03 3.798583736353912776e+00 2.242338773851202056e+07 3.679549684453129021e+00
1.919059999999999945e+03 3.800417094041484312e+00 2.225008421714587137e+07 3.671474813988956587e+00
1.950519999999999982e+03 3.792682594546114228e+00 2.210693413045377657e+07 3.691237523158865219e+00
1.981980000000000018e+03 3.809784698457696184e+00 2.203566507969883829e+07 3.664941800128581839e+00
2.013440000000000055e+03 3.811354616700707965e+00 2.195129315120913088e+07 3.655720393584893202e+00
2.044900000000000091e+03 3.783235529771308947e+00 2.165341666779792309e+07 3.681994693962070020e+00
2.076360000000000127e+03 3.817903663809004922e+00 2.171292722232600674e+07 3.657747716575821872e+00
2.107820000000000164e+03 3.815986097925662346e+00 2.154403869074594975e+07 3.655761404828656858e+00
2.139280000000000200e+03 3.828257328354512712e+00 2.162744931354365870e+07 3.647911278682403502e+00
2.170740000000000236e+03 3.822476441662369329e+00 2.131125902471550182e+07 3.655002132415309912e+00
2.202200000000000273e+03 3.817435949485318947e+00 2.131467554212173447e+07 3.665778363996347711e+00
2.233659999999999854e+03 3.795543545116482953e+00 2.103256085473854095e+07 3.679457950656972010e+00
2.265119999999999891e+03 3.826044380391981914e+00 2.121117241882964224e+07 3.650444028518264883e+00
2.296579999999999927e+03 3.809098752238023966e+00 2.095650893093223125e+07 3.663756400884855768e+00
2.328039999999999964e+03 3.817342255951625685e+00 2.088704419692150876e+07 3.649172405988948764e+00
2.359500000000000000e+03 3.842795121531611180e+00 2.103507881969853118e+07 3.640380452548936940e+00
2.390960000000000036e+03 3.843206928914087328e+00 2.093014530562724173e+07 3.633858407118675693e+00
2.422420000000000073e+03 3.820028344992532521e+00 2.061988072023088112e+07 3.644343610407202227e+00
2.453880000000000109e+03 3.835492832498583304e+00 2.056529047668594867e+07 3.626700465107033367e+00
2.485340000000000146e+03 3.834529062759720830e+00 2.054452834764737263e+07 3.633016477483187678e+00
2.516800000000000182e+03 3.843334649376018319e+00 2.048618815879371390e+07 3.628748905581844486e+00
2.548260000000000218e+03 3.854812064208695155e+00 2.047057254898022488e+07 3.619149161309754614e+00
2.579720000000000255e+03 3.852026556754142739e+00 2.031108063605689630e+07 3.629285503649823497e+00
2.611180000000000291e+03 3.856176039867185157e+00 2.027842870930268988e+07 3.617106583567311517e+00
2.642639999999999873e+03 3.872883523960967800e+00 2.018767040716211125e+07 3.594972835620087181e+00
2.674099999999999909e+03 3.854704203755049186e+00 2.013556518246666715e+07 3.621610445795255373e+00
2.705559999999999945e+03 3.854374073898414910e+00 1.999783424754984304e+07 3.619175734070885664e+00
2.737019999999999982e+03 3.855174414531754579e+00 1.995447860497172922e+07 3.618967964790488878e+00
2.768480000000000018e+03 3.849964080914122455e+00 1.968090069543258846e+07 3.616515801429211141e+00
2.799940000000000055e+03 3.874366194543333641e+00 1.979391835625370964e+07 3.604144025139748297e+00
2.831400000000000091e+03 3.879939904940333140e+00 1.984264187729231641e+07 3.614924570088910549e+00
2.862860000000000127e+03 3.855859588402116955e+00 1.957531870866641030e+07 3.612575507283271481e+00
2.894320000000000164e+03 3.894025794364681214e+00 1.979169909702415019e+07 3.589884501705256969e+00
2.925780000000000200e+03 3.892015422641414535e+00 1.958169844564229995e+07 3.586957243303589227e+00
2.957240000000000236e+03 3.905443374215991081e+00 1.968331739335107803e+07 3.573770682972143398e+00
2.988700000000000273e+03 3.884584288639129301e+00 1.951934000693921745e+07 3.606362592829021718e+00
3.020159999999999854e+03 3.908494892605519855e+00 1.959661842146878317e+07 3.589341396249473348e+00
3.051619999999999891e+03 3.884595948434778734e+00 1.927590970336795598e+07 3.594411899576351654e+00
3.083079999999999927e+03 3.901500256443591219e+00 1.940440588676333055e+07 3.580992417396749339e+00
3.114539999999999964e+03 3.902057396821371871e+00 1.934589783114165813e+07 3.590321017336886911e+00
3.146000000000000000e+03 3.890913845795700876e+00 1.922500533717332780e+07 3.609987704631551608e+00
3.177460000000000036e+03 3.918774146945700476e+00 1.922849209277836233e+07 3.570375938454686704e+00
3.208920000000000073e+03 3.901972848357520895e+00 1.913757336137646437e+07 3.578168341904059968e+00
3.240380000000000109e+03 3.942978578200223794e+00 1.925209184870201349e+07 3.547460271286393407e+00
3.271840000000000146e+03 3.913119986511568005e+00 1.912828138913054764e+07 3.577914609550242542e+00
3.303300000000000182e+03 3.934920796474161264e+00 1.897354126407946274e+07 3.554018746552581209e+00
3.334760000000000218e+03 3.935976782924066164e+00 1.908900914673207700e+07 3.556405393905725631e+00
3.366220000000000255e+03 3.936725588938474463e+00 1.909226600183882192e+07 3.569888145368161680e+00
3.397680000000000291e+03 3.941826656414668673e+00 1.895823570214758068e+07 3.550281735310373943e+00
3.429139999999999873e+03 3.931496233528189777e+00 1.891785166237273440e+07 3.567912384619157606e+00
3.460599999999999909e+03 3.958038631740660396e+00 1.905969012816200033e+07 3.554236402556124830e+00
3.492059999999999945e+03 3.958926500207852417e+00 1.886421736657571793e+07 3.556188418912121119e+00
3.523519999999999982e+03 3.954630774771683122e+00 1.883386312514413893e+07 3.551880068801745338e+00
3.554980000000000018e+03 3.967728429612852104e+00 1.886805505365553871e+07 3.546221271537569386e+00
3.586440000000000055e+03 3.953596005822504811e+00 1.878899119988521561e+07 3.557515252709245956e+00
3.617900000000000091e+03 3.947303190248357740e+00 1.870586983940815553e+07 3.557622524894730631e+00
3.649360000000000127e+03 3.946017479482935020e+00 1.864303104749029130e+07 3.553895469070532886e+00
3.680820000000000164e+03 3.986686947010126492e+00 1.872582917092563212e+07 3.528858619033820254e+00
3.712280000000000200e+03 3.996500011010050368e+00 1.873925054737879708e+07 3.528247155446348593e+00
3.743740000000000236e+03 3.992957668994117970e+00 1.877776762307466939e+07 3.530276945044040549e+00
3.775200000000000273e+03 4.001337228038577720e+00 1.878925221160002053e+07 3.522298305551943898e+00
3.806660000000000309e+03 3.998529138396632820e+00 1.856134669585832953e+07 3.521273574065768575e+00
3.838119999999999891e+03 3.997776439891547184e+00 1.848879355569298565e+07 3.527061248749805422e+00
3.869579999999999927e+03 3.993622214786778368e+00 1.853648926734910533e+07 3.532820711483906972e+00
3.901039999999999964e+03 4.011018179195359856e+00 1.859485165196059644e+07 3.515935505853713838e+00
3.932500000000000000e+03 4.015868655152578626e+00 1.851876169633486122e+07 3.509936016670760051e+00
3.963960000000000036e+03 4.005689889912185109e+00 1.839076206286652014e+07 3.512177217500132897e+00
3.995420000000000073e+03 4.025572626247874375e+00 1.857989171677145362e+07 3.512301635511821729e+00
4.026880000000000109e+03 4.038490130748299656e+00 1.864982892216837034e+07 3.500359926087474260e+00
4.058340000000000146e+03 4.009089556167261925e+00 1.835762802346805111e+07 3.526672161738958700e+00
4.089800000000000182e+03 4.046910526680276732e+00 1.842710725202175602e+07 3.489924945374637044e+00
4.121260000000000218e+03 4.035777052025752987e+00 1.845004606812171265e+07 3.517604717647803803e+00
4.152720000000000255e+03 4.019635631745991589e+00 1.819032810713288561e+07 3.511678419481206515e+00
4.184180000000000291e+03 4.012781479362536707e+00 1.808492101346670464e+07 3.516329355711373061e+00
4.215640000000000327e+03 4.066976974044875348e+00 1.847317418082386628e+07 3.484525538736413797e+00
4.247100000000000364e+03 4.081056330721288816e+00 1.848730382917696238e+07 3.468031146982109014e+00
4.278560000000000400e+03 4.040155540652974331e+00 1.813507059005773440e+07 3.491255241242164242e+00
4.310020000000000437e+03 4.079924446664704440e+00 1.844302564513973892e+07 3.490063338370116064e+00
4.341480000000000473e+03 4.072065149380791560e+00 1.824360026848387346e+07 3.474617474135307749e+00
4.372940000000000509e+03 4.071943928913606570e+00 1.833463715731195733e+07 3.489868328667042441e+00
4.404400000000000546e+03 4.102397847458792768e+00 1.835627023364709318e+07 3.451669311245343597e+00
4.435859999999999673e+03 4.059770321317471620e+00 1.817652371433666721e+07 3.492442629760999839e+00
4.467319999999999709e+03 4.065130904832032321e+00 1.812744442259844020e+07 3.495960763884819134e+00
4.498779999999999745e+03 4.103409928812289387e+00 1.815838242245589569e+07 3.460607606293889749e+00
4.530239999999999782e+03 4.082803928173047048e+00 1.808237148384941369e+07 3.473988524782932075e+00
4.561699999999999818e+03 4.094529989943910486e+00 1.807900288060019538e+07 3.464711174457786758e+00
4.593159999999999854e+03 4.120334412509444100e+00 1.825534536751698330e+07 3.457559493553298058e+00
4.624619999999999891e+03 4.113799445393972576e+00 1.816582488152575493e+07 3.452597203606779797e+00
4.656079999999999927e+03 4.128348590383231986e+00 1.823703808943844214e+07 3.443250829890742271e+00
4.687539999999999964e+03 4.116791316044195348e+00 1.804415664044332132e+07 3.455158960476000907e+00
4.719000000000000000e+03 4.119672994578498226e+00 1.807814347048600763e+07 3.454275207370030465e+00
4.750460000000000036e+03 4.119395734021249034e+00 1.803802370022559538e+07 3.451834384956737001e+00
4.781920000000000073e+03 4.161506411211632006e+00 1.830402679724454880e+07 3.434262390489896788e+00
4.813380000000000109e+03 4.114967652253144870e+00 1.802765987553712726e+07 3.459167847096866755e+00
4.844840000000000146e+03 4.134993399218761745e+00 1.807136167725444585e+07 3.450813911554776237e+00
4.876300000000000182e+03 4.134774566262118256e+00 1.803328779052846506e+07 3.446180840221777952e+00
4.907760000000000218e+03 4.152347845896910528e+00 1.807621413596803322e+07 3.433300879724439092e+00
4.939220000000000255e+03 4.138068410781930773e+00 1.803209922181072086e+07 3.442533439579877896e+00
4.970680000000000291e+03 4.183014563383925299e+00 1.808202690490120649e+07 3.409949618727210474e+00
5.002140000000000327e+03 4.132263867111389821e+00 1.791925443023245782e+07 3.445219086021607868e+00
5.033600000000000364e+03 4.145780504178233627e+00 1.785683743190882728e+07 3.433193084092302616e+00
5.065060000000000400e+03 4.163594835023431528e+00 1.786185587649369612e+07 3.417091808752722226e+00
5.096520000000000437e+03 4.164189173591345217e+00 1.797366849637507275e+07 3.425460788256371902e+00
5.127980000000000473e+03 4.124294135729623001e+00 1.772098730141799524e+07 3.448610838356886532e+00
5.159440000000000509e+03 4.160091554612582065e+00 1.781465792434346676e+07 3.431291695838440070e+00
5.190900000000000546e+03 4.168684910079048400e+00 1.787043125102711841e+07 3.419447689061119178e+00
5.222360000000000582e+03 4.178264119871649029e+00 1.785432438234076649e+07 3.420518863860022130e+00
5.253819999999999709e+03 4.187773340811340006e+00 1.788055462842969596e+07 3.423639371623467653e+00
5.285279999999999745e+03 4.157391237371879100e+00 1.774438526806154847e+07 3.436162028805303859e+00
5.316739999999999782e+03 4.165355461464333331e+00 1.769454212632308900e+07 3.426223252826597232e+00
5.348199999999999818e+03 4.203349025387035809e+00 1.798149464512723684e+07 3.412525773200489887e+00
5.379659999999999854e+03 4.211178388192663213e+00 1.784502836579360813e+07 3.402069855555298616e+00
5.411119999999999891e+03 4.172188892432123097e+00 1.769402921856025234e+07 3.433991589149254953e+00
5.442579999999999927e+03 4.219768100082125883e+00 1.784519997092559561e+07 3.396693880948302269e+00
5.474039999999999964e+03 4.221894151638754700e+00 1.797744881354242936e+07 3.397715717913820654e+00
5.505500000000000000e+03 4.224639896570111297e+00 1.789317972153338417e+07 3.398391622833109693e+00
5.536960000000000036e+03 4.216126708845430393e+00 1.780226380357680842e+07 3.400615757103969905e+00
5.568420000000000073e+03 4.201615758758819652e+00 1.774712493864841387e+07 3.415310167795696739e+00
5.599880000000000109e+03 4.271252777846411774e+00 1.811551523611080274e+07 3.371744985593263078e+00
5.631340000000000146e+03 4.208388923715626895e+00 1.772612079745578021e+07 3.415043956301271777e+00
5.662800000000000182e+03 4.263108431015599997e+00 1.803042640159986168e+07 3.393508263054020979e+00
5.694260000000000218e+03 4.227339921353926222e+00 1.771324219009242579e+07 3.404922146563418739e+00
5.725720000000000255e+03 4.222186542292917899e+00 1.773081734631837532e+07 3.402874469172449068e+00
5.757180000000000291e+03 4.257546295212429222e+00 1.784812492221746221e+07 3.389342938626535240e+00
5.788640000000000327e+03 4.234163118198652320e+00 1.772399675717326626e+07 3.399770792568742372e+00
5.820100000000000364e+03 4.259090675843753893e+00 1.772089050059372932e+07 3.384055887356185455e+00
5.851560000000000400e+03 4.318893585897673582e+00 1.810168041077432036e+07 3.359917604590794582e+00
5.883020000000000437e+03 4.276430330077408470e+00 1.785781981832100824e+07 3.366345596989839262e+00
5.914480000000000473e+03 4.257719999587084914e+00 1.774619180427467823e+07 3.387165603545661430e+00
5.945940000000000509e+03 4.284173083146553651e+00 1.786007588084946945e+07 3.367004751869195012e+00
5.977400000000000546e+03 4.253760665488151460e+00 1.767129201420037076e+07 3.383847641282399898e+00
6.008860000000000582e+03 4.291758148704002629e+00 1.797660656889569014e+07 3.381076925226700336e+00
6.040319999999999709e+03 4.282084953137346162e+00 1.779572953829635307e+07 3.377676933025955286e+00
6.071779999999999745e+03 4.255690445211365081e+00 1.768121441655813158e+07 3.396169934079459996e+00
6.103239999999999782e+03 4.290138230795292884e+00 1.774407806737110019e+07 3.367477857043658762e+00
6.134699999999999818e+03 4.297208650933042939e+00 1.771830096046433970e+07 3.365782839804622117e+00
6.166159999999999854e+03 4.309653600789716599e+00 1.783535489178982377e+07 3.368122269125865209e+00
6.197619999999999891e+03 4.271312435435751453e+00 1.765978615030991659e+07 3.383854059985577312e+00
6.229079999999999927e+03 4.326539985578843783e+00 1.787813866300199926e+07 3.345433825901436897e+00
6.260539999999999964e+03 4.309300522557877322e+00 1.771403203126690164e+07 3.353517979659300430e+00
6.292000000000000000e+03 4.316051680235847066e+00 1.768908424593333527e+07 3.365831796298383694e+00
6.323460000000000036e+03 4.323079695952853463e+00 1.781472629199661314e+07 3.365415232329211470e+00
6.354920000000000073e+03 4.313080457367946430e+00 1.762765884204042703e+07 3.353093223563097247e+00
6.386380000000000109e+03 4.336960924705553388e+00 1.766534026984690130e+07 3.341900459630567699e+00
6.417840000000000146e+03 4.300672970887641000e+00 1.767975727122652903e+07 3.374687761085574778e+00
6.449300000000000182e+03 4.355935226111125935e+00 1.793877174965066090e+07 3.356008730584462363e+00
6.480760000000000218e+03 4.329276657862564548e+00 1.768228892213423550e+07 3.349881293888670619e+00
6.512220000000000255e+03 4.353762530481311011e+00 1.771892749157280102e+07 3.332481014820002141e+00
6.543680000000000291e+03 4.353794830160247820e+00 1.774575240153481439e+07 3.352189384132008509e+00
6.575140000000000327e+03 4.327750476413943836e+00 1.753427942836060375e+07 3.347125394942107590e+00
6.606600000000000364e+03 4.386679397242489564e+00 1.794305544105503336e+07 3.333825007815650832e+00
6.638060000000000400e+03 4.392734955189994572e+00 1.786011547007655352e+07 3.312340069279033017e+00
6.669520000000000437e+03 4.351552415168251642e+00 1.757069101007860154e+07 3.346345226580148324e+00
6.700980000000000473e+03 4.368493953385305772e+00 1.769299046945306659e+07 3.327435019589968679e+00
6.732440000000000509e+03 4.375041415189276250e+00 1.778452651976465806e+07 3.344787561586664904e+00
6.763900000000000546e+03 4.387915392138535431e+00 1.769477046898869425e+07 3.329903780748108666e+00
6.795360000000000582e+03 4.389601276959143483e+00 1.771264101021383703e+07 3.328691877660136633e+00
6.826820000000000618e+03 4.398297029152709925e+00 1.772883583147519454e+07 3.312979141536113392e+00
6.858279999999999745e+03 4.370934831940071597e+00 1.757923523722101375e+07 3.332089280148994082e+00
6.889739999999999782e+03 4.378633750131358582e+00 1.766065721770875901e+07 3.332462563261037403e+00
6.921199999999999818e+03 4.457334601150286346e+00 1.811876114326548204e+07 3.296555945432666945e+00
6.952659999999999854e+03 4.440311894142724647e+00 1.804762040279134735e+07 3.309619695696485842e+00
6.984119999999999891e+03 4.418298429416676498e+00 1.795397224381168932e+07 3.318929466839357190e+00
7.015579999999999927e+03 4.407737574873866748e+00 1.770592005176203325e+07 3.323151869834091166e+00
7.047039999999999964e+03 4.428397046844667173e+00 1.783957541791864485e+07 3.303087971533118505e+00
7.078500000000000000e+03 4.445110645818591166e+00 1.784506936049430817e+07 3.303627961671122382e+00
7.109960000000000036e+03 4.434499651216336602e+00 1.773690517921314016e+07 3.308753381463682253e+00
7.141420000000000073e+03 4.411036417332175219e+00 1.780820286766019091e+07 3.335993935965611001e+00
7.172880000000000109e+03 4.471537245613379952e+00 1.793967776975322887e+07 3.289540281232683050e+00
7.204340000000000146e+03 4.455502788363901345e+00 1.771346552627224103e+07 3.292828018967235426e+00
7.235800000000000182e+03 4.435398467035834180e+00 1.777171635594678670e+07 3.313776425043160501e+00
7.267260000000000218e+03 4.466736892889118238e+00 1.791142826473278925e+07 3.292067871618815644e+00
7.298720000000000255e+03 4.430362447381126501e+00 1.771392014185924828e+07 3.310336638519243646e+00
7.330180000000000291e+03 4.428710003918307159e+00 1.772000087249519676e+07 3.316354791757869513e+00
7.361640000000000327e+03 4.496809112451094492e+00 1.801110724050868303e+07 3.280492709250755201e+00
7.393100000000000364e+03 4.461164549058211470e+00 1.783185343948509172e+07 3.302650596849129094e+00
7.424560000000000400e+03 4.485693520805335233e+00 1.794754423837564141e+07 3.285526307761280407e+00
7.456020000000000437e+03 4.457770841907341186e+00 1.770100712059518322e+07 3.303523909412625859e+00
7.487480000000000473e+03 4.474164505204779374e+00 1.781118034882743284e+07 3.301563369353850863e+00
7.518940000000000509e+03 4.502482764393798575e+00 1.798888425242552906e+07 3.287654246206832109e+00
7.550400000000000546e+03 4.474032131301838966e+00 1.785520425834881514e+07 3.296990322712814780e+00
7.581860000000000582e+03 4.473665964415675766e+00 1.779076011018161103e+07 3.299249519482246651e+00
7.613320000000000618e+03 4.470109069007221159e+00 1.774719628928908706e+07 3.305607511568144030e+00
7.644780000000000655e+03 4.477833025291195312e+00 1.776335496731810644e+07 3.295871475834572184e+00
7.676239999999999782e+03 4.500829876830473530e+00 1.787070711402625963e+07 3.283671218745485731e+00
7.707699999999999818e+03 4.524246952672048572e+00 1.806096861190016568e+07 3.280367930332438231e+00
7.739159999999999854e+03 4.507649185101241684e+00 1.780149257692803070e+07 3.271954227395688974e+00
7.770619999999999891e+03 4.486734753628264905e+00 1.777126723087845743e+07 3.296003988982699973e+00
7.802079999999999927e+03 4.534414829308758499e+00 1.797594321098564565e+07 3.268165965377317406e+00
7.833539999999999964e+03 4.520005324261025415e+00 1.793538356235135347e+07 3.273547402737687406e+00
7.865000000000000000e+03 4.531875005244565990e+00 1.784761009819961339e+07 3.265577955375750463e+00
7.896460000000000036e+03 4.535969624250206778e+00 1.779157958008975163e+07 3.261784452129524947e+00
7.927920000000000073e+03 4.545095708054462058e+00 1.785656380029515550e+07 3.260454207549324579e+00
7.959380000000000109e+03 4.508346249387686910e+00 1.772839572914593667e+07 3.300081133479020767e+00
7.990840000000000146e+03 4.557061368868123630e+00 1.785328147303358838e+07 3.252592438995856483e+00
8.022300000000000182e+03 4.570635252391059389e+00 1.790383342292056978e+07 3.258257406085387498e+00
8.053760000000000218e+03 4.559784891408939167e+00 1.790839217462271079e+07 3.252961905821198041e+00
8.085220000000000255e+03 4.616614434369932241e+00 1.827225529155658185e+07 3.243487138489066002e+00
8.116680000000000291e+03 4.563476529732532150e+00 1.796638973496769369e+07 3.274239835327731551e+00
8.148140000000000327e+03 4.578879806403278963e+00 1.796950328834742308e+07 3.258106657947123175e+00
8.179600000000000364e+03 4.577041232804946347e+00 1.795502374559380859e+07 3.260220908472813317e+00
8.211059999999999491e+03 4.575011604119903375e+00 1.793671172717542574e+07 3.261128008906801323e+00
8.242520000000000437e+03 4.597044292229819362e+00 1.790166263249785081e+07 3.232137184458863999e+00
8.273979999999999563e+03 4.604447610548166203e+00 1.802746836151137203e+07 3.245628774718920084e+00
8.305440000000000509e+03 4.625066630337499873e+00 1.800119745680360869e+07 3.227676432006006735e+00
8.336899999999999636e+03 4.572851460452723060e+00 1.780859832838738337e+07 3.272177910348184504e+00
8.368360000000000582e+03 4.589431606684903464e+00 1.791103021584867686e+07 3.265065279874935111e+00
8.399819999999999709e+03 4.619709791744745608e+00 1.793544998792315274e+07 3.251999502721177659e+00
8.431280000000000655e+03 4.680611507291862594e+00 1.819275363625096157e+07 3.218609530287138032e+00
8.462739999999999782e+03 4.619181257299989518e+00 1.781431348382325843e+07 3.235732497975110533e+00
8.494200000000000728e+03 4.601979488976603250e+00 1.786653252353605255e+07 3.256909920442547346e+00
8.525659999999999854e+03 4.605998589888554484e+00 1.793839675706755370e+07 3.256478465897307828e+00
8.557120000000000800e+03 4.623297951809147044e+00 1.800680792491221800e+07 3.245302643081172889e+00
8.588579999999999927e+03 4.656297194555494734e+00 1.798103500318226963e+07 3.222381102173224932e+00
8.620040000000000873e+03 4.576619712256047023e+00 1.764625980415168405e+07 3.271443619239531309e+00
8.651500000000000000e+03 4.653751764709682881e+00 1.797525085091063380e+07 3.219784611750821757e+00
8.682960000000000946e+03 4.655029158559281122e+00 1.800923337077334523e+07 3.230142309254864230e+00
8.714420000000000073e+03 4.665106052070409071e+00 1.803244656897576898e+07 3.216233580658176550e+00
8.745880000000001019e+03 4.665687222070192597e+00 1.805232517270527408e+07 3.217432434628910265e+00
8.777340000000000146e+03 4.670331596434027510e+00 1.813601622987352684e+07 3.220610479311832197e+00
8.808800000000001091e+03 4.626966247337318983e+00 1.789497437474361807e+07 3.241071562413722518e+00
8.840260000000000218e+03 4.699013867937496869e+00 1.825548478711805865e+07 3.214072455053565314e+00
8.871719999999999345e+03 4.612309463890042593e+00 1.764798055151261389e+07 3.250472251142006996e+00
8.903180000000000291e+03 4.625728929072529638e+00 1.776981876451867819e+07 3.242289535340397322e+00
8.934639999999999418e+03 4.645084662956786126e+00 1.795978466056917608e+07 3.251765500014362598e+00
8.966100000000000364e+03 4.658828562657648220e+00 1.790036724249665439e+07 3.230112479812500936e+00
8.997559999999999491e+03 4.705995700258370995e+00 1.827051082007878646e+07 3.211570907711137401e+00
9.029020000000000437e+03 4.661210562328187201e+00 1.786491134235398471e+07 3.236637516727119745e+00
9.060479999999999563e+03 4.692233751628900329e+00 1.814118370616332814e+07 3.228029937224621726e+00
9.091940000000000509e+03 4.693131354940635269e+00 1.795520535498678684e+07 3.218611215334831854e+00
9.123399999999999636e+03 4.709674819134046508e+00 1.818829719503122568e+07 3.210091391987961451e+00
9.154860000000000582e+03 4.677118858422315562e+00 1.790283110708049685e+07 3.223627755057844713e+00
9.186319999999999709e+03 4.661658100112071601e+00 1.786574193471878394e+07 3.244699264737553879e+00
9.217780000000000655e+03 4.658328722190291593e+00 1.782340962063969299e+07 3.249380091584905816e+00
9.249239999999999782e+03 4.678839263562662332e+00 1.776145672435534745e+07 3.211819227770443153e+00
9.280700000000000728e+03 4.739719994728393893e+00 1.808532687468530983e+07 3.192915790644385243e+00
9.312159999999999854e+03 4.721073872215588274e+00 1.807385941273805499e+07 3.215643452080682252e+00
9.343620000000000800e+03 4.729501279312185780e+00 1.796863215881035104e+07 3.198016268285018171e+00
9.375079999999999927e+03 4.709131813253331522e+00 1.791863607125332952e+07 3.207722672189819768e+00
9.406540000000000873e+03 4.704211337963922546e+00 1.793435684941187501e+07 3.219873819010942828e+00
9.438000000000000000e+03 4.752173860116176485e+00 1.815883430265557766e+07 3.197932928223508942e+00
9.469460000000000946e+03 4.718165083220619671e+00 1.804352532077923045e+07 3.221458138646176028e+00
9.500920000000000073e+03 4.730249981109333035e+00 1.803641391128316522e+07 3.215626584532914389e+00
9.532380000000001019e+03 4.789776071390199341e+00 1.830996936671622097e+07 3.190345501207207057e+00
9.563840000000000146e+03 4.735153780541372370e+00 1.791916315221669152e+07 3.198389783348415172e+00
9.595300000000001091e+03 4.732915792989813575e+00 1.790241034061865136e+07 3.205351554932016178e+00
9.626760000000000218e+03 4.743719471459818315e+00 1.797169959460180253e+07 3.202142298919735008e+00
9.658220000000001164e+03 4.736680330009492401e+00 1.802640167613150552e+07 3.213407283167526884e+00
9.689680000000000291e+03 4.787107505906422311e+00 1.822569655707759410e+07 3.183858149255842651e+00
9.721139999999999418e+03 4.778506942617094744e+00 1.824539657526388019e+07 3.200690919026634607e+00
9.752600000000000364e+03 4.758493286766488417e+00 1.808326181579502672e+07 3.195793148782314574e+00
9.784059999999999491e+03 4.748379381834513246e+00 1.815212289644506946e+07 3.216090195301028576e+00
9.815520000000000437e+03 4.735227059783416514e+00 1.798923196534214541e+07 3.216733619178501868e+00
9.846979999999999563e+03 4.780450819543172969e+00 1.815448450567200407e+07 3.202357251871236876e+00
9.878440000000000509e+03 4.709436125893470937e+00 1.778870425530484691e+07 3.228336279428247746e+00
9.909899999999999636e+03 4.758900287677030327e+00 1.799995281725949422e+07 3.193726095339810556e+00
9.941360000000000582e+03 4.805529995173222879e+00 1.812893101970573515e+07 3.181411528887385654e+00
9.972819999999999709e+03 4.797561796805624112e+00 1.812752522897648811e+07 3.194486825172189182e+00
1.000428000000000065e+04 4.776841754136933460e+00 1.809884058569587767e+07 3.212788250244481336e+00
1.003573999999999978e+04 4.760826454382010020e+00 1.793622837067176029e+07 3.206320163073470120e+00
1.006720000000000073e+04 4.782240911896630031e+00 1.799965213854962587e+07 3.185613969753010810e+00
1.009865999999999985e+04 4.832771306022962676e+00 1.827355296288226545e+07 3.168499229501357650e+00
1.013012000000000080e+04 4.803221428542889804e+00 1.809412097068248689e+07 3.184136559741297834e+00
1.016157999999999993e+04 4.830877880780019673e+00 1.821629160860291496e+07 3.171315808313007967e+00
1.019304000000000087e+04 4.770084952598891093e+00 1.811602935040158778e+07 3.206855292291574955e+00
1.022450000000000000e+04 4.746870768891373160e+00 1.785940586787709966e+07 3.216714601795912731e+00
1.025596000000000095e+04 4.782696986867208899e+00 1.803628131926719472e+07 3.205843924277277157e+00
1.028742000000000007e+04 4.836895629545711728e+00 1.804576526781086996e+07 3.163131493387765669e+00
1.031888000000000102e+04 4.855614759724563356e+00 1.845704159623616561e+07 3.185351614373044260e+00
1.035034000000000015e+04 4.818987703967041902e+00 1.811214475889083743e+07 3.183363628683154811e+00
1.038180000000000109e+04 4.861727739250724767e+00 1.844034163300807402e+07 3.171075822728834925e+00
1.041326000000000022e+04 4.868803090784887821e+00 1.835287261064807698e+07 3.158564364283333425e+00
1.044472000000000116e+04 4.871313370659411390e+00 1.846512494383578375e+07 3.170271288541036014e+00
1.047618000000000029e+04 4.816061046053176753e+00 1.820106707623219863e+07 3.195054094291061464e+00
1.050763999999999942e+04 4.877430811517564635e+00 1.829105668010714650e+07 3.158554923974136841e+00
1.053910000000000036e+04 4.842001893927027290e+00 1.821900378682832792e+07 3.178091923220226711e+00
1.057055999999999949e+04 4.889319650452660149e+00 1.865046022414922714e+07 3.171222209819188009e+00
1.060202000000000044e+04 4.834464322759910004e+00 1.805047142010384426e+07 3.168972540705249141e+00
1.063347999999999956e+04 4.897659476080145069e+00 1.857192138236350566e+07 3.158358386908097337e+00
1.066494000000000051e+04 4.900624208577748497e+00 1.843609016704022884e+07 3.167451406536808012e+00
1.069639999999999964e+04 4.855500210642825110e+00 1.828898259091669694e+07 3.181512546652423445e+00
1.072786000000000058e+04 4.932978300625611823e+00 1.855067751935892925e+07 3.140626663117822570e+00
1.075931999999999971e+04 4.886477828406593282e+00 1.828592840735460445e+07 3.147182270407936411e+00
1.079078000000000065e+04 4.880327426319078121e+00 1.830991379318861291e+07 3.157538410281214070e+00
1.082223999999999978e+04 4.885465357761982652e+00 1.835449705045603216e+07 3.165723112393839855e+00
1.085370000000000073e+04 4.914090604785932292e+00 1.854424313709428161e+07 3.157780658840236843e+00
1.088515999999999985e+04 4.881213962584600274e+00 1.844154282696989179e+07 3.172919782337109584e+00
1.091662000000000080e+04 4.884334529321289864e+00 1.846716239490825683e+07 3.172550844276945003e+00
1.094807999999999993e+04 4.901412823392227835e+00 1.849134547209085152e+07 3.144866938688976266e+00
1.097954000000000087e+04 4.902079916563003792e+00 1.840564005359703675e+07 3.161068434842262853e+00
1.101100000000000000e+04 4.912739204361507461e+00 1.838498288925157115e+07 3.158991436851099177e+00
1.104246000000000095e+04 4.965832289985253389e+00 1.850849635024223849e+07 3.117026398026782275e+00
1.107392000000000007e+04 4.941403707277774338e+00 1.868573722651445493e+07 3.146086852582093307e+00
1.110538000000000102e+04 4.923538891039462406e+00 1.844202728905464709e+07 3.142012502530221241e+00
1.113684000000000015e+04 4.882125313510840670e+00 1.834076918688496575e+07 3.170275208708341008e+00
1.116830000000000109e+04 4.930783396938195118e+00 1.850837861026826873e+07 3.147009859275329280e+00
1.119976000000000022e+04 4.909992580252152905e+00 1.834743614723638818e+07 3.155066434147328902e+00
1.123122000000000116e+04 4.960927834261017466e+00 1.861124834926611185e+07 3.133852532011938141e+00
1.126268000000000029e+04 4.928438465350808428e+00 1.852086128167427704e+07 3.154910531219087488e+00
1.129413999999999942e+04 4.962993992439609592e+00 1.878138202419848368e+07 3.143096857097902319e+00
1.132560000000000036e+04 4.901961404402051414e+00 1.847475491738875583e+07 3.163513920166296067e+00
1.135705999999999949e+04 4.969437984200697045e+00 1.872753115579826757e+07 3.141019866213942802e+00
1.138852000000000044e+04 4.993294421513556181e+00 1.891083292697827891e+07 3.137524457030665292e+00
1.141997999999999956e+04 4.971435430635811947e+00 1.876523775706507266e+07 3.138150521319221120e+00
1.145144000000000051e+04 4.925269967392537751e+00 1.834332710249239579e+07 3.146605775069831967e+00
1.148289999999999964e+04 4.963588246484378352e+00 1.878954126280771196e+07 3.148580840438705231e+00
1.151436000000000058e+04 4.954141124292933185e+00 1.862263400004389510e+07 3.145607437797376171e+00
1.154581999999999971e+04 5.008400289434326247e+00 1.878127411594757065e+07 3.121949665249194705e+00
1.157728000000000065e+04 4.988793594882046989e+00 1.879336018903964013e+07 3.136472948348604017e+00
1.160873999999999978e+04 4.995092052513392389e+00 1.876997168816684932e+07 3.118175282192819253e+00
1.164020000000000073e+04 4.982697072447806796e+00 1.867595553868946433e+07 3.123966106894893180e+00
1.167165999999999985e+04 5.001154105291736762e+00 1.881264423247202858e+07 3.138218862199585679e+00
1.170312000000000080e+04 4.997233610776776302e+00 1.882962977725021914e+07 3.130442827830507202e+00
1.173457999999999993e+04 4.985320636096727931e+00 1.877845718180003390e+07 3.128351340479694986e+00
1.176604000000000087e+04 4.993081201544454117e+00 1.880315550691210106e+07 3.139536621761488178e+00
1.179750000000000000e+04 4.977450572090689640e+00 1.861665757406659424e+07 3.131770564464414264e+00
1.182896000000000095e+04 5.027281391652588916e+00 1.895331897137917578e+07 3.113992970089376033e+00
1.186042000000000007e+04 5.031174318183464500e+00 1.904994369447319582e+07 3.132270642178025977e+00
1.189188000000000102e+04 4.971696332241400285e+00 1.876701422688041255e+07 3.153116995310149218e+00
1.192334000000000015e+04 5.022527037335389188e+00 1.882758666180885211e+07 3.103346701738662006e+00
1.195480000000000109e+04 5.004370240936844461e+00 1.886468500960548222e+07 3.123721148148164595e+00
1.198626000000000022e+04 5.011800953782211465e+00 1.875631354454331845e+07 3.112189420349201097e+00
1.201772000000000116e+04 4.937615609952382023e+00 1.843657537674617395e+07 3.148381317247626932e+00
1.204918000000000029e+04 4.976984886111551987e+00 1.859767618878233060e+07 3.128877656173053357e+00
1.208063999999999942e+04 5.015968080800394802e+00 1.873652918556289375e+07 3.115811102532926036e+00
1.211210000000000036e+04 4.988610219613969221e+00 1.876404988860943913e+07 3.145818226878479784e+00
1.214355999999999949e+04 5.046227915480140602e+00 1.908318401352721080e+07 3.122105426032283138e+00
1.217502000000000044e+04 5.050865440987244881e+00 1.886381693907468021e+07 3.111710709228931560e+00
1.220647999999999956e+04 5.029341170999234834e+00 1.915999169258843362e+07 3.126761152015296030e+00
1.223794000000000051e+04 5.051832117553469281e+00 1.897726259704498947e+07 3.113949999622997122e+00
1.226939999999999964e+04 5.064741877374522083e+00 1.897622772676017880e+07 3.117238947144011618e+00
1.230086000000000058e+04 5.047789752056806023e+00 1.885862017289607227e+07 3.119218780974293281e+00
1.233231999999999971e+04 5.032639813528418493e+00 1.901131304145007581e+07 3.146829098357270205e+00
1.236378000000000065e+04 5.138165187521157584e+00 1.929945126276153326e+07 3.082105506553668217e+00
1.239523999999999978e+04 5.014262385697935365e+00 1.902764254258788377e+07 3.131430682987355052e+00
1.242670000000000073e+04 5.041980077096564372e+00 1.907932158867082745e+07 3.107170134834861042e+00
1.245815999999999985e+04 5.062367059527187685e+00 1.900320299201999232e+07 3.102548953749333815e+00
1.248962000000000080e+04 5.074179431793264250e+00 1.902290138093472645e+07 3.115911569135429549e+00
1.252107999999999993e+04 5.100078975694915862e+00 1.921594071355777979e+07 3.099049972860904223e+00
1.255254000000000087e+04 5.128139794501898052e+00 1.941578384394001588e+07 3.091927793388018930e+00
1.258400000000000000e+04 5.069292249080983304e+00 1.923232571515346691e+07 3.103456726671482091e+00
1.261546000000000095e+04 5.080211724180268007e+00 1.940354276897697151e+07 3.100205094927340976e+00
1.264692000000000007e+04 5.161071757598295839e+00 1.961527718824689835e+07 3.085475119886227802e+00
1.267838000000000102e+04 5.101710179339770335e+00 1.915643614901702106e+07 3.095403847042205836e+00
1.270984000000000015e+04 5.211438719288825183e+00 1.957010753306126967e+07 3.058148062201320627e+00
1.274130000000000109e+04 5.064362385410535516e+00 1.896750313206142560e+07 3.110354570592038570e+00
1.277276000000000022e+04 5.206422609249199418e+00 1.970198427732270584e+07 3.073051619148284619e+00
1.280422000000000116e+04 5.106952077830153591e+00 1.922110905733325705e+07 3.104046760795836413e+00
1.283568000000000029e+04 5.130764980602028125e+00 1.928881983717600256e+07 3.081853544618291085e+00
1.286714000000000124e+04 5.100746778751903854e+00 1.934724663577317074e+07 3.102068991917777296e+00
1.289860000000000036e+04 5.091404171485780061e+00 1.918964567309671268e+07 3.086121309215375863e+00
1.293005999999999949e+04 5.103187202954758916e+00 1.923818290296038613e+07 3.094145952047640424e+00
1.296152000000000044e+04 5.118961372610522531e+00 1.927904768744483590e+07 3.091486112662646502e+00
1.299297999999999956e+04 5.096887667209574424e+00 1.930840420224815235e+07 3.107044651303390026e+00
1.302444000000000051e+04 5.162827013569013523e+00 1.940881341560019553e+07 3.090417630750319944e+00
1.305589999999999964e+04 5.100093693390855165e+00 1.915054625517278910e+07 3.089204255186380088e+00
1.308736000000000058e+04 5.160560723798938376e+00 1.949916523305016384e+07 3.069528749921992539e+00
1.311881999999999971e+04 5.156252422922233514e+00 1.930433581285112724e+07 3.084996794691639010e+00
1.315028000000000065e+04 5.087893770469500865e+00 1.918463212391031533e+07 3.115417554291767477e+00
1.318173999999999978e+04 5.183552908217021304e+00 1.977590323249084502e+07 3.076351476894767067e+00
1.321320000000000073e+04 5.107443539947857936e+00 1.917338318627584726e+07 3.087226834098371508e+00
1.324465999999999985e+04 5.133994558454704205e+00 1.939635147502279654e+07 3.088943884145513241e+00
1.327612000000000080e+04 5.174322668868597930e+00 1.959602978620141745e+07 3.070402102597834748e+00
1.330757999999999993e+04 5.098092601866848206e+00 1.921244866398812830e+07 3.088856757719535828e+00
1.333904000000000087e+04 5.170634286772337163e+00 1.949052616237098724e+07 3.069290565765925294e+00
1.337050000000000000e+04 5.148910412699922112e+00 1.933795082416957244e+07 3.082392663764881746e+00
1.340196000000000095e+04 5.207760904468563545e+00 1.967882968031501397e+07 3.068686782364430599e+00
1.343342000000000007e+04 5.095234766836213680e+00 1.941764344053907692e+07 3.128530519346763406e+00
1.346488000000000102e+04 5.092860791402136655e+00 1.936764224894258752e+07 3.111068231864463574e+00
1.349634000000000015e+04 5.234100001376369882e+00 1.993820048194778711e+07 3.042421747991661096e+00
1.352780000000000109e+04 5.188964650538492762e+00 1.951786981699018925e+07 3.077370675977289860e+00
1.355926000000000022e+04 5.141463642098285547e+00 1.941829224157020077e+07 3.106291262610942461e+00
1.359072000000000116e+04 5.244987166038047377e+00 1.975816480727928132e+07 3.054981677815162389e+00
1.362218000000000029e+04 5.275372391071827316e+00 2.004877838468718901e+07 3.051144416092690381e+00
1.365364000000000124e+04 5.220044065213230944e+00 1.979550843079499155e+07 3.066901197498988374e+00
1.368510000000000036e+04 5.176889616226249657e+00 1.959517688289116696e+07 3.074788109791421586e+00
1.371655999999999949e+04 5.184499489923019233e+00 1.957874735867907107e+07 3.064867107495155008e+00
1.374802000000000044e+04 5.215172787458540959e+00 1.987273275101374090e+07 3.055445523313337741e+00
1.377947999999999956e+04 5.124427766562199338e+00 1.936799045568472520e+07 3.085389735762244623e+00
1.381094000000000051e+04 5.142578218113437849e+00 1.958583635321639478e+07 3.094623502907162482e+00
1.384239999999999964e+04 5.217907861335659092e+00 1.975000961687594280e+07 3.060202362094619488e+00
1.387386000000000058e+04 5.158078153668006038e+00 1.943303772342389822e+07 3.079307556486178488e+00
1.390531999999999971e+04 5.185316952850912209e+00 1.947745105645995960e+07 3.065655975789150833e+00
1.393678000000000065e+04 5.245042018435071896e+00 1.986236444880358502e+07 3.052986290942900638e+00
1.396823999999999978e+04 5.241711331033968690e+00 1.973382265982642397e+07 3.065285407535226714e+00
1.399970000000000073e+04 5.191364729797660615e+00 1.966591974603118375e+07 3.062585969382731310e+00
1.403115999999999985e+04 5.157713847503922366e+00 1.955651909056177735e+07 3.091635716600423578e+00
1.406262000000000080e+04 5.212155848217466136e+00 1.961182569847217947e+07 3.075175756334442401e+00
1.409407999999999993e+04 5.236519307236289222e+00 1.977652730634361133e+07 3.056082686432734619e+00
1.412554000000000087e+04 5.170677556314149825e+00 1.957348077643914148e+07 3.082513678744664531e+00
1.415700000000000000e+04 5.243909454334562348e+00 1.998831532782093808e+07 3.048203410382789080e+00
1.418846000000000095e+04 5.237071040931385646e+00 1.992027904978015646e+07 3.059583246582572524e+00
1.421992000000000007e+04 5.226027366719452338e+00 2.001479021330622956e+07 3.066091341520069680e+00
1.425138000000000102e+04 5.249113989838115835e+00 1.996300836455200985e+07 3.051645161138362372e+00
1.428284000000000015e+04 5.308435109992307055e+00 2.039110406642718613e+07 3.034806095432582396e+00
1.431430000000000109e+04 5.263319276418972237e+00 1.982923412534775957e+07 3.040862242969208484e+00
1.434576000000000022e+04 5.268328510301238055e+00 1.992041164295343310e+07 3.053826987196361031e+00
1.437722000000000116e+04 5.275919458067113155e+00 1.998384311220950633e+07 3.038603314916846987e+00
1.440868000000000029e+04 5.204273695683868439e+00 1.982148646724328771e+07 3.073679019240148413e+00
1.444014000000000124e+04 5.202752979222585950e+00 1.977081619369008765e+07 3.074009694157181727e+00
1.447160000000000036e+04 5.224237524873418970e+00 1.988836652963158488e+07 3.069026902990689365e+00
1.450305999999999949e+04 5.367897368050852158e+00 2.049563776361116394e+07 3.021581195023513633e+00
1.453452000000000044e+04 5.307916558035234544e+00 2.019876820550139248e+07 3.048641489484029243e+00
1.456597999999999956e+04 5.384674439538491342e+00 2.043635441335308924e+07 3.020003586320659128e+00
1.459744000000000051e+04 5.304491618975606393e+00 1.995421191055275127e+07 3.027385132958726910e+00
1.462889999999999964e+04 5.222071483985865292e+00 1.968383245701954514e+07 3.050530459793430182e+00
1.466036000000000058e+04 5.161414237019712026e+00 1.966940491665632278e+07 3.076556489040187969e+00
1.469181999999999971e+04 5.263295908491815389e+00 2.000389598613816500e+07 3.043203687046868833e+00
1.472328000000000065e+04 5.225401403909521569e+00 1.992839039040046930e+07 3.053282415133296901e+00
1.475473999999999978e+04 5.277691276275235488e+00 2.024040376419560239e+07 3.057412422177347988e+00
1.478620000000000073e+04 5.247159020382616390e+00 1.990176308193578944e+07 3.054208151243396507e+00
1.481765999999999985e+04 5.225115257770325705e+00 1.978280331406171992e+07 3.068379991891946545e+00
1.484912000000000080e+04 5.223998391407369546e+00 1.975016411114181578e+07 3.062625731873886981e+00
1.488057999999999993e+04 5.347203300238395407e+00 2.031522966018862277e+07 3.014500185442114955e+00
1.491204000000000087e+04 5.276453658866052443e+00 2.007929308144908398e+07 3.031684740318377536e+00
1.494350000000000000e+04 5.212733065972253499e+00 1.967012626801137626e+07 3.082082520711995510e+00
1.497496000000000095e+04 5.380713167908309558e+00 2.051848816497501731e+07 3.008722391899814053e+00
1.500642000000000007e+04 5.195928314390031666e+00 1.963709672402296588e+07 3.055729522387168107e+00
1.503788000000000102e+04 5.303092332955007926e+00 2.004348252295106649e+07 3.052938469194988347e+00
1.506934000000000015e+04 5.350481977270098000e+00 2.027338397182977945e+07 3.028590245851244589e+00
1.510080000000000109e+04 5.233376339939692201e+00 1.985009816660267860e+07 3.057924610853297143e+00
1.513226000000000022e+04 5.257793403054532355e+00 1.995652251453389227e+07 3.039593180060091715e+00
1.516372000000000116e+04 5.281368891559863776e+00 1.998616415769083798e+07 3.024073948031316572e+00
1.519518000000000029e+04 5.329298055836731329e+00 2.020126429822408035e+07 3.030952578714192658e+00
1.522664000000000124e+04 5.239666578512850670e+00 1.984953762317090854e+07 3.062209837208693664e+00
1.525810000000000036e+04 5.174894160918585229e+00 1.946350585920855775e+07 3.071660855722007089e+00
1.528956000000000131e+04 5.299197959631158028e+00 2.004947973214083910e+07 3.020413772599428892e+00
1.532102000000000044e+04 5.232610569224881658e+00 1.974588670444815233e+07 3.065279425188938145e+00
1.535247999999999956e+04 5.305388676757243793e+00 2.004692327883768454e+07 3.047394352300645259e+00
1.538394000000000051e+04 5.197741998012353370e+00 1.959403501912185177e+07 3.075138185318714523e+00
1.541539999999999964e+04 5.228896320300489897e+00 1.978175862719184533e+07 3.057411202036606213e+00
1.544686000000000058e+04 5.276178916941394625e+00 1.991502133500939235e+07 3.022562595745108993e+00
1.547831999999999971e+04 5.274289983047678376e+00 1.989043321920519695e+07 3.034513617128635321e+00
1.550978000000000065e+04 5.322440071513570459e+00 2.017937490934919193e+07 3.032294726697022380e+00
1.554123999999999978e+04 5.206158270865530291e+00 1.955891067819619551e+07 3.072046761460360820e+00
1.557270000000000073e+04 5.316287520230503105e+00 2.015559917879626527e+07 3.040401766421570340e+00
1.560415999999999985e+04 5.292517984854343105e+00 2.004986850329118595e+07 3.036795181837311564e+00
1.563562000000000080e+04 5.289194131689420431e+00 1.990703935895558447e+07 3.019391705735655407e+00
1.566707999999999993e+04 5.326868873081677336e+00 2.033024931385609508e+07 3.029921471980917769e+00
1.569854000000000087e+04 5.235393902990067794e+00 1.971670842994716018e+07 3.041950712203196350e+00
