0.000000000000000000e+00 8.901170610602108354e+03 1.073470911046844703e+05 8.673655088655949363e-01
1.258599999999999994e+02 2.126735503159333348e+03 4.314985499080540612e+06 1.585163812277191386e+00
2.517199999999999989e+02 3.299574269225813948e-03 0.000000000000000000e+00 3.698327531924203413e+02
3.775799999999999841e+02 1.685764646753076931e+03 4.148796512636271305e+06 1.671646178261757543e+00
5.034399999999999977e+02 6.797593458120141804e+03 3.069518191774151288e+06 1.343832239708951271e+00
6.292999999999999545e+02 4.043182978689386800e+03 1.327462276006353932e+03 3.815885233724087278e-01
7.551599999999999682e+02 7.838806176229176081e-01 2.546955581553390857e+03 2.074108403323212446e+00
8.810199999999999818e+02 7.650851682702219936e-01 2.284953967072254727e+03 2.058045862219279432e+00
1.006879999999999995e+03 7.401772284581381589e-01 2.024283948790116256e+03 2.108452710718539347e+00
1.132740000000000009e+03 6.864347123447838150e-01 1.771951879501283884e+03 2.159325393535438398e+00
1.258599999999999909e+03 6.953309150384574533e-01 1.741745557901736674e+03 2.136215802418465426e+00
1.384460000000000036e+03 7.063566793054995019e-01 1.745507830201190473e+03 2.120783440557875377e+00
1.510319999999999936e+03 6.900382521319745610e-01 1.704602721874960480e+03 2.158419355756474367e+00
1.636180000000000064e+03 6.781966440994580125e-01 1.679584909367712498e+03 2.187959580756981826e+00
1.762039999999999964e+03 6.640066065988441402e-01 1.646805443461537607e+03 2.214126527841846048e+00
1.887900000000000091e+03 6.777335128590791236e-01 1.675242768161790991e+03 2.189519988560892028e+00
2.013759999999999991e+03 6.742231683519869234e-01 1.669778968968982326e+03 2.188805592064460459e+00
2.139619999999999891e+03 7.086218005557823885e-01 1.743660240184847908e+03 2.112560342782364042e+00
2.265480000000000018e+03 7.170693702151252902e-01 1.765062842899976431e+03 2.084201192503593703e+00
2.391340000000000146e+03 6.848361452548006323e-01 1.716951037156413804e+03 2.142836927068506370e+00
2.517199999999999818e+03 6.241918263417560730e-01 1.598857062937533328e+03 2.267183221794759174e+00
2.643059999999999945e+03 5.994439804479089196e-01 1.550813560351933347e+03 2.315954894108637863e+00
2.768920000000000073e+03 5.880853816597987338e-01 1.506314925006413660e+03 2.343182011571403045e+00
2.894780000000000200e+03 5.727244151118373594e-01 1.452271418792266104e+03 2.365721723176278601e+00
3.020639999999999873e+03 5.449288740498438033e-01 1.361790513298286896e+03 2.428818961260306164e+00
3.146500000000000000e+03 5.364790009373398005e-01 1.360350668145504414e+03 2.442397004832049134e+00
3.272360000000000127e+03 5.336940724159704441e-01 1.335004104242718995e+03 2.444826257096555100e+00
3.398219999999999800e+03 5.157209248978947835e-01 1.294063594368556551e+03 2.488452344889040990e+00
3.524079999999999927e+03 5.150637298485721827e-01 1.276923548057213793e+03 2.484802512176175426e+00
3.649940000000000055e+03 5.074568094781243266e-01 1.249781726629897321e+03 2.499711245408235971e+00
3.775800000000000182e+03 5.121979115721028153e-01 1.239738721112111079e+03 2.486370975447552922e+00
3.901659999999999854e+03 5.112536741771931403e-01 1.251294547255346743e+03 2.477815791341283269e+00
4.027519999999999982e+03 5.036372386345517871e-01 1.214116423124503626e+03 2.498577878288680498e+00
4.153380000000000109e+03 5.087417117465876659e-01 1.203535094933710980e+03 2.485692427800121784e+00
4.279239999999999782e+03 4.984309320826004752e-01 1.182500045124766302e+03 2.511277506795448478e+00
4.405100000000000364e+03 5.043238795889994908e-01 1.201133082349577307e+03 2.487462351180539599e+00
4.530960000000000036e+03 5.033036885030122143e-01 1.194690249376549218e+03 2.482564844379520519e+00
4.656819999999999709e+03 5.398136968534700264e-01 1.313744204554254793e+03 2.351195632438788152e+00
4.782680000000000291e+03 5.325030426895105418e-01 1.274139496921961609e+03 2.381632010908724784e+00
4.908539999999999964e+03 5.396462537387695102e-01 1.284852446952032778e+03 2.355680090149749439e+00
5.034399999999999636e+03 5.357031448007673058e-01 1.273665221202215434e+03 2.364070889205467374e+00
5.160260000000000218e+03 5.397167065146794007e-01 1.264259947080015536e+03 2.357827828253669544e+00
5.286119999999999891e+03 5.388824698021187354e-01 1.257543275126120761e+03 2.357835885997293879e+00
5.411979999999999563e+03 5.479145571399963721e-01 1.273703168194464979e+03 2.326141814619965054e+00
5.537840000000000146e+03 5.521366742480717793e-01 1.270041364736121523e+03 2.317731531802284195e+00
5.663699999999999818e+03 5.339250849898342643e-01 1.207034143677303291e+03 2.379964145888819882e+00
5.789560000000000400e+03 5.446806852995776937e-01 1.235657096019690471e+03 2.334926568005218250e+00
5.915420000000000073e+03 5.494920646129466402e-01 1.235601371975991697e+03 2.326412033868549223e+00
6.041279999999999745e+03 5.492463088199187604e-01 1.203660586572602597e+03 2.338169907714362505e+00
6.167140000000000327e+03 5.595854929211063755e-01 1.240389008219387733e+03 2.301184652679559850e+00
6.293000000000000000e+03 5.675953659989726452e-01 1.224046179104330122e+03 2.297767382973045613e+00
6.418859999999999673e+03 5.610017835340408432e-01 1.209908340461369562e+03 2.310965141576401649e+00
6.544720000000000255e+03 5.613949481180883216e-01 1.203771819749749739e+03 2.305663177613129555e+00
6.670579999999999927e+03 5.721093580826708269e-01 1.206844128839302357e+03 2.289101132545178441e+00
6.796439999999999600e+03 5.741570048010203875e-01 1.214860591456215616e+03 2.285727259804875011e+00
6.922300000000000182e+03 5.526571039167803567e-01 1.140456679904181783e+03 2.354941683344729420e+00
7.048159999999999854e+03 5.364804273224734743e-01 1.070641335395659326e+03 2.422390842516540133e+00
7.174019999999999527e+03 5.524857022779017246e-01 1.149805599877847953e+03 2.338068893639861923e+00
7.299880000000000109e+03 5.323659477319303557e-01 1.026989567508863956e+03 2.446069519662395830e+00
7.425739999999999782e+03 5.440647630916914945e-01 1.058138093500258037e+03 2.406706205086881489e+00
7.551600000000000364e+03 5.580950681817637982e-01 1.062856283483571588e+03 2.394365586802970736e+00
7.677460000000000036e+03 5.448544381827208349e-01 1.011227408941653380e+03 2.437258582758120795e+00
7.803319999999999709e+03 5.513171408250053807e-01 1.037270751270672008e+03 2.413306179565234189e+00
7.929180000000000291e+03 5.696403125050042426e-01 1.080081852088113237e+03 2.357258266284629755e+00
8.055039999999999964e+03 5.710116182798921081e-01 1.078779078075487178e+03 2.340668866396673042e+00
8.180899999999999636e+03 5.761539653161483754e-01 1.043190367557714580e+03 2.349824488385897858e+00
8.306760000000000218e+03 6.021469123368129450e-01 1.074305911377729672e+03 2.306418968078075782e+00
8.432620000000000800e+03 5.663155662616479180e-01 1.017617135335331568e+03 2.375577619225803350e+00
8.558479999999999563e+03 5.880485699857406212e-01 1.042143542689438164e+03 2.335670174087149942e+00
8.684340000000000146e+03 5.985723193963450317e-01 1.058622378470321564e+03 2.315561929041864531e+00
