3.000000000000000000e+02 7.223427825482422904e+00 1.158953397786017518e+02 4.737682848930541701e-01
4.258600000000000136e+02 9.159893261349274951e+00 1.076471716652327757e+02 4.644173673808247305e-01
5.517200000000000273e+02 1.290673982915298668e+00 4.232355470802623927e+02 1.138778100290162243e+00
6.775799999999999272e+02 1.238437190172114510e+00 3.881451682792730935e+03 1.976296520085844666e+00
8.034400000000000546e+02 1.292112144286385433e+00 4.910153157054256553e+03 1.959563930069876836e+00
1.055159999999999854e+03 1.375939254750252694e+00 5.229297442501388105e+03 1.933684037849067172e+00
1.558599999999999909e+03 1.308146563359266823e+00 5.137004063724532898e+03 1.984893518611519525e+00
1.684460000000000036e+03 1.363130527463568109e+00 5.292639515113927700e+03 1.937401569975484961e+00
1.810319999999999936e+03 1.310319734549221682e+00 5.161806312345250262e+03 1.971913604170992151e+00
2.313760000000000218e+03 1.210483740710572187e+00 4.569140126500202314e+03 2.004054130332332040e+00
2.691340000000000146e+03 1.129362000411485267e+00 4.253086206393011707e+03 2.052394740672194295e+00
3.068920000000000073e+03 1.058000286226064679e+00 3.806457670788966880e+03 2.100160179019418205e+00
3.698219999999999800e+03 9.850023149969875380e-01 3.388783422136932131e+03 2.138383482743844599e+00
4.956819999999999709e+03 9.206614882697341518e-01 2.721908136661913886e+03 2.185204499393385902e+00
9.913695200000000114e+03 8.417634541919291058e-01 2.032286437405928154e+03 2.211036701495285861e+00
3.687556160000000091e+04 9.140364281185709983e-01 1.590536000107210384e+03 2.069548181616307048e+00
4.650479959999999846e+04 8.611987696008325255e-01 1.438363349288151085e+03 2.156233727653096732e+00
4.843064719999999943e+04 9.554728553435432037e-01 1.626624408226867217e+03 2.010512386235874693e+00
5.228234240000000136e+04 9.008101395900570685e-01 1.446741573367806950e+03 2.105981891237783454e+00
5.805988520000000426e+04 9.044425157097496504e-01 1.501459493051044092e+03 2.079203757570434075e+00
