306.784 0.601331 1219.21 1.86321
346.115 0.801303 2059.44 1.95982
409.045 0.808931 2754.17 1.97407
503.44 0.965365 3018.28 1.96409
629.3 1.05656 3404.86 1.92437
755.16 1.10154 3583.86 1.90613
881.02 1.11779 3638.51 1.90421
1006.88 1.12744 3656.3 1.89912
1132.74 1.10919 3611.51 1.91328
1258.6 1.10824 3588.83 1.90849
1384.46 1.09202 3540.42 1.91532
1510.32 1.07048 3466.56 1.92919
1636.18 1.04678 3385.29 1.94075
1762.04 1.00589 3249.37 1.96375
1887.9 0.938927 3048.6 2.01401
2013.76 0.874064 2839.37 2.06522
2139.62 0.831171 2673.79 2.09715
2265.48 0.784872 2504.89 2.14008
2391.34 0.726204 2303.45 2.20929
2517.2 0.686802 2149.61 2.2573
2643.06 0.657071 2031.08 2.29876
2768.92 0.624957 1897.57 2.34471
2894.78 0.602052 1792.09 2.37816
3020.64 0.573395 1680.7 2.43264
3146.5 0.555111 1594.38 2.46678
3272.36 0.538825 1522.21 2.49977
3398.22 0.523833 1449.8 2.52931
3524.08 0.506054 1368.95 2.5749
3649.94 0.506524 1349.91 2.5738
3775.8 0.491347 1280.7 2.61749
3901.66 0.518493 1353.58 2.52676
4027.52 0.503223 1289.85 2.56921
4153.38 0.508933 1284.62 2.54823
4279.24 0.495105 1228.08 2.58762
4405.1 0.491064 1199.4 2.59999
4530.96 0.48139 1153.27 2.63588
4656.82 0.485813 1156.65 2.61984
4782.68 0.499659 1183.97 2.57378
4908.54 0.50987 1201.7 2.53682
5034.4 0.507892 1179.78 2.54516
5160.26 0.513217 1189.93 2.52436
5286.12 0.51612 1183.97 2.51417
5411.98 0.51718 1175.75 2.50828
5537.84 0.520038 1172.68 2.50763
5663.7 0.531872 1195.13 2.46632
5789.56 0.527812 1168.63 2.48054
5915.42 0.551016 1215.61 2.42058
6041.28 0.534822 1167.21 2.46119
6167.14 0.539356 1165.38 2.45456
6293 0.555695 1196.2 2.40626
6418.86 0.559636 1193.1 2.40263
6544.72 0.556388 1177.07 2.40758
6670.58 0.577807 1211.72 2.35826
6796.44 0.569846 1183.51 2.37716
6922.3 0.557256 1149.39 2.40852
7048.16 0.576952 1184.8 2.36055
7174.02 0.569689 1160.29 2.37908
7299.88 0.598335 1201.11 2.31853
7425.74 0.582663 1165.74 2.35792
