3.000000000000000000e+02 7.223427825482422904e+00 1.158953397786017518e+02 4.737682848930541701e-01
6.146499999999999773e+02 3.104819425266097443e+00 2.437696432635910355e+02 6.669829602786346845e-01
6.303825000000000500e+02 8.211954042638851536e-01 6.176408089484983748e+02 1.444943182411146054e+00
6.461150000000000091e+02 8.323748487512790950e-01 1.392409461425541849e+03 1.821568955033122439e+00
6.618475000000000819e+02 9.822330857397226778e-01 2.196219455566537818e+03 1.895039047322951919e+00
6.775799999999999272e+02 1.238437190172114510e+00 3.881451682792730935e+03 1.976296520085844666e+00
8.034400000000000546e+02 1.292112144286385433e+00 4.910153157054256553e+03 1.959563930069876836e+00
2.062039999999999964e+03 1.265632973828170638e+00 4.845874658159612409e+03 1.990221321023076140e+00
4.075800000000000182e+03 9.861523533258144125e-01 3.176171612268509307e+03 2.130785243071142254e+00
1.761708559999999852e+04 8.425195497679058843e-01 1.730918480466521942e+03 2.192045447746387765e+00
5.805988520000000426e+04 9.044425157097496504e-01 1.501459493051044092e+03 2.079203757570434075e+00
