0 0.0479208
0.545867 0.0500316
1.09173 0.0501889
1.6376 0.0567434
2.18347 0.0608337
2.72933 0.0705661
3.2752 0.108045
3.82107 0.145952
4.36693 0.13499
4.9128 0.103233
5.45867 0.0816335
6.00453 0.0522187
6.5504 0.0360405
7.09627 0.0275707
7.64213 0.0224581
8.188 0.0196712
8.73387 0.0169481
9.27973 0.0149509
9.8256 0.0129915
10.3715 0.011789
10.9173 0.0111723
11.4632 0.0103203
12.0091 0.00972932
12.5549 0.00928547
13.1008 0.00879042
13.6467 0.00840171
14.1925 0.00820698
14.7384 0.00795677
15.2843 0.00783033
15.8301 0.00757675
16.376 0.00735151
16.9219 0.00717203
17.4677 0.00705274
18.0136 0.0069538
18.5595 0.00682344
19.1053 0.00684381
19.6512 0.00676631
20.1971 0.00670908
20.7429 0.00660267
21.2888 0.00647184
21.8347 0.00660971
22.3805 0.0065547
22.9264 0.0064282
23.4723 0.00626129
24.0181 0.00644205
24.564 0.00643852
25.1099 0.00638651
25.6557 0.0063422
26.2016 0.00675903
26.7475 0.00803811
27.2933 0.0103967
27.8392 0.0124305
28.3851 0.0141245
28.9309 0.0175665
29.4768 0.0236293
30.0227 0.0267415
30.5685 0.0295043
31.1144 0.0329349
31.6603 0.0378026
32.2061 0.0436518
32.752 0.0494736
33.2979 0.0558864
33.8437 0.0625389
34.3896 0.0690614
34.9355 0.0758744
35.4813 0.0839129
36.0272 0.0924114
36.5731 0.102231
37.1189 0.112433
37.6648 0.124563
38.2107 0.137649
38.7565 0.152191
39.3024 0.16636
39.8483 0.181317
40.3941 0.199035
40.94 0.218795
41.4859 0.240016
42.0317 0.263645
42.5776 0.293321
43.1235 0.328324
43.6693 0.343431
44.2152 0.356304
44.7611 0.367331
45.3069 0.377599
45.8528 0.388076
46.3987 0.396878
46.9445 0.40562
47.4904 0.414252
48.0363 0.42164
48.5821 0.429954
49.128 0.438275
49.6739 0.446219
50.2197 0.455189
50.7656 0.462853
51.3115 0.471737
51.8573 0.480974
52.4032 0.489293
52.9491 0.496014
53.4949 0.505016
54.0408 0.512824
54.5867 0.520381
55.1325 0.527621
55.6784 0.535452
56.2243 0.543322
56.7701 0.550162
57.316 0.557149
57.8619 0.56503
58.4077 0.573542
58.9536 0.578034
59.4995 0.585834
60.0453 0.592359
60.5912 0.598858
61.1371 0.604608
61.6829 0.611977
62.2288 0.617873
62.7747 0.62676
63.3205 0.630495
63.8664 0.637018
64.4123 0.644025
64.9581 0.648815
65.504 0.655936
66.0499 0.662967
66.5957 0.666928
67.1416 0.67626
67.6875 0.679411
68.2333 0.687364
68.7792 0.690274
69.3251 0.69618
69.8709 0.70302
70.4168 0.711364
70.9627 0.715421
71.5085 0.717389
72.0544 0.7235
72.6003 0.728177
73.1461 0.734907
73.692 0.737577
74.2379 0.744116
74.7837 0.748805
75.3296 0.752123
75.8755 0.756032
76.4213 0.759672
76.9672 0.763926
77.5131 0.7711
78.0589 0.776092
78.6048 0.780108
79.1507 0.784389
79.6965 0.790375
80.2424 0.793731
80.7883 0.796595
81.3341 0.798629
81.88 0.807693
82.4259 0.810002
82.9717 0.813923
83.5176 0.817369
84.0635 0.823602
84.6093 0.82575
85.1552 0.828503
85.7011 0.833828
86.2469 0.839321
86.7928 0.840445
87.3387 0.845033
87.8845 0.849441
88.4304 0.850968
88.9763 0.856558
89.5221 0.85687
90.068 0.86125
90.6139 0.864245
91.1597 0.867979
91.7056 0.869643
92.2515 0.8717
92.7973 0.875316
93.3432 0.877713
93.8891 0.880319
94.4349 0.883076
94.9808 0.886337
95.5267 0.889377
96.0725 0.891938
96.6184 0.894175
97.1643 0.894915
97.7101 0.901117
98.256 0.901408
98.8019 0.906963
99.3477 0.908053
99.8936 0.913388
100.439 0.912346
100.985 0.912648
101.531 0.917367
102.077 0.920932
102.623 0.921935
103.169 0.925776
103.715 0.927229
104.261 0.933055
104.806 0.930991
105.352 0.93417
105.898 0.935341
106.444 0.941653
106.99 0.939024
107.536 0.943814
108.082 0.944535
108.627 0.946519
109.173 0.947047
109.719 0.946024
110.265 0.951596
110.811 0.954927
111.357 0.957527
111.903 0.958811
112.449 0.959456
112.994 0.961063
113.54 0.962505
114.086 0.963837
114.632 0.964666
115.178 0.966761
115.724 0.970417
116.27 0.973132
116.815 0.972864
117.361 0.978503
117.907 0.974773
118.453 0.978078
118.999 0.978315
119.545 0.983937
120.091 0.987029
120.637 0.984267
121.182 0.986802
121.728 0.990277
122.274 0.988496
122.82 0.994044
123.366 0.989068
123.912 0.994225
124.458 0.994101
125.003 0.992187
125.549 0.993684
126.095 0.995843
126.641 0.996106
127.187 0.997597
127.733 1.00143
128.279 1.00491
128.825 1.00188
129.37 1.00292
129.916 1.00443
130.462 1.00534
131.008 1.0066
131.554 1.00723
132.1 1.0083
132.646 1.00981
133.191 1.01206
133.737 1.01234
134.283 1.00963
134.829 1.01498
135.375 1.01394
135.921 1.01538
136.467 1.01976
137.013 1.02272
137.558 1.01865
138.104 1.02255
138.65 1.02339
139.196 1.0254
139.742 1.02884
140.288 1.02997
140.834 1.02892
141.379 1.02921
141.925 1.02853
142.471 1.03185
143.017 1.02985
143.563 1.0315
144.109 1.03322
144.655 1.03768
145.201 1.036
145.746 1.03452
146.292 1.04229
146.838 1.03557
147.384 1.03809
147.93 1.03218
148.476 1.03668
149.022 1.03584
149.567 1.03662
150.113 1.03989
150.659 1.04455
151.205 1.04268
151.751 1.04046
152.297 1.04563
152.843 1.04655
153.389 1.04939
153.934 1.04804
154.48 1.04676
155.026 1.04919
155.572 1.04725
156.118 1.05031
156.664 1.04941
157.21 1.05208
157.755 1.05078
158.301 1.05049
158.847 1.05202
159.393 1.0516
159.939 1.05233
160.485 1.05798
161.031 1.05443
161.577 1.05596
162.122 1.05903
162.668 1.05612
163.214 1.05729
163.76 1.05818
164.306 1.05904
164.852 1.05857
165.398 1.06008
165.943 1.06125
166.489 1.06508
167.035 1.06241
167.581 1.0646
168.127 1.06556
168.673 1.06615
169.219 1.06726
169.765 1.06639
170.31 1.0655
170.856 1.06595
171.402 1.06527
171.948 1.06513
172.494 1.06648
173.04 1.06864
173.586 1.06652
174.131 1.06945
174.677 1.06888
175.223 1.07194
175.769 1.06982
176.315 1.07112
176.861 1.07015
177.407 1.07035
177.953 1.07233
178.498 1.07193
179.044 1.07536
179.59 1.0741
180.136 1.07225
180.682 1.07727
181.228 1.07795
181.774 1.07927
182.319 1.07903
182.865 1.0814
183.411 1.07728
183.957 1.07847
184.503 1.07805
185.049 1.07942
185.595 1.08023
186.141 1.0807
186.686 1.08538
187.232 1.07954
187.778 1.0796
188.324 1.08239
188.87 1.085
189.416 1.08149
189.962 1.08043
190.507 1.08313
