0 6.88 1
180 6 0.847562
240 5.8 0.832291
300 5.67 0.835757
403 5.53 0.827716
463 5.45 0.752547
523 5.38 0.666726
583 5.31 0.426665
644 5.25 0.220898
703 5.18 0.130557
763 5.12 0.0745106
823 5.05 0.0184686
883 4.97 0.0185047
943 4.9 0.0185364
1003 4.82 0.0185725
1063 4.75 0.0186042
1123 4.68 0.018998
1183 4.62 0.0193873
1243 4.57 0.0197117
1303 4.52 0.0200362
1363 4.47 0.0204597
1423 4.43 0.0209176
1483 4.4 0.0212609
1543 4.36 0.0217188
1603 4.33 0.0220621
1663 4.3 0.0224055
1723 4.27 0.022876
1783 4.25 0.0233593
1843 4.22 0.0240842
1903 4.2 0.0245674
1963 4.18 0.0250507
2023 4.16 0.0268096
2083 4.14 0.0274373
2143 4.12 0.0280649
2203 4.1 0.0286926
2263 4.09 0.0290065
2323 4.07 0.0296342
2383 4.05 0.0302618
2443 4.04 0.0305757
2503 4.02 0.0312034
2563 4.01 0.0315172
2623 4 0.0318311
2683 3.98 0.0323149
2743 3.97 0.0324849
2803 3.96 0.0326549
2863 3.95 0.0328249
2923 3.94 0.0329948
2983 3.93 0.0331648
3043 3.91 0.0335048
3103 3.9 0.0336748
3163 3.89 0.0338448
3223 3.88 0.0340148
3283 3.87 0.0341848
3343 3.87 0.0341848
3403 3.86 0.0343547
3463 3.85 0.0347259
3523 3.84 0.035097
3583 3.83 0.0354682
3643 3.82 0.0358393
3703 3.81 0.0362105
3763 3.81 0.0362105
3823 3.8 0.0365816
3883 3.79 0.0369528
3943 3.78 0.0373239
4003 3.78 0.0373239
4063 3.77 0.0376951
4123 3.76 0.0380662
4183 3.75 0.0384374
4243 3.75 0.0384374
4303 3.74 0.0388085
4363 3.73 0.0391797
4423 3.73 0.0391797
4483 3.72 0.0395508
4543 3.71 0.039922
4603 3.71 0.039922
4663 3.7 0.0402931
4723 3.7 0.0402931
4783 3.69 0.0406643
4843 3.68 0.0410354
4903 3.68 0.0410354
4963 3.67 0.0426566
5023 3.67 0.0426566
5083 3.66 0.0442777
5143 3.66 0.0442777
5203 3.65 0.0458989
5263 3.65 0.0458989
5323 3.64 0.04752
5383 3.64 0.04752
5443 3.63 0.0491411
5503 3.63 0.0491411
5563 3.62 0.0507623
5623 3.62 0.0507623
5683 3.61 0.0523834
5743 3.61 0.0523834
5803 3.6 0.0540045
5863 3.6 0.0540045
5923 3.59 0.0556257
5983 3.59 0.0556257
6043 3.58 0.0572468
6103 3.58 0.0572468
6163 3.58 0.0572468
6223 3.57 0.058554
6283 3.57 0.058554
6343 3.56 0.0598611
6403 3.56 0.0598611
6463 3.55 0.0611682
6523 3.55 0.0611682
6583 3.55 0.0611682
6643 3.54 0.0624753
6703 3.54 0.0624753
6763 3.54 0.0624753
6823 3.53 0.0637825
6883 3.53 0.0637825
6943 3.52 0.0650896
7003 3.52 0.0650896
7063 3.52 0.0650896
7123 3.51 0.0663967
7183 3.51 0.0663967
7243 3.51 0.0663967
7303 3.5 0.0677039
7363 3.5 0.0677039
7423 3.5 0.0677039
7483 3.49 0.069011
7543 3.49 0.069011
7603 3.49 0.069011
7663 3.48 0.0703181
7723 3.48 0.0703181
7783 3.48 0.0703181
7843 3.47 0.0716253
7903 3.47 0.0716253
7963 3.47 0.0716253
8023 3.46 0.0729324
8083 3.46 0.0729324
8143 3.46 0.0729324
8203 3.45 0.0742395
8263 3.45 0.0742395
8323 3.45 0.0742395
8383 3.45 0.0742395
8443 3.44 0.0755467
8503 3.44 0.0755467
8563 3.44 0.0755467
8623 3.43 0.0768538
8683 3.43 0.0768538
8743 3.43 0.0768538
8803 3.43 0.0768538
8863 3.42 0.0781609
8923 3.42 0.0781609
8983 3.42 0.0781609
9043 3.42 0.0781609
9103 3.41 0.079468
9163 3.41 0.079468
9223 3.41 0.079468
9283 3.4 0.0807752
9343 3.4 0.0807752
9403 3.4 0.0807752
9463 3.4 0.0807752
9523 3.39 0.0845644
9583 3.39 0.0845644
9643 3.39 0.0845644
9703 3.39 0.0845644
9763 3.39 0.0845644
9823 3.38 0.0883535
9883 3.38 0.0883535
9943 3.38 0.0883535
10003 3.38 0.0883535
10063 3.37 0.0921427
10123 3.37 0.0921427
10183 3.37 0.0921427
10243 3.37 0.0921427
10303 3.37 0.0921427
10363 3.36 0.0959319
10423 3.36 0.0959319
10483 3.36 0.0959319
10543 3.36 0.0959319
10603 3.35 0.0997211
10663 3.35 0.0997211
10723 3.35 0.0997211
10783 3.35 0.0997211
10843 3.35 0.0997211
10903 3.34 0.10351
10963 3.34 0.10351
11023 3.34 0.10351
11083 3.34 0.10351
11143 3.34 0.10351
11203 3.34 0.10351
11263 3.33 0.107299
11323 3.33 0.107299
11383 3.33 0.107299
11443 3.33 0.107299
11503 3.33 0.107299
11563 3.32 0.110048
11623 3.32 0.110048
11683 3.32 0.110048
11743 3.32 0.110048
11803 3.32 0.110048
11863 3.31 0.112796
11923 3.31 0.112796
11983 3.31 0.112796
12043 3.31 0.112796
12103 3.31 0.112796
12163 3.31 0.112796
12223 3.31 0.112796
12283 3.3 0.115544
12343 3.3 0.115544
12403 3.3 0.115544
12463 3.3 0.115544
12523 3.3 0.115544
12583 3.3 0.115544
12643 3.29 0.118292
12703 3.29 0.118292
12763 3.29 0.118292
12823 3.29 0.118292
12883 3.29 0.118292
12943 3.29 0.118292
13003 3.28 0.12104
13063 3.28 0.12104
13123 3.28 0.12104
13183 3.28 0.12104
13243 3.28 0.12104
13303 3.28 0.12104
13363 3.28 0.12104
13423 3.27 0.123788
13483 3.27 0.123788
13543 3.27 0.123788
13603 3.27 0.123788
13663 3.27 0.123788
13723 3.27 0.123788
13783 3.27 0.123788
13843 3.26 0.126536
13903 3.26 0.126536
13963 3.26 0.126536
14023 3.26 0.126536
14083 3.26 0.126536
14143 3.26 0.126536
14203 3.26 0.126536
14263 3.26 0.126536
14323 3.25 0.129284
14383 3.25 0.129284
14443 3.25 0.129284
14503 3.25 0.129284
14563 3.25 0.129284
14623 3.25 0.129284
14683 3.25 0.129284
14743 3.25 0.129284
14803 3.24 0.132033
14863 3.24 0.132033
14923 3.24 0.132033
14983 3.24 0.132033
15043 3.24 0.132033
15103 3.24 0.132033
15163 3.24 0.132033
15223 3.24 0.132033
15283 3.23 0.134781
15343 3.23 0.134781
15403 3.23 0.134781
15463 3.23 0.134781
15523 3.23 0.134781
15583 3.23 0.134781
15643 3.23 0.134781
15703 3.23 0.134781
15763 3.23 0.134781
15823 3.22 0.137529
15883 3.22 0.137529
15943 3.22 0.137529
16003 3.22 0.137529
16063 3.22 0.137529
16123 3.22 0.137529
16183 3.22 0.137529
16243 3.22 0.137529
16303 3.22 0.137529
16363 3.22 0.137529
16423 3.21 0.140277
16483 3.21 0.140277
16543 3.21 0.140277
16603 3.21 0.140277
16663 3.21 0.140277
16723 3.21 0.140277
16783 3.21 0.140277
16843 3.21 0.140277
16903 3.21 0.140277
16963 3.21 0.140277
17023 3.21 0.140277
17083 3.2 0.143025
17143 3.2 0.143025
17203 3.2 0.143025
17263 3.2 0.143025
17323 3.2 0.143025
17383 3.2 0.143025
17443 3.2 0.143025
17503 3.2 0.143025
17563 3.2 0.143025
17623 3.2 0.143025
17683 3.2 0.143025
17743 3.19 0.145773
17803 3.19 0.145773
17863 3.19 0.145773
17923 3.19 0.145773
17983 3.19 0.145773
18043 3.19 0.145773
18103 3.19 0.145773
18163 3.19 0.145773
18223 3.19 0.145773
18283 3.19 0.145773
18343 3.19 0.145773
18403 3.19 0.145773
18463 3.19 0.145773
18523 3.18 0.148521
18583 3.18 0.148521
18643 3.18 0.148521
18703 3.18 0.148521
18763 3.18 0.148521
18823 3.18 0.148521
18883 3.18 0.148521
18943 3.18 0.148521
19003 3.18 0.148521
19063 3.18 0.148521
19123 3.18 0.148521
19183 3.18 0.148521
19243 3.18 0.148521
19303 3.18 0.148521
19363 3.17 0.151269
19423 3.17 0.151269
19483 3.17 0.151269
19543 3.17 0.151269
19603 3.17 0.151269
19663 3.17 0.151269
19723 3.17 0.151269
19783 3.17 0.151269
19843 3.17 0.151269
19903 3.17 0.151269
19963 3.17 0.151269
20023 3.17 0.151269
20083 3.17 0.151269
20143 3.17 0.151269
20203 3.17 0.151269
20263 3.16 0.154018
20323 3.16 0.154018
20383 3.16 0.154018
20443 3.16 0.154018
20503 3.16 0.154018
20563 3.16 0.154018
20623 3.16 0.154018
20683 3.16 0.154018
20743 3.16 0.154018
20803 3.16 0.154018
20863 3.16 0.154018
20923 3.16 0.154018
20983 3.16 0.154018
21043 3.16 0.154018
21103 3.16 0.154018
21163 3.16 0.154018
21223 3.16 0.154018
21283 3.15 0.157571
21343 3.15 0.157571
21403 3.15 0.157571
21463 3.15 0.157571
21523 3.15 0.157571
21583 3.15 0.157571
21643 3.15 0.157571
21703 3.15 0.157571
21763 3.15 0.157571
21823 3.15 0.157571
21883 3.15 0.157571
21943 3.15 0.157571
22003 3.15 0.157571
22063 3.15 0.157571
22123 3.15 0.157571
22183 3.15 0.157571
22243 3.15 0.157571
22303 3.15 0.157571
22363 3.15 0.157571
22423 3.14 0.161124
22483 3.14 0.161124
22543 3.14 0.161124
22603 3.14 0.161124
22663 3.14 0.161124
22723 3.14 0.161124
22783 3.14 0.161124
22843 3.14 0.161124
22903 3.14 0.161124
22963 3.14 0.161124
23023 3.14 0.161124
23083 3.14 0.161124
23143 3.14 0.161124
23203 3.14 0.161124
23263 3.14 0.161124
23323 3.14 0.161124
23383 3.14 0.161124
23443 3.14 0.161124
23503 3.14 0.161124
23563 3.14 0.161124
23623 3.14 0.161124
23683 3.14 0.161124
23743 3.13 0.164677
23803 3.13 0.164677
23863 3.13 0.164677
23923 3.13 0.164677
23983 3.13 0.164677
24043 3.13 0.164677
24103 3.13 0.164677
24163 3.13 0.164677
24223 3.13 0.164677
24283 3.13 0.164677
24343 3.13 0.164677
24403 3.13 0.164677
24463 3.13 0.164677
24523 3.13 0.164677
24583 3.13 0.164677
24643 3.13 0.164677
24703 3.13 0.164677
24763 3.13 0.164677
24823 3.13 0.164677
24883 3.13 0.164677
24943 3.13 0.164677
25003 3.13 0.164677
25063 3.13 0.164677
25123 3.13 0.164677
25183 3.13 0.164677
25243 3.13 0.164677
25303 3.13 0.164677
25363 3.12 0.16823
25423 3.12 0.16823
25483 3.12 0.16823
25543 3.12 0.16823
25603 3.12 0.16823
25663 3.12 0.16823
25723 3.12 0.16823
25783 3.12 0.16823
25843 3.12 0.16823
25903 3.12 0.16823
25963 3.12 0.16823
26023 3.12 0.16823
26083 3.12 0.16823
26143 3.12 0.16823
26203 3.12 0.16823
26263 3.12 0.16823
26323 3.12 0.16823
26383 3.12 0.16823
26443 3.12 0.16823
26503 3.12 0.16823
26563 3.12 0.16823
26623 3.12 0.16823
26683 3.12 0.16823
26743 3.12 0.16823
26803 3.12 0.16823
26863 3.12 0.16823
26923 3.12 0.16823
26983 3.12 0.16823
27043 3.12 0.16823
27103 3.12 0.16823
27163 3.12 0.16823
27223 3.12 0.16823
27283 3.12 0.16823
27343 3.12 0.16823
27403 3.11 0.171784
27463 3.11 0.171784
27523 3.11 0.171784
27583 3.11 0.171784
27643 3.11 0.171784
27703 3.11 0.171784
27763 3.11 0.171784
27823 3.11 0.171784
27883 3.11 0.171784
27943 3.11 0.171784
28003 3.11 0.171784
28063 3.11 0.171784
28123 3.11 0.171784
28183 3.11 0.171784
28243 3.11 0.171784
28303 3.11 0.171784
28363 3.11 0.171784
28423 3.11 0.171784
28483 3.11 0.171784
28543 3.11 0.171784
28603 3.11 0.171784
28663 3.11 0.171784
28723 3.11 0.171784
28783 3.11 0.171784
28843 3.11 0.171784
28903 3.11 0.171784
28963 3.11 0.171784
29023 3.11 0.171784
29083 3.11 0.171784
29143 3.11 0.171784
29203 3.11 0.171784
29263 3.11 0.171784
29323 3.11 0.171784
29383 3.11 0.171784
29443 3.11 0.171784
29503 3.11 0.171784
29563 3.11 0.171784
29623 3.11 0.171784
29683 3.11 0.171784
29743 3.11 0.171784
29803 3.11 0.171784
29863 3.1 0.175337
29923 3.1 0.175337
29983 3.1 0.175337
30043 3.1 0.175337
30103 3.1 0.175337
30163 3.1 0.175337
30223 3.1 0.175337
30283 3.1 0.175337
30343 3.1 0.175337
30403 3.1 0.175337
30463 3.1 0.175337
30523 3.1 0.175337
30583 3.1 0.175337
30643 3.1 0.175337
30703 3.1 0.175337
30763 3.1 0.175337
30823 3.1 0.175337
30883 3.1 0.175337
30943 3.1 0.175337
31003 3.1 0.175337
31063 3.1 0.175337
31123 3.1 0.175337
31183 3.1 0.175337
31243 3.1 0.175337
31303 3.1 0.175337
31363 3.1 0.175337
31423 3.1 0.175337
31483 3.1 0.175337
31543 3.1 0.175337
31603 3.1 0.175337
31663 3.1 0.175337
31723 3.1 0.175337
31783 3.1 0.175337
31843 3.1 0.175337
31903 3.1 0.175337
31963 3.1 0.175337
32023 3.1 0.175337
32083 3.1 0.175337
32143 3.1 0.175337
32203 3.1 0.175337
32263 3.1 0.175337
32323 3.1 0.175337
32383 3.1 0.175337
32443 3.1 0.175337
32503 3.1 0.175337
32563 3.1 0.175337
32623 3.1 0.175337
32683 3.1 0.175337
32743 3.1 0.175337
32803 3.1 0.175337
32863 3.1 0.175337
32923 3.1 0.175337
32983 3.1 0.175337
33043 3.1 0.175337
33103 3.1 0.175337
33163 3.09 0.17889
33223 3.09 0.17889
33283 3.09 0.17889
33343 3.09 0.17889
33403 3.09 0.17889
33463 3.09 0.17889
33523 3.09 0.17889
33583 3.09 0.17889
33643 3.09 0.17889
33703 3.09 0.17889
33763 3.09 0.17889
33823 3.09 0.17889
33883 3.09 0.17889
33943 3.09 0.17889
34003 3.09 0.17889
34063 3.09 0.17889
34123 3.09 0.17889
34183 3.09 0.17889
34243 3.09 0.17889
34303 3.09 0.17889
34363 3.09 0.17889
34423 3.09 0.17889
34483 3.09 0.17889
34543 3.09 0.17889
34603 3.09 0.17889
34663 3.09 0.17889
34723 3.09 0.17889
34783 3.09 0.17889
34843 3.09 0.17889
34903 3.09 0.17889
34963 3.09 0.17889
35023 3.09 0.17889
35083 3.09 0.17889
35143 3.09 0.17889
35202 3.09 0.17889
35262 3.09 0.17889
35322 3.09 0.17889
35382 3.09 0.17889
35442 3.09 0.17889
35503 3.09 0.17889
35562 3.09 0.17889
35622 3.09 0.17889
35682 3.09 0.17889
35742 3.09 0.17889
35802 3.09 0.17889
35862 3.09 0.17889
35922 3.09 0.17889
35982 3.09 0.17889
36042 3.09 0.17889
36102 3.09 0.17889
36162 3.09 0.17889
36222 3.09 0.17889
36282 3.09 0.17889
36342 3.09 0.17889
36402 3.09 0.17889
36462 3.09 0.17889
36522 3.09 0.17889
36582 3.09 0.17889
36642 3.09 0.17889
36702 3.09 0.17889
36762 3.09 0.17889
36822 3.09 0.17889
36882 3.09 0.17889
36942 3.09 0.17889
37002 3.09 0.17889
37062 3.09 0.17889
37122 3.09 0.17889
37182 3.09 0.17889
37242 3.09 0.17889
37302 3.09 0.17889
37362 3.09 0.17889
37422 3.09 0.17889
37482 3.09 0.17889
37542 3.09 0.17889
37602 3.09 0.17889
37662 3.09 0.17889
37722 3.09 0.17889
37782 3.09 0.17889
37842 3.09 0.17889
37902 3.09 0.17889
37962 3.09 0.17889
38022 3.09 0.17889
38082 3.09 0.17889
38142 3.09 0.17889
38202 3.09 0.17889
38262 3.09 0.17889
38322 3.09 0.17889
38382 3.09 0.17889
38442 3.09 0.17889
38502 3.09 0.17889
38562 3.09 0.17889
38622 3.09 0.17889
38682 3.09 0.17889
38742 3.09 0.17889
38802 3.09 0.17889
38862 3.09 0.17889
38922 3.09 0.17889
38982 3.09 0.17889
39042 3.09 0.17889
39102 3.09 0.17889
39162 3.09 0.17889
39222 3.09 0.17889
39282 3.09 0.17889
39342 3.09 0.17889
39402 3.09 0.17889
39462 3.09 0.17889
39522 3.09 0.17889
39582 3.09 0.17889
39642 3.09 0.17889
39702 3.09 0.17889
39762 3.09 0.17889
39822 3.09 0.17889
