0.000000000000000000e+00 1.000000000000000000e+00
0.000000000000000000e+00 8.528306560479096410e-01
5.399999999999986500e+01 8.317574721344125344e-01
1.420714285714288110e+02 8.365574430242772586e-01
2.380000000000003411e+02 8.261084028143931279e-01
3.430000000000000000e+02 6.667258397518130986e-01
4.724285714285712174e+02 1.866038099440965325e-01
6.344285714285716722e+02 1.846406009269611209e-02
8.915714285714283278e+02 1.860867401526185641e-02
1.158999999999999318e+03 2.023081754792923140e-02
1.522999999999998863e+03 2.263441986045542850e-02
1.783000000000000000e+03 2.505065962643227007e-02
1.843000000000000000e+03 2.680956630776949040e-02
2.472999999999999545e+03 3.214490838430314468e-02
3.223000000000000000e+03 3.435474408888861825e-02
4.663000000000000000e+03 4.103543515389668217e-02
5.863000000000000000e+03 5.724682061504429015e-02
9.103000000000000000e+03 8.077517844980762474e-02
1.108300000000000000e+04 1.072994454287857502e-01
2.008300000000000000e+04 1.540175921590399843e-01
3.964200000000000000e+04 2.215284218323173293e-01
3.964200000000000000e+04 2.972938839143097201e-01
3.964200000000000000e+04 3.550104526847580599e-01
3.964200000000000000e+04 3.295455270259312619e-01
3.964200000000000000e+04 3.095127307688281260e-01
3.964200000000000000e+04 2.142464380634336030e-01
