0.000000000000000000e+00 5.642275000953599351e-01
3.275199999999999889e+00 4.931475392294847881e-01
4.366933333333333778e+00 2.765534510469320195e-01
5.458666666666667666e+00 1.490747558603197631e-01
6.550399999999999778e+00 2.521389285841812433e-01
7.642133333333333667e+00 4.064133168634985749e-01
1.255493333333333439e+01 6.780864628323995946e-01
2.674746666666667139e+01 7.416661761095989513e-01
2.783920000000000172e+01 7.848234423238251711e-01
2.893093333333333561e+01 8.078332669592436233e-01
4.257760000000000389e+01 5.767176440378912750e-01
4.803626666666666978e+01 4.828495328809523368e-01
