0 0.564228
0.545867 0.564096
1.09173 0.561198
1.6376 0.55878
2.18347 0.550956
2.72933 0.535416
3.2752 0.493148
3.82107 0.397769
4.36693 0.276553
4.9128 0.192193
5.45867 0.149075
6.00453 0.182946
6.5504 0.252139
7.09627 0.335693
7.64213 0.406413
8.188 0.454102
8.73387 0.500466
9.27973 0.541742
9.8256 0.575937
10.3715 0.604838
10.9173 0.627376
11.4632 0.647367
12.0091 0.664414
12.5549 0.678086
13.1008 0.688788
13.6467 0.697626
14.1925 0.704783
14.7384 0.711315
15.2843 0.71674
15.8301 0.721445
16.376 0.724617
16.9219 0.728061
17.4677 0.731188
18.0136 0.73371
18.5595 0.73606
19.1053 0.738015
19.6512 0.739701
20.1971 0.741437
20.7429 0.741672
21.2888 0.742595
21.8347 0.743183
22.3805 0.743619
22.9264 0.743837
23.4723 0.744458
24.0181 0.744277
24.564 0.744468
25.1099 0.743841
25.6557 0.74357
26.2016 0.741907
26.7475 0.741666
27.2933 0.764439
27.8392 0.784823
28.3851 0.796778
28.9309 0.807833
29.4768 0.815749
30.0227 0.817793
30.5685 0.817288
31.1144 0.815751
31.6603 0.813979
32.2061 0.808907
32.752 0.803483
33.2979 0.799391
33.8437 0.795654
34.3896 0.788847
34.9355 0.783728
35.4813 0.776464
36.0272 0.768408
36.5731 0.759425
37.1189 0.749889
37.6648 0.740422
38.2107 0.728753
38.7565 0.716034
39.3024 0.704431
39.8483 0.69166
40.3941 0.675219
40.94 0.656217
41.4859 0.634218
42.0317 0.610138
42.5776 0.576718
43.1235 0.54455
43.6693 0.531323
44.2152 0.521778
44.7611 0.515089
45.3069 0.507834
45.8528 0.502135
46.3987 0.496363
46.9445 0.491737
47.4904 0.487125
48.0363 0.48285
48.5821 0.478709
49.128 0.476345
49.6739 0.472539
50.2197 0.469459
50.7656 0.466252
51.3115 0.463062
51.8573 0.461708
52.4032 0.459473
52.9491 0.458458
53.4949 0.458353
54.0408 0.455949
54.5867 0.4558
55.1325 0.454069
55.6784 0.453169
56.2243 0.453345
56.7701 0.453071
57.316 0.451259
57.8619 0.449833
58.4077 0.448858
58.9536 0.449054
59.4995 0.448401
60.0453 0.447906
60.5912 0.447682
61.1371 0.445992
61.6829 0.445559
62.2288 0.445378
62.7747 0.444264
63.3205 0.443881
63.8664 0.442617
64.4123 0.441685
64.9581 0.439538
65.504 0.439396
66.0499 0.439116
66.5957 0.437874
67.1416 0.43702
67.6875 0.43648
68.2333 0.436
68.7792 0.435405
69.3251 0.433491
69.8709 0.433001
70.4168 0.433278
70.9627 0.433766
71.5085 0.432808
72.0544 0.433253
72.6003 0.432853
73.1461 0.433001
73.692 0.43239
74.2379 0.432942
74.7837 0.432495
75.3296 0.432655
75.8755 0.432444
76.4213 0.432814
76.9672 0.432267
77.5131 0.432612
78.0589 0.433517
78.6048 0.432118
79.1507 0.433154
79.6965 0.4324
80.2424 0.43272
80.7883 0.432165
81.3341 0.43226
81.88 0.431787
82.4259 0.430698
82.9717 0.430051
83.5176 0.430843
84.0635 0.429734
84.6093 0.42942
85.1552 0.429615
85.7011 0.428983
86.2469 0.427742
86.7928 0.428965
87.3387 0.428955
87.8845 0.42923
88.4304 0.428811
88.9763 0.430407
89.5221 0.430424
90.068 0.430433
90.6139 0.430692
91.1597 0.429705
91.7056 0.431241
92.2515 0.430266
92.7973 0.431388
93.3432 0.430933
93.8891 0.432613
94.4349 0.431415
94.9808 0.432883
95.5267 0.432018
96.0725 0.431897
96.6184 0.432379
97.1643 0.43269
97.7101 0.432332
98.256 0.432187
98.8019 0.431718
99.3477 0.431123
99.8936 0.430392
100.439 0.431562
100.985 0.429984
101.531 0.430345
102.077 0.429917
102.623 0.429347
103.169 0.429342
103.715 0.429075
104.261 0.429718
104.806 0.429971
105.352 0.430287
105.898 0.430776
106.444 0.430976
106.99 0.432022
107.536 0.431829
108.082 0.431889
108.627 0.431861
109.173 0.432324
109.719 0.432302
110.265 0.432592
110.811 0.433254
111.357 0.433859
111.903 0.433965
112.449 0.434931
112.994 0.435101
113.54 0.435687
114.086 0.43504
114.632 0.435212
115.178 0.434205
115.724 0.434053
116.27 0.434907
116.815 0.434414
117.361 0.433443
117.907 0.434185
118.453 0.433938
118.999 0.434375
119.545 0.43305
120.091 0.432816
120.637 0.433663
121.182 0.434186
121.728 0.434489
122.274 0.433779
122.82 0.433828
123.366 0.435001
123.912 0.435579
124.458 0.436272
125.003 0.43648
125.549 0.436652
126.095 0.43549
126.641 0.436086
127.187 0.436107
127.733 0.436567
128.279 0.437875
128.825 0.437267
129.37 0.438337
129.916 0.438415
130.462 0.438881
131.008 0.438471
131.554 0.439136
132.1 0.438715
132.646 0.438541
133.191 0.439112
133.737 0.438464
134.283 0.437946
134.829 0.43754
135.375 0.437154
135.921 0.435958
136.467 0.437349
137.013 0.437261
137.558 0.436623
138.104 0.436066
138.65 0.437323
139.196 0.437126
139.742 0.437824
140.288 0.437815
140.834 0.438478
141.379 0.437819
141.925 0.438787
142.471 0.438232
143.017 0.438503
143.563 0.439048
144.109 0.439704
144.655 0.43939
145.201 0.440835
145.746 0.441389
146.292 0.440745
146.838 0.440436
147.384 0.441096
147.93 0.44013
148.476 0.439795
149.022 0.439965
149.567 0.439644
150.113 0.438946
150.659 0.439701
151.205 0.438756
151.751 0.439287
152.297 0.439156
152.843 0.438292
153.389 0.439398
153.934 0.438863
154.48 0.439227
155.026 0.439399
155.572 0.440644
156.118 0.439601
156.664 0.441003
157.21 0.441808
157.755 0.442715
158.301 0.44226
158.847 0.442102
159.393 0.442013
159.939 0.443277
160.485 0.443379
161.031 0.443382
161.577 0.443295
162.122 0.4431
162.668 0.444888
163.214 0.44379
163.76 0.443821
164.306 0.444848
164.852 0.445007
165.398 0.445556
165.943 0.444752
166.489 0.445236
167.035 0.445062
167.581 0.44493
168.127 0.444482
168.673 0.445101
169.219 0.445083
169.765 0.445155
170.31 0.445915
170.856 0.445819
171.402 0.445233
171.948 0.445392
172.494 0.445838
173.04 0.445589
173.586 0.445177
174.131 0.445768
174.677 0.445681
175.223 0.446634
175.769 0.446149
176.315 0.446426
176.861 0.447224
177.407 0.446162
177.953 0.445713
178.498 0.446035
179.044 0.446106
179.59 0.446312
180.136 0.447025
180.682 0.447022
181.228 0.446118
181.774 0.44672
182.319 0.446568
182.865 0.446875
183.411 0.447476
183.957 0.446719
184.503 0.447765
185.049 0.446929
185.595 0.447761
186.141 0.447077
186.686 0.446945
187.232 0.447657
187.778 0.44706
188.324 0.447149
188.87 0.448143
189.416 0.447148
189.962 0.447385
190.507 0.447488
