0.000000000000000000e+00 3.494399999999999590e-02
6.000000000000000000e+02 3.494399999999999590e-02
1.200000000000000000e+03 3.481599999999999973e-02
1.800000000000000000e+03 3.481599999999999973e-02
2.400000000000000000e+03 3.507199999999999901e-02
3.000000000000000000e+03 3.468799999999999661e-02
3.600000000000000000e+03 3.468799999999999661e-02
4.200000000000000000e+03 3.468799999999999661e-02
4.800000000000000000e+03 3.456000000000000044e-02
5.400000000000000000e+03 3.456000000000000044e-02
6.000000000000000000e+03 3.443199999999999733e-02
6.600000000000000000e+03 3.430400000000000116e-02
7.200000000000000000e+03 3.417599999999999805e-02
7.800000000000000000e+03 3.417599999999999805e-02
8.400000000000000000e+03 3.404800000000000187e-02
9.000000000000000000e+03 3.404800000000000187e-02
9.600000000000000000e+03 3.404800000000000187e-02
1.020000000000000000e+04 3.391999999999999876e-02
1.080000000000000000e+04 3.391999999999999876e-02
1.140000000000000000e+04 3.379199999999999565e-02
1.200000000000000000e+04 3.366399999999999948e-02
1.260000000000000000e+04 3.366399999999999948e-02
1.320000000000000000e+04 3.353599999999999637e-02
1.380000000000000000e+04 3.353599999999999637e-02
1.440000000000000000e+04 3.340800000000000020e-02
1.500000000000000000e+04 3.340800000000000020e-02
1.560000000000000000e+04 3.340800000000000020e-02
1.620000000000000000e+04 3.327999999999999708e-02
1.680000000000000000e+04 3.327999999999999708e-02
1.740000000000000000e+04 3.315200000000000091e-02
1.800000000000000000e+04 3.315200000000000091e-02
1.860000000000000000e+04 3.315200000000000091e-02
1.920000000000000000e+04 3.302399999999999780e-02
1.980000000000000000e+04 3.289600000000000163e-02
2.040000000000000000e+04 3.289600000000000163e-02
2.100000000000000000e+04 3.289600000000000163e-02
2.160000000000000000e+04 3.289600000000000163e-02
2.220000000000000000e+04 3.276799999999999852e-02
2.280000000000000000e+04 3.276799999999999852e-02
2.340000000000000000e+04 3.263999999999999541e-02
2.400000000000000000e+04 3.263999999999999541e-02
2.460000000000000000e+04 3.263999999999999541e-02
2.520000000000000000e+04 3.251199999999999923e-02
2.580000000000000000e+04 3.251199999999999923e-02
2.640000000000000000e+04 3.238399999999999612e-02
2.700000000000000000e+04 3.225599999999999995e-02
2.760000000000000000e+04 3.225599999999999995e-02
2.820000000000000000e+04 3.225599999999999995e-02
2.880000000000000000e+04 3.212799999999999684e-02
2.940000000000000000e+04 3.212799999999999684e-02
3.000000000000000000e+04 3.212799999999999684e-02
3.060000000000000000e+04 3.200000000000000067e-02
3.120000000000000000e+04 3.187199999999999755e-02
3.180000000000000000e+04 3.187199999999999755e-02
3.240000000000000000e+04 3.174400000000000138e-02
3.300000000000000000e+04 3.174400000000000138e-02
3.360000000000000000e+04 3.174400000000000138e-02
3.420000000000000000e+04 3.161599999999999827e-02
3.480000000000000000e+04 3.161599999999999827e-02
3.540000000000000000e+04 3.148799999999999516e-02
3.600000000000000000e+04 3.148799999999999516e-02
3.660000000000000000e+04 3.148799999999999516e-02
3.720000000000000000e+04 3.135999999999999899e-02
3.780000000000000000e+04 3.135999999999999899e-02
3.840000000000000000e+04 3.123199999999999935e-02
3.900000000000000000e+04 3.123199999999999935e-02
3.960000000000000000e+04 3.123199999999999935e-02
4.020000000000000000e+04 3.110399999999999970e-02
4.080000000000000000e+04 3.110399999999999970e-02
4.140000000000000000e+04 3.110399999999999970e-02
4.200000000000000000e+04 3.110399999999999970e-02
4.260000000000000000e+04 3.097600000000000006e-02
4.320000000000000000e+04 3.097600000000000006e-02
4.380000000000000000e+04 3.097600000000000006e-02
4.440000000000000000e+04 3.084799999999999695e-02
4.500000000000000000e+04 3.084799999999999695e-02
4.560000000000000000e+04 3.071999999999999731e-02
4.620000000000000000e+04 3.071999999999999731e-02
4.680000000000000000e+04 3.071999999999999731e-02
4.740000000000000000e+04 3.059199999999999767e-02
4.800000000000000000e+04 3.059199999999999767e-02
4.860000000000000000e+04 3.059199999999999767e-02
4.920000000000000000e+04 3.046399999999999803e-02
4.980000000000000000e+04 3.046399999999999803e-02
5.040000000000000000e+04 3.033599999999999838e-02
5.100000000000000000e+04 3.033599999999999838e-02
5.160000000000000000e+04 3.033599999999999838e-02
5.220000000000000000e+04 3.033599999999999838e-02
5.280000000000000000e+04 3.020799999999999874e-02
5.340000000000000000e+04 3.020799999999999874e-02
5.400000000000000000e+04 3.007999999999999910e-02
5.460000000000000000e+04 2.995199999999999946e-02
5.520000000000000000e+04 2.995199999999999946e-02
5.580000000000000000e+04 2.995199999999999946e-02
5.640000000000000000e+04 2.995199999999999946e-02
5.700000000000000000e+04 2.982399999999999982e-02
5.760000000000000000e+04 2.982399999999999982e-02
5.820000000000000000e+04 2.982399999999999982e-02
5.880000000000000000e+04 2.969600000000000017e-02
5.940000000000000000e+04 2.969600000000000017e-02
6.000000000000000000e+04 2.969600000000000017e-02
6.060000000000000000e+04 2.956799999999999706e-02
6.120000000000000000e+04 2.956799999999999706e-02
6.180000000000000000e+04 2.943999999999999742e-02
6.240000000000000000e+04 2.943999999999999742e-02
6.300000000000000000e+04 2.943999999999999742e-02
6.360000000000000000e+04 2.931199999999999778e-02
6.420000000000000000e+04 2.931199999999999778e-02
6.480000000000000000e+04 2.931199999999999778e-02
