2.400000000000000000e+02 4.710400000000000004e-02
2.700000000000000000e+02 4.633599999999999525e-02
3.000000000000000000e+02 4.595199999999999979e-02
3.300000000000000000e+02 4.569600000000000051e-02
3.600000000000000000e+02 4.505599999999999883e-02
3.900000000000000000e+02 4.454400000000000026e-02
4.200000000000000000e+02 4.428800000000000098e-02
4.500000000000000000e+02 4.403199999999999475e-02
4.800000000000000000e+02 4.364799999999999930e-02
5.100000000000000000e+02 4.326399999999999690e-02
5.400000000000000000e+02 4.275199999999999834e-02
5.700000000000000000e+02 4.236799999999999594e-02
6.000000000000000000e+02 4.198400000000000049e-02
6.300000000000000000e+02 4.159999999999999809e-02
6.600000000000000000e+02 4.121599999999999570e-02
6.900000000000000000e+02 4.083200000000000024e-02
7.200000000000000000e+02 4.044799999999999784e-02
7.500000000000000000e+02 4.006399999999999545e-02
7.800000000000000000e+02 3.967999999999999999e-02
8.100000000000000000e+02 3.929599999999999760e-02
8.400000000000000000e+02 3.891199999999999520e-02
8.700000000000000000e+02 3.852799999999999975e-02
9.000000000000000000e+02 3.827200000000000046e-02
9.300000000000000000e+02 3.788799999999999807e-02
9.600000000000000000e+02 3.763199999999999878e-02
9.900000000000000000e+02 3.712000000000000022e-02
1.020000000000000000e+03 3.686400000000000093e-02
1.050000000000000000e+03 3.660800000000000165e-02
1.080000000000000000e+03 3.622399999999999926e-02
1.110000000000000000e+03 3.596799999999999997e-02
1.140000000000000000e+03 3.558399999999999758e-02
1.170000000000000000e+03 3.532799999999999829e-02
1.200000000000000000e+03 3.519999999999999518e-02
1.230000000000000000e+03 3.494399999999999590e-02
1.260000000000000000e+03 3.456000000000000044e-02
1.290000000000000000e+03 3.417599999999999805e-02
1.320000000000000000e+03 3.379199999999999565e-02
1.350000000000000000e+03 3.353599999999999637e-02
1.380000000000000000e+03 3.327999999999999708e-02
1.410000000000000000e+03 3.315200000000000091e-02
1.440000000000000000e+03 3.276799999999999852e-02
1.470000000000000000e+03 3.251199999999999923e-02
1.500000000000000000e+03 3.225599999999999995e-02
1.530000000000000000e+03 3.212799999999999684e-02
1.560000000000000000e+03 3.187199999999999755e-02
1.590000000000000000e+03 3.148799999999999516e-02
1.620000000000000000e+03 3.123199999999999935e-02
1.650000000000000000e+03 3.084799999999999695e-02
1.680000000000000000e+03 3.071999999999999731e-02
1.710000000000000000e+03 3.046399999999999803e-02
1.740000000000000000e+03 3.033599999999999838e-02
1.770000000000000000e+03 3.007999999999999910e-02
