0.000000000000000000e+00 4.988682746767639231e-01 2.846716980952290754e-03
5.440000000000000391e-01 4.543366420398381456e-01 2.184765172581926151e-03
1.088000000000000078e+00 4.146800119828607523e-01 1.609652781266568411e-03
1.632000000000000117e+00 3.821925015186337649e-01 1.277301131346053609e-03
2.176000000000000156e+00 3.636938268037103739e-01 1.038092450145189360e-03
2.719999999999999751e+00 3.556731869873821505e-01 8.525394282390408307e-04
3.264000000000000234e+00 3.452391716468561356e-01 7.172259239656142427e-04
3.808000000000000274e+00 3.391039650751674350e-01 6.367424580113745236e-04
4.352000000000000313e+00 3.367766533762131531e-01 5.809928169924205577e-04
4.895999999999999908e+00 3.335131302263378839e-01 5.848540757680265045e-04
5.439999999999999503e+00 3.294335801507855543e-01 5.541191522464572472e-04
5.983999999999999986e+00 3.256188974799016367e-01 5.542893101280199630e-04
6.528000000000000469e+00 3.251632463313892663e-01 5.537664057004842988e-04
7.072000000000000064e+00 3.235255818850619192e-01 5.496326339842205755e-04
7.616000000000000547e+00 3.224874989934399805e-01 5.266020728174058974e-04
8.160000000000000142e+00 3.228800509160756893e-01 5.361735994844352149e-04
8.704000000000000625e+00 3.224099055014282289e-01 5.162412354720036234e-04
9.247999999999999332e+00 3.230410098280958042e-01 5.346903557628124304e-04
9.791999999999999815e+00 3.231808548674032777e-01 5.170295669714164433e-04
1.033600000000000030e+01 3.247425101614086485e-01 5.201875438407554952e-04
1.087999999999999901e+01 3.249817793487265183e-01 5.069816579341690499e-04
1.142400000000000126e+01 3.261873798282921566e-01 5.223769115532128637e-04
1.196799999999999997e+01 3.271714131758703403e-01 5.306600153107687845e-04
1.251200000000000045e+01 3.286956816409926652e-01 5.350504465777561336e-04
1.305600000000000094e+01 3.295450352310336228e-01 5.385062208658197846e-04
1.359999999999999964e+01 3.329831556666988934e-01 5.455018055819937928e-04
1.414400000000000013e+01 3.351985524129595384e-01 5.196899956778633367e-04
1.468799999999999883e+01 3.367804290300987491e-01 5.064831594205898568e-04
1.523200000000000109e+01 3.381344058070915870e-01 4.779747380834198367e-04
1.577600000000000158e+01 3.399313209980788786e-01 4.662382756142058327e-04
1.632000000000000028e+01 3.410489848332307061e-01 4.658947978064542639e-04
1.686400000000000077e+01 3.418100833890568291e-01 4.529501089065579578e-04
1.740800000000000125e+01 3.426955399595419949e-01 4.518226190675100895e-04
1.795200000000000173e+01 3.430092809758842343e-01 4.685476738233163019e-04
1.849599999999999866e+01 3.442685048307517759e-01 4.532934515057984726e-04
1.904000000000000270e+01 3.444785827665295952e-01 4.760271295487505938e-04
1.958399999999999963e+01 3.453404692278687071e-01 4.968649091989796318e-04
2.012800000000000011e+01 3.454959911524920768e-01 5.743623021421395691e-04
2.067200000000000060e+01 3.486325119985690391e-01 6.665476869944786387e-04
2.121600000000000108e+01 3.500973000617473296e-01 9.288637056898974009e-04
2.175999999999999801e+01 3.484713752568666667e-01 1.498003203221909274e-03
2.230399999999999849e+01 3.457174800903567435e-01 2.129209487088390418e-03
2.284800000000000253e+01 3.470335187803417210e-01 2.611872894867195427e-03
2.339199999999999946e+01 3.475683757599175028e-01 2.949124231013566799e-03
2.393599999999999994e+01 3.482518795969335446e-01 3.275912137716163741e-03
2.448000000000000043e+01 3.495734860540202216e-01 3.582812866440354682e-03
2.502400000000000091e+01 3.508685265060766389e-01 3.869154816925401974e-03
2.556799999999999784e+01 3.521416378395892388e-01 4.180995624140315670e-03
2.611200000000000188e+01 3.531283366249481914e-01 4.429229445924054431e-03
2.665600000000000236e+01 3.547315058373361474e-01 4.707696056440946464e-03
2.719999999999999929e+01 3.558136245877410730e-01 4.940517933710530940e-03
2.774400000000000333e+01 3.568263997755871109e-01 5.209203346781432487e-03
2.828800000000000026e+01 3.579157175173746652e-01 5.464125022811572308e-03
2.883200000000000074e+01 3.598982746785567843e-01 5.700634491416778360e-03
2.937599999999999767e+01 3.612669454292883886e-01 5.940751676991151697e-03
2.992000000000000171e+01 3.618106144891246045e-01 6.187132710849807538e-03
3.046400000000000219e+01 3.634324860221923026e-01 6.447723342468236751e-03
3.100799999999999912e+01 3.646247446874491538e-01 6.712440703732447389e-03
3.155200000000000315e+01 3.655237001430206023e-01 6.933566905459320751e-03
3.209599999999999653e+01 3.665813575734480634e-01 7.225629800075017428e-03
3.264000000000000057e+01 3.681725968063161436e-01 7.585641500335471576e-03
3.318399999999999750e+01 3.695209522457845175e-01 7.941833380728402503e-03
3.372800000000000153e+01 3.707365171185205144e-01 8.406623876598517953e-03
3.427200000000000557e+01 3.715044425587147314e-01 8.923391620007325997e-03
3.481600000000000250e+01 3.730723626707644902e-01 9.478255903164756191e-03
3.535999999999999943e+01 3.740352282744557333e-01 1.002950658445866949e-02
3.590400000000000347e+01 3.757828441340079206e-01 1.068093267163927607e-02
3.644800000000000040e+01 3.774725638419338947e-01 1.125044010884601597e-02
3.699199999999999733e+01 3.805160200758375688e-01 1.183214770025275975e-02
3.753599999999999426e+01 3.826500827059994281e-01 1.251230002259284824e-02
3.808000000000000540e+01 3.851321962045989311e-01 1.331649277775048823e-02
3.862400000000000233e+01 3.872804507086143877e-01 1.423884493526728079e-02
3.916799999999999926e+01 3.896485666852473329e-01 1.522914662322949475e-02
3.971200000000000330e+01 3.923320586362611384e-01 1.629789831801176092e-02
4.025600000000000023e+01 3.942712108520273206e-01 1.741593697554377762e-02
4.079999999999999716e+01 3.938437435604410508e-01 1.839532261183096651e-02
4.134400000000000119e+01 3.950305130189535885e-01 1.920332964528714825e-02
4.188800000000000523e+01 3.955862938175201404e-01 1.988990213618424541e-02
4.243200000000000216e+01 3.969899796779648993e-01 2.048659415888853808e-02
4.297599999999999909e+01 3.986917390770243763e-01 2.110751072595795641e-02
4.351999999999999602e+01 3.999404127034413281e-01 2.155140303265268287e-02
4.406400000000000006e+01 4.010354985613358569e-01 2.226267763006806177e-02
4.460799999999999699e+01 4.021338362422012813e-01 2.275355759605801609e-02
4.515200000000000102e+01 4.034021162202480193e-01 2.330505551817418919e-02
4.569600000000000506e+01 4.050661490664358988e-01 2.382676952670692572e-02
4.624000000000000199e+01 4.056375162192280004e-01 2.440530314381539334e-02
4.678399999999999892e+01 4.074842531331202555e-01 2.497100863735224330e-02
4.732799999999999585e+01 4.082990320067015899e-01 2.549541367999319519e-02
4.787199999999999989e+01 4.100935788993848585e-01 2.600565077725036645e-02
4.841600000000000392e+01 4.116225306036325193e-01 2.648400279112173017e-02
4.896000000000000085e+01 4.128885756300105236e-01 2.693202728825605519e-02
4.950400000000000489e+01 4.143761619271593144e-01 2.745810970069095802e-02
5.004800000000000182e+01 4.160426418582097718e-01 2.795996352660456985e-02
5.059199999999999875e+01 4.174979866040356979e-01 2.842587499117477101e-02
5.113599999999999568e+01 4.186990736879962482e-01 2.885840367756964397e-02
5.167999999999999972e+01 4.202080244839873635e-01 2.931204538883003252e-02
5.222400000000000375e+01 4.212205593764707934e-01 2.974766167025988395e-02
5.276800000000000068e+01 4.225283161291076839e-01 3.020178995830469226e-02
5.331200000000000472e+01 4.239317606324474186e-01 3.063838501665383518e-02
5.385600000000000165e+01 4.250538875663764649e-01 3.097188196788147607e-02
5.439999999999999858e+01 4.262372036723865443e-01 3.134553530831540868e-02
5.494399999999999551e+01 4.279931914353007349e-01 3.180034267159848049e-02
5.548800000000000665e+01 4.288117972051606608e-01 3.213713170481669046e-02
5.603200000000000358e+01 4.302187959733662082e-01 3.247869952813253747e-02
5.657600000000000051e+01 4.312074895045943657e-01 3.288315676943498467e-02
5.712000000000000455e+01 4.322802463139398532e-01 3.323612872934011975e-02
5.766400000000000148e+01 4.331172380098633479e-01 3.348882115538187598e-02
5.820799999999999841e+01 4.344974054957375098e-01 3.391218530416439947e-02
5.875199999999999534e+01 4.361134105568588715e-01 3.423454914203905020e-02
5.929600000000000648e+01 4.375296664558189219e-01 3.442598300293409075e-02
5.984000000000000341e+01 4.378040295561485551e-01 3.481270556534621363e-02
6.038400000000000034e+01 4.394715507389290732e-01 3.505257638323189262e-02
6.092800000000000438e+01 4.406888110135721570e-01 3.530899876386128788e-02
6.147200000000000131e+01 4.422154517419024100e-01 3.564145006878383093e-02
6.201599999999999824e+01 4.435626486802377033e-01 3.600506122759972172e-02
6.255999999999999517e+01 4.450376912462229440e-01 3.625734079541342858e-02
6.310400000000000631e+01 4.456824371354158321e-01 3.655865145620929013e-02
6.364800000000000324e+01 4.472602222012819762e-01 3.678143644909903642e-02
6.419199999999999307e+01 4.482043377138345552e-01 3.715893135726466845e-02
6.473600000000000421e+01 4.492221712024369040e-01 3.747626856853703003e-02
6.528000000000000114e+01 4.508644766238763535e-01 3.765067236469010759e-02
6.582399999999999807e+01 4.525751457721825521e-01 3.794439134293026150e-02
6.636799999999999500e+01 4.529819894413666947e-01 3.838241078783521942e-02
6.691200000000000614e+01 4.547901045261423802e-01 3.866907615330394954e-02
6.745600000000000307e+01 4.554998766340575544e-01 3.900700414462066057e-02
6.800000000000000000e+01 4.569331222424598549e-01 3.931059141459813944e-02
6.854400000000001114e+01 4.580157125452871125e-01 3.969177630760345465e-02
6.908799999999999386e+01 4.587984550641799886e-01 3.988883524603070718e-02
6.963200000000000500e+01 4.597698400585970013e-01 4.017140908525984599e-02
7.017600000000000193e+01 4.612201993428757252e-01 4.053066942495631153e-02
7.071999999999999886e+01 4.624907600984514144e-01 4.085809981305343896e-02
7.126399999999999579e+01 4.636278240738413436e-01 4.106713419567609158e-02
7.180800000000000693e+01 4.647908561834286911e-01 4.128502991705707004e-02
7.235200000000000387e+01 4.663844541587411907e-01 4.156283749664613225e-02
7.289600000000000080e+01 4.673493541729932810e-01 4.182201658819506562e-02
7.343999999999999773e+01 4.685237133254072095e-01 4.217070686487867093e-02
7.398399999999999466e+01 4.697382151670321249e-01 4.241586716448075833e-02
7.452800000000000580e+01 4.703160440441493395e-01 4.261296326115804334e-02
7.507199999999998852e+01 4.714857234819816445e-01 4.276436150445395157e-02
7.561599999999999966e+01 4.723609991484661319e-01 4.300071990517473353e-02
7.616000000000001080e+01 4.738646462337391951e-01 4.326377422612481816e-02
7.670399999999999352e+01 4.747291210434718689e-01 4.358946578412159489e-02
7.724800000000000466e+01 4.763368152942781264e-01 4.381525954141474166e-02
7.779200000000000159e+01 4.776344639923088553e-01 4.397179113086591151e-02
7.833599999999999852e+01 4.783191287052098728e-01 4.430618536123098750e-02
7.888000000000000966e+01 4.789121400197809408e-01 4.439226449462196911e-02
7.942400000000000659e+01 4.797090645303448975e-01 4.469520129918924667e-02
7.996800000000000352e+01 4.811528630658921113e-01 4.505838068212852932e-02
8.051200000000000045e+01 4.820662767177570918e-01 4.517051500010160758e-02
8.105599999999999739e+01 4.829550880477747055e-01 4.529558927886090380e-02
8.159999999999999432e+01 4.837902572727220685e-01 4.541504876210478159e-02
8.214400000000000546e+01 4.852281341404123260e-01 4.557614542507737454e-02
8.268800000000000239e+01 4.858207000374313300e-01 4.574140885896649245e-02
8.323199999999999932e+01 4.871789924774009295e-01 4.589511403607104967e-02
8.377600000000001046e+01 4.873816675907181595e-01 4.598501159949264228e-02
8.431999999999999318e+01 4.885893861531718785e-01 4.618827899022415195e-02
8.486400000000000432e+01 4.903471988741763266e-01 4.625651087863591471e-02
8.540800000000000125e+01 4.912352723940778265e-01 4.644227537277334505e-02
8.595199999999999818e+01 4.913968290214094647e-01 4.658371368909586252e-02
8.649600000000000932e+01 4.923349902766427366e-01 4.681616492702023180e-02
8.703999999999999204e+01 4.931578170704194464e-01 4.699071096723739238e-02
8.758400000000000318e+01 4.944579445375681392e-01 4.716196527530125415e-02
8.812800000000000011e+01 4.953421909655023048e-01 4.722456173657363365e-02
8.867199999999999704e+01 4.965623464165785372e-01 4.742414767575553469e-02
8.921599999999999397e+01 4.970689006233379170e-01 4.746864049124899232e-02
8.976000000000000512e+01 4.984898150174561504e-01 4.779167175574183801e-02
9.030400000000000205e+01 4.997515340236876602e-01 4.769449377273415891e-02
9.084799999999999898e+01 4.999493114261978066e-01 4.799470658443150128e-02
9.139200000000001012e+01 5.010501641648049675e-01 4.811777354844570809e-02
9.193599999999999284e+01 5.018741641356225802e-01 4.832151121992200871e-02
9.248000000000000398e+01 5.026519135311247055e-01 4.841250343545056012e-02
9.302400000000001512e+01 5.032998123872909346e-01 4.848781694420445376e-02
9.356799999999999784e+01 5.042016770738378950e-01 4.869933745062970942e-02
9.411200000000000898e+01 5.050349545320249600e-01 4.877986831512015620e-02
9.465599999999999170e+01 5.062109780430106287e-01 4.885884099240689338e-02
9.520000000000000284e+01 5.069807434557339620e-01 4.918394756866306672e-02
9.574399999999999977e+01 5.075753040315428288e-01 4.916307402337394272e-02
9.628799999999999670e+01 5.088036213721593981e-01 4.933955430388214936e-02
9.683200000000000784e+01 5.096795433286630539e-01 4.936578185984608069e-02
9.737600000000000477e+01 5.105285252544565777e-01 4.959133669288040558e-02
9.792000000000000171e+01 5.110878026316220124e-01 4.966478443482302829e-02
9.846399999999999864e+01 5.116435457548729193e-01 4.976611206366787776e-02
9.900800000000000978e+01 5.125750486229783132e-01 4.992682276788551476e-02
9.955199999999999250e+01 5.129169326023512721e-01 5.015074054256984937e-02
1.000960000000000036e+02 5.142959964238912329e-01 5.020822737864016894e-02
1.006400000000000148e+02 5.149231758112143842e-01 5.024751847531971904e-02
1.011839999999999975e+02 5.156124637051756610e-01 5.043456539146351503e-02
1.017280000000000086e+02 5.167731503525552217e-01 5.051292534955198477e-02
1.022719999999999914e+02 5.173433709010825110e-01 5.068941396314041725e-02
1.028160000000000025e+02 5.179777449387642507e-01 5.070128333814638566e-02
1.033599999999999994e+02 5.190150905126896808e-01 5.102027726075086811e-02
1.039039999999999964e+02 5.195752177838298680e-01 5.086953568073893095e-02
1.044480000000000075e+02 5.203765747632757011e-01 5.112792547297839718e-02
1.049920000000000044e+02 5.205251885720539873e-01 5.118393192697556771e-02
1.055360000000000014e+02 5.211328810347716223e-01 5.135650567238192465e-02
1.060799999999999983e+02 5.225851239422238947e-01 5.143515434170153888e-02
1.066240000000000094e+02 5.230255992486074756e-01 5.151477334122422924e-02
1.071679999999999922e+02 5.239306398172176582e-01 5.171160926015394566e-02
1.077120000000000033e+02 5.244632933089814486e-01 5.166698734555286165e-02
1.082560000000000002e+02 5.251880969873734539e-01 5.176531853377275283e-02
1.087999999999999972e+02 5.258209404942337795e-01 5.195579474599254510e-02
1.093440000000000083e+02 5.267344634457048480e-01 5.204495743509651717e-02
1.098879999999999910e+02 5.270494920053951926e-01 5.217925370787557249e-02
1.104320000000000022e+02 5.279289754435522175e-01 5.224232161750452796e-02
1.109760000000000133e+02 5.289270086070235743e-01 5.241994799879723388e-02
1.115199999999999960e+02 5.294682118125734194e-01 5.250210051976433867e-02
1.120640000000000072e+02 5.303941570432193497e-01 5.269039662375596400e-02
1.126080000000000041e+02 5.315097104042433296e-01 5.274634268265643300e-02
1.131520000000000010e+02 5.319441995072449192e-01 5.278471608354262656e-02
1.136959999999999980e+02 5.326302805446194721e-01 5.302307421547980404e-02
1.142400000000000091e+02 5.332499482601860130e-01 5.312006581170347630e-02
1.147840000000000060e+02 5.340780049188921241e-01 5.304374169487546808e-02
1.153280000000000030e+02 5.344184982312453203e-01 5.329775735174790974e-02
1.158719999999999999e+02 5.354307627773174927e-01 5.333891095615150846e-02
1.164159999999999968e+02 5.359901268276144881e-01 5.340446683982769116e-02
1.169600000000000080e+02 5.363233766171118244e-01 5.353030873222919261e-02
1.175039999999999907e+02 5.371828656942713165e-01 5.376275532923857625e-02
1.180480000000000018e+02 5.374275535340357068e-01 5.381073182791018539e-02
1.185920000000000130e+02 5.383135474364530992e-01 5.380771937881001499e-02
1.191359999999999957e+02 5.389110454462638922e-01 5.400422656344239236e-02
1.196800000000000068e+02 5.393801939874467433e-01 5.409744783550896052e-02
1.202240000000000038e+02 5.397745557717349429e-01 5.413977214544329897e-02
1.207680000000000007e+02 5.403857456842602325e-01 5.428458127941415690e-02
1.213119999999999976e+02 5.417869970353180742e-01 5.440587610521907536e-02
1.218560000000000088e+02 5.424005440237834597e-01 5.440024843601998228e-02
1.224000000000000057e+02 5.424324503285296029e-01 5.467283028948544121e-02
1.229440000000000026e+02 5.430581315400486719e-01 5.463082799926310962e-02
1.234879999999999995e+02 5.438257584817766110e-01 5.475855955638264660e-02
1.240319999999999965e+02 5.440770124535896368e-01 5.501806330568559389e-02
1.245760000000000076e+02 5.444305824687106776e-01 5.487545772984381287e-02
1.251199999999999903e+02 5.453431522549556654e-01 5.515936098605789262e-02
1.256640000000000015e+02 5.458475216973064370e-01 5.512358636986069982e-02
1.262080000000000126e+02 5.463692494339045247e-01 5.523240060752399039e-02
1.267519999999999953e+02 5.470635136529179432e-01 5.528597251153533065e-02
1.272960000000000065e+02 5.477219642778773379e-01 5.532640382975051452e-02
1.278400000000000034e+02 5.482749545938827573e-01 5.546974461560649772e-02
1.283839999999999861e+02 5.487047596669669680e-01 5.553646998878392083e-02
1.289279999999999973e+02 5.492708039114159169e-01 5.549457482641106942e-02
1.294720000000000084e+02 5.500703321539817114e-01 5.565545898584511875e-02
1.300159999999999911e+02 5.503107821872454952e-01 5.565608227334339908e-02
1.305600000000000023e+02 5.507895295544591452e-01 5.571284199206383292e-02
1.311039999999999850e+02 5.515415009769850663e-01 5.590810927043343703e-02
1.316479999999999961e+02 5.517830731862286564e-01 5.575696837588872690e-02
1.321920000000000073e+02 5.524756952858616010e-01 5.580415757731516102e-02
1.327359999999999900e+02 5.526954127876112510e-01 5.589329394592090772e-02
1.332800000000000011e+02 5.533488564176142210e-01 5.603318329864626079e-02
1.338240000000000123e+02 5.537701737314767447e-01 5.599927950162109092e-02
1.343679999999999950e+02 5.549625909274944480e-01 5.596808782077045130e-02
1.349120000000000061e+02 5.547063568961316804e-01 5.617575900451732274e-02
1.354560000000000173e+02 5.548169543083067978e-01 5.607426148230154617e-02
1.360000000000000000e+02 5.554728509439653683e-01 5.624091668290476242e-02
1.365439999999999827e+02 5.563109793688902904e-01 5.623810091026615332e-02
1.370880000000000223e+02 5.568004907655047520e-01 5.643281216742090933e-02
1.376320000000000050e+02 5.576064002310739953e-01 5.638410513370972765e-02
1.381759999999999877e+02 5.579692587770663792e-01 5.642100123029614167e-02
1.387199999999999989e+02 5.581095241033020571e-01 5.643858130953338659e-02
1.392640000000000100e+02 5.587660367583389132e-01 5.656841630462938753e-02
1.398079999999999927e+02 5.594585617973423242e-01 5.660736551420741947e-02
1.403520000000000039e+02 5.595929730909908750e-01 5.672302837815967891e-02
1.408960000000000150e+02 5.606692396217668461e-01 5.663921758130441297e-02
1.414399999999999977e+02 5.611222749864505088e-01 5.655480014234437469e-02
1.419840000000000089e+02 5.611524323599940134e-01 5.680770475931096186e-02
1.425279999999999916e+02 5.615773761564138988e-01 5.695024332325027139e-02
1.430720000000000027e+02 5.621341202160329287e-01 5.689401311791164595e-02
1.436160000000000139e+02 5.626029886734079666e-01 5.692840569269730366e-02
1.441599999999999966e+02 5.628483439223002094e-01 5.681156933286546362e-02
1.447040000000000077e+02 5.633513066098149169e-01 5.703005677258587980e-02
1.452480000000000189e+02 5.635683512056209876e-01 5.706525700025966152e-02
1.457920000000000016e+02 5.644818804401826595e-01 5.702945691372640624e-02
1.463359999999999843e+02 5.646910834996954343e-01 5.693238850027637632e-02
1.468799999999999955e+02 5.648900929159134110e-01 5.712442640992176912e-02
1.474240000000000066e+02 5.658324489360403442e-01 5.721406041580023860e-02
1.479679999999999893e+02 5.660765291128596610e-01 5.730502032611384244e-02
1.485120000000000005e+02 5.662192430167379831e-01 5.733776531054135539e-02
1.490560000000000116e+02 5.664608224809212222e-01 5.722903236216936307e-02
1.495999999999999943e+02 5.675321339972198009e-01 5.725925413558941024e-02
1.501439999999999770e+02 5.676246821287799227e-01 5.734440597246215354e-02
1.506880000000000166e+02 5.682424942647799071e-01 5.723849454941487558e-02
1.512319999999999993e+02 5.691083635641238647e-01 5.738339046472651361e-02
1.517759999999999820e+02 5.695326744217339421e-01 5.744040156954155485e-02
1.523200000000000216e+02 5.700248354826031871e-01 5.723527129928251966e-02
1.528640000000000043e+02 5.703712951992999658e-01 5.726979600384352054e-02
1.534079999999999870e+02 5.706889627280126165e-01 5.733127108734459298e-02
1.539520000000000266e+02 5.711819290199648957e-01 5.738773701304422659e-02
1.544960000000000093e+02 5.714949729923078925e-01 5.745239912655675241e-02
1.550399999999999920e+02 5.720458103614479706e-01 5.750264934897986180e-02
1.555840000000000032e+02 5.727311403212429486e-01 5.759476422143428032e-02
1.561280000000000143e+02 5.727195896071711756e-01 5.758771143632168688e-02
1.566719999999999970e+02 5.731964744465918304e-01 5.768065875023675737e-02
1.572160000000000082e+02 5.735390689894245275e-01 5.743433528115726716e-02
1.577600000000000193e+02 5.736129474489709557e-01 5.752286048213539615e-02
1.583040000000000020e+02 5.736594272919843807e-01 5.764232143255121343e-02
1.588480000000000132e+02 5.741952890824189026e-01 5.769174714579472507e-02
1.593919999999999959e+02 5.745143613064919164e-01 5.776109494901882080e-02
1.599360000000000070e+02 5.750039082659839096e-01 5.763159825332886399e-02
1.604799999999999898e+02 5.754430860324798447e-01 5.789780432732927196e-02
1.610240000000000009e+02 5.756333214102076212e-01 5.777224029942606975e-02
1.615680000000000121e+02 5.757551619288606704e-01 5.789397228683990093e-02
1.621119999999999948e+02 5.762226189189255665e-01 5.787413510705707864e-02
1.626560000000000059e+02 5.770456335220568445e-01 5.771326741149085393e-02
1.631999999999999886e+02 5.775546501308289615e-01 5.781474009137888004e-02
1.637439999999999998e+02 5.779507558182731541e-01 5.788288623190940285e-02
1.642880000000000109e+02 5.782886735605209383e-01 5.771239782142201236e-02
1.648319999999999936e+02 5.788119710317581879e-01 5.773809927959816513e-02
1.653760000000000048e+02 5.786783916852460408e-01 5.783616930603585615e-02
1.659200000000000159e+02 5.793542249464453953e-01 5.783090541448432376e-02
1.664639999999999986e+02 5.794485484467357672e-01 5.797615651249210522e-02
1.670079999999999814e+02 5.796968670415957314e-01 5.800823656283937702e-02
1.675520000000000209e+02 5.800959342704194999e-01 5.792905544899218384e-02
1.680960000000000036e+02 5.801948262768731324e-01 5.789854290864249187e-02
1.686399999999999864e+02 5.808204546536608337e-01 5.807789440171529094e-02
1.691840000000000259e+02 5.814749801010316022e-01 5.798791362126110016e-02
1.697280000000000086e+02 5.817450263474566174e-01 5.825578286597932198e-02
1.702719999999999914e+02 5.818670083029956475e-01 5.822113143370422073e-02
1.708160000000000025e+02 5.818758368004852688e-01 5.828390030501040542e-02
1.713600000000000136e+02 5.822890756611692753e-01 5.817443811289924049e-02
1.719039999999999964e+02 5.828522696194585739e-01 5.809691300568453620e-02
1.724480000000000075e+02 5.835599766126141619e-01 5.821005790262168134e-02
1.729920000000000186e+02 5.832923448192323113e-01 5.818256265712706821e-02
1.735360000000000014e+02 5.840057136894152290e-01 5.831505749428744778e-02
1.740799999999999841e+02 5.838886646154018978e-01 5.815576404634148489e-02
1.746239999999999952e+02 5.843827776512978689e-01 5.820181123646128718e-02
1.751680000000000064e+02 5.846115863513295929e-01 5.824443663068978871e-02
1.757119999999999891e+02 5.850062886594051825e-01 5.834317974496272541e-02
1.762560000000000002e+02 5.847661775379779936e-01 5.827204315445677629e-02
1.768000000000000114e+02 5.859579676614692367e-01 5.827082546558903786e-02
1.773439999999999941e+02 5.859255394440946452e-01 5.839365972885635081e-02
1.778880000000000052e+02 5.867959578550033806e-01 5.842961016854286704e-02
1.784319999999999879e+02 5.862966954021661126e-01 5.833303457450389473e-02
1.789759999999999991e+02 5.863871553312176577e-01 5.836163046917319797e-02
1.795200000000000102e+02 5.870671818451834723e-01 5.842426266253086808e-02
1.800639999999999930e+02 5.873006399560262158e-01 5.845727266858546933e-02
1.806080000000000041e+02 5.872438587634409846e-01 5.840781508280668000e-02
