0.000000000000000000e+00 1.000000000000000000e+00 7.797248771108655774e-04
6.483333333333333171e-01 9.789915667739872429e-01 1.071318960011335975e-03
1.296666666666666634e+00 8.324478082248147892e-01 3.289364595521426793e-03
1.944999999999999840e+00 5.938367369025618903e-01 3.488773242815490505e-03
2.593333333333333268e+00 5.017304585160410335e-01 2.918134098046865077e-03
3.241666666666666696e+00 4.306087228575433690e-01 1.754720028859679815e-03
3.889999999999999680e+00 3.697968069959457482e-01 1.033454297548530576e-03
4.538333333333333108e+00 3.447881552075355849e-01 7.115047653389883209e-04
5.186666666666666536e+00 3.267339949763698459e-01 5.040377551401853395e-04
5.834999999999999076e+00 3.218038104973505176e-01 5.285851709539990395e-04
6.483333333333333393e+00 3.137437242544963700e-01 5.468696602088929382e-04
7.131666666666665932e+00 3.097781325534489927e-01 4.376608033294093758e-04
7.779999999999999361e+00 3.099198806107619220e-01 3.994973293579562323e-04
8.428333333333332789e+00 3.104919137110082050e-01 3.853496243002574317e-04
9.076666666666666217e+00 3.112634684407382113e-01 3.701341639397170979e-04
9.724999999999999645e+00 3.115107531019263298e-01 3.743986079507433118e-04
1.037333333333333307e+01 3.115657570181915581e-01 3.842010308967580556e-04
1.102166666666666650e+01 3.119806673275275499e-01 3.925877710797553988e-04
1.166999999999999815e+01 3.117295875599791488e-01 3.904290956804334911e-04
1.231833333333333336e+01 3.117929316629554082e-01 3.941637585433976909e-04
1.296666666666666679e+01 3.119200170116639415e-01 3.991096777204994339e-04
1.361500000000000021e+01 3.126544495554411385e-01 4.202297508024699368e-04
1.426333333333333186e+01 3.134719226880270937e-01 4.006814590038487722e-04
1.491166666666666529e+01 3.131804781994845244e-01 3.970867884235396161e-04
1.555999999999999872e+01 3.134669674611014756e-01 3.978446630350518376e-04
1.620833333333333215e+01 3.141233273883916599e-01 3.946564520342921156e-04
1.685666666666666558e+01 3.141694540015025905e-01 4.089782571341515904e-04
1.750499999999999901e+01 3.148412402932128096e-01 3.890867727558422473e-04
1.815333333333333243e+01 3.156232097381425072e-01 3.970047671368881481e-04
1.880166666666666586e+01 3.160569151604994964e-01 4.047701498317568536e-04
1.944999999999999929e+01 3.178740546863362826e-01 4.244010770653172671e-04
2.009833333333333272e+01 3.175890882600716503e-01 4.184250644729825552e-04
2.074666666666666615e+01 3.182212195343477878e-01 4.159453346865848999e-04
2.139499999999999957e+01 3.188649209686197361e-01 4.057801930397175738e-04
2.204333333333333300e+01 3.205492958448397101e-01 4.146234135049553515e-04
2.269166666666666643e+01 3.202872191156060366e-01 4.186302013546860934e-04
2.333999999999999631e+01 3.208813826683722947e-01 3.997207470145536234e-04
2.398833333333333329e+01 3.212051928099661224e-01 4.054351889708485146e-04
2.463666666666666671e+01 3.215736305565616293e-01 4.212752901779914794e-04
2.528500000000000014e+01 3.232942918803103916e-01 4.271139631186748886e-04
2.593333333333333357e+01 3.235732085656209955e-01 4.037970592500883527e-04
2.658166666666666345e+01 3.236352136358247589e-01 3.996818973699411970e-04
2.723000000000000043e+01 3.241764764208098781e-01 4.091911532291270248e-04
2.787833333333333385e+01 3.252455618441794094e-01 4.192378962828424704e-04
2.852666666666666373e+01 3.257198012327510717e-01 4.226775201634502821e-04
2.917500000000000071e+01 3.259949815388728522e-01 4.323184265451196495e-04
2.982333333333333059e+01 3.268422750573762858e-01 4.420877571844616938e-04
3.047166666666666757e+01 3.276110219562160530e-01 4.209454345491803196e-04
3.111999999999999744e+01 3.283148730177923857e-01 4.502954954783700003e-04
3.176833333333333087e+01 3.287116201827018913e-01 4.404721440967040991e-04
3.241666666666666430e+01 3.293148979788091402e-01 4.473835061979958283e-04
3.306499999999999773e+01 3.299364757500121148e-01 4.709122384092268021e-04
3.371333333333333115e+01 3.309588997240001662e-01 4.656916393652732467e-04
3.436166666666666458e+01 3.312934375481642602e-01 4.691198445319066934e-04
3.500999999999999801e+01 3.324838218525703049e-01 4.800017032491332714e-04
3.565833333333333144e+01 3.335646362287728039e-01 4.726356608935056158e-04
3.630666666666666487e+01 3.347312062487120543e-01 4.808912937996900894e-04
3.695499999999999829e+01 3.364051219271553261e-01 5.054187951067934392e-04
3.760333333333333172e+01 3.372425911954049504e-01 5.144714706382114144e-04
3.825166666666666515e+01 3.375193558847922048e-01 5.016434606683883857e-04
3.889999999999999858e+01 3.388936347505945856e-01 5.256996096205668323e-04
3.954833333333333201e+01 3.412193965327634526e-01 5.226173808572376345e-04
4.019666666666666544e+01 3.427088336906721766e-01 5.302124238120153876e-04
4.084499999999999886e+01 3.442152488889653195e-01 5.556242262620969541e-04
4.149333333333333229e+01 3.451227164875981801e-01 5.541064038558918270e-04
4.214166666666666572e+01 3.471550849767551239e-01 5.936414691849467573e-04
4.278999999999999915e+01 3.486671121597896827e-01 5.986570876694852217e-04
4.343833333333332547e+01 3.502530421015286333e-01 6.167443447226972353e-04
4.408666666666666600e+01 3.517946808952288618e-01 6.118674719572947396e-04
4.473499999999999943e+01 3.534373796867048001e-01 6.312989877468311306e-04
4.538333333333333286e+01 3.555840178084112013e-01 6.437406647137322580e-04
4.603166666666666629e+01 3.566260676265824436e-01 6.456902956761823020e-04
4.667999999999999261e+01 3.586128351875639830e-01 6.356899554835759858e-04
4.732833333333333314e+01 3.596423071931693638e-01 6.392820957457079345e-04
4.797666666666666657e+01 3.610120024476135558e-01 6.590386182976359919e-04
4.862500000000000000e+01 3.628709586416745680e-01 6.909045252649903546e-04
4.927333333333333343e+01 3.647359574750292377e-01 6.561094900356945203e-04
4.992166666666665975e+01 3.661599646811444786e-01 6.423414876861599510e-04
5.057000000000000028e+01 3.672468936504503789e-01 6.919840803176757760e-04
5.121833333333333371e+01 3.694286457751366770e-01 6.859692744356493677e-04
5.186666666666666714e+01 3.700135435050791455e-01 6.789380404621514487e-04
5.251500000000000057e+01 3.712765291715383054e-01 7.074313737995829854e-04
5.316333333333332689e+01 3.722767013274203007e-01 8.469494535510158073e-04
5.381166666666666032e+01 3.726509217784949590e-01 1.175473052514419692e-03
5.446000000000000085e+01 3.751663281826284058e-01 1.438905368230214421e-03
5.510833333333333428e+01 3.757595591359407794e-01 1.642745380181720449e-03
5.575666666666666771e+01 3.772070240005475639e-01 1.816325079398106723e-03
5.640499999999999403e+01 3.786595114932211903e-01 1.940743311326098564e-03
5.705333333333332746e+01 3.796730723073640790e-01 2.032813651408282851e-03
5.770166666666666799e+01 3.812822430707898946e-01 2.172125752201159443e-03
5.835000000000000142e+01 3.823086134395076163e-01 2.251747723253760824e-03
5.899833333333333485e+01 3.836058148998294781e-01 2.312808493216245154e-03
5.964666666666666117e+01 3.856732027219123005e-01 2.387304581480842458e-03
6.029499999999999460e+01 3.871156862665880993e-01 2.426225744986965083e-03
6.094333333333333513e+01 3.877059157878914863e-01 2.510232066584627830e-03
6.159166666666666856e+01 3.891436780541497886e-01 2.582656896312762740e-03
6.223999999999999488e+01 3.890524637872833091e-01 2.623973600467399692e-03
6.288833333333332831e+01 3.915557983131102704e-01 2.665139711444108883e-03
6.353666666666666174e+01 3.922530970879240519e-01 2.760366632339472659e-03
6.418500000000000227e+01 3.936497747835522310e-01 2.785174170682358508e-03
6.483333333333332860e+01 3.949758426697896341e-01 2.843955918720109111e-03
6.548166666666665492e+01 3.958661116480003406e-01 2.890377668249399790e-03
6.612999999999999545e+01 3.966037548852670569e-01 2.904703940900921211e-03
6.677833333333333599e+01 3.967362311527709018e-01 2.953008636058074288e-03
6.742666666666666231e+01 3.980955305543763534e-01 3.004780002214157975e-03
6.807500000000000284e+01 3.991679495944528422e-01 3.044690033189079159e-03
6.872333333333332916e+01 4.004795173936681607e-01 3.091933298497773208e-03
6.937166666666666970e+01 4.019414897299921074e-01 3.190393488702536473e-03
7.001999999999999602e+01 4.032317401122515466e-01 3.182618131294390196e-03
7.066833333333332234e+01 4.055789585171613587e-01 3.206480466058092560e-03
7.131666666666666288e+01 4.057683806616704247e-01 3.282096821485946947e-03
7.196499999999998920e+01 4.067756171731216064e-01 3.297726280998780624e-03
7.261333333333332973e+01 4.073533217714869759e-01 3.331495385609617443e-03
7.326166666666667027e+01 4.083982233829195341e-01 3.377395849089470659e-03
7.390999999999999659e+01 4.094884858343418865e-01 3.423448456489008862e-03
7.455833333333333712e+01 4.099351682325312884e-01 3.477378647193329897e-03
7.520666666666666345e+01 4.092813476540049233e-01 3.796948879192463266e-03
7.585500000000000398e+01 4.109426338249007049e-01 4.647115663145573450e-03
7.650333333333333030e+01 4.135113248569543543e-01 4.901777898778103548e-03
7.715166666666665662e+01 4.155847030740411618e-01 5.114290423541278940e-03
7.779999999999999716e+01 4.167635845030994157e-01 5.313047482980115532e-03
7.844833333333332348e+01 4.186304568139655458e-01 5.536788474249876302e-03
7.909666666666666401e+01 4.202545892371378766e-01 5.604161692659870297e-03
7.974499999999999034e+01 4.214946373421234460e-01 5.699229186199028518e-03
8.039333333333333087e+01 4.223886022905350979e-01 5.801592011468903465e-03
8.104166666666667140e+01 4.242458336966463683e-01 5.920018881048427772e-03
8.168999999999999773e+01 4.255063645282841089e-01 5.947744528648657436e-03
8.233833333333333826e+01 4.259165317682642171e-01 6.043545992668875044e-03
8.298666666666666458e+01 4.280181464264629643e-01 6.144880648561112935e-03
8.363499999999999091e+01 4.288933796887156591e-01 6.173759305593051749e-03
8.428333333333333144e+01 4.298630115347398251e-01 6.286768420831423398e-03
8.493166666666665776e+01 4.314731781588412862e-01 6.360278443912736890e-03
8.557999999999999829e+01 4.330934533084417892e-01 6.442108422176184845e-03
8.622833333333332462e+01 4.324405870488550185e-01 6.643802787898334117e-03
8.687666666666665094e+01 4.310188569374178713e-01 7.337627414814251736e-03
8.752500000000000568e+01 4.340109380774903602e-01 8.075239097046660319e-03
8.817333333333333201e+01 4.362504644289308398e-01 8.513803893380966770e-03
8.882166666666667254e+01 4.378792664987798955e-01 8.793921630872336692e-03
8.946999999999999886e+01 4.393400063627809216e-01 9.005242862624385225e-03
9.011833333333332519e+01 4.413094381374579878e-01 9.315804721996778781e-03
9.076666666666666572e+01 4.424585080467186016e-01 9.496550971130668373e-03
9.141499999999999204e+01 4.436847456690077296e-01 9.658895445556536785e-03
9.206333333333333258e+01 4.444835447774342363e-01 9.807632845178826386e-03
9.271166666666665890e+01 4.456608615678312457e-01 9.964018488957115949e-03
9.335999999999998522e+01 4.464333781533203482e-01 1.006750276133439037e-02
9.400833333333333997e+01 4.475710860706992866e-01 1.024878560346209611e-02
9.465666666666666629e+01 4.487998614199949499e-01 1.032895544681999844e-02
9.530500000000000682e+01 4.504309990463183921e-01 1.041751677991209490e-02
9.595333333333333314e+01 4.510487183741609396e-01 1.058595338197143576e-02
9.660166666666665947e+01 4.518265083991797049e-01 1.064756767485985911e-02
9.725000000000000000e+01 4.527344808718185010e-01 1.074822197053815209e-02
9.789833333333332632e+01 4.536774218290728911e-01 1.083087103319946287e-02
9.854666666666666686e+01 4.549124998522639518e-01 1.095375409350962670e-02
9.919499999999999318e+01 4.557397006438969611e-01 1.102638548396450702e-02
9.984333333333331950e+01 4.570594690723853715e-01 1.106768430996973862e-02
1.004916666666666600e+02 4.575668270071309718e-01 1.119484929246583604e-02
1.011400000000000006e+02 4.575647564356434827e-01 1.131148092971745456e-02
1.017883333333333411e+02 4.584946596556016551e-01 1.148234084044741365e-02
1.024366666666666674e+02 4.581414729288152410e-01 1.196737043530915479e-02
1.030849999999999937e+02 4.598071350325036999e-01 1.246203690837965894e-02
1.037333333333333343e+02 4.620796973465562396e-01 1.268058441462383001e-02
1.043816666666666606e+02 4.623751261211507813e-01 1.288375378588746401e-02
1.050300000000000011e+02 4.640228317328518592e-01 1.306530770543257169e-02
1.056783333333333275e+02 4.644103369966907091e-01 1.323341200989980315e-02
1.063266666666666538e+02 4.662868478896447511e-01 1.348321915996164577e-02
1.069749999999999943e+02 4.672588217959667833e-01 1.349466507814334193e-02
1.076233333333333206e+02 4.678955362236918991e-01 1.382809348989755271e-02
1.082716666666666754e+02 4.689149266750990419e-01 1.375429282365980832e-02
1.089200000000000017e+02 4.696245455380533840e-01 1.387938250578124588e-02
1.095683333333333280e+02 4.698545912789192647e-01 1.398284949402017752e-02
1.102166666666666686e+02 4.711157471391919649e-01 1.399147364812991512e-02
1.108649999999999949e+02 4.719086353802940947e-01 1.420965134512730543e-02
1.115133333333333354e+02 4.738921174165032224e-01 1.423526661526297588e-02
1.121616666666666617e+02 4.741590706501109809e-01 1.429184301019859049e-02
1.128099999999999881e+02 4.745470140274032356e-01 1.439494190008017149e-02
1.134583333333333286e+02 4.750415968787504717e-01 1.452127381357493086e-02
1.141066666666666549e+02 4.764469759929118586e-01 1.454817104551198170e-02
1.147550000000000097e+02 4.774979222093995168e-01 1.469493078046868462e-02
1.154033333333333360e+02 4.772006466422848980e-01 1.470097597105879395e-02
1.160516666666666623e+02 4.776749101249566642e-01 1.498608115748378822e-02
1.167000000000000028e+02 4.783169770895089323e-01 1.505873129452983683e-02
1.173483333333333292e+02 4.787122479158389954e-01 1.524886217054755022e-02
1.179966666666666697e+02 4.798398850054487186e-01 1.543064148051054296e-02
1.186449999999999960e+02 4.803440180094569745e-01 1.565432669589128523e-02
1.192933333333333223e+02 4.813476107573595453e-01 1.574823798931301866e-02
1.199416666666666629e+02 4.821403664481622720e-01 1.587239658483130533e-02
1.205899999999999892e+02 4.827741369794942838e-01 1.600195668945514349e-02
1.212383333333333297e+02 4.839152021939509551e-01 1.612620022237698514e-02
1.218866666666666703e+02 4.839723611263282432e-01 1.617663026842941498e-02
1.225349999999999966e+02 4.843039148803870986e-01 1.625397636552694536e-02
1.231833333333333371e+02 4.853497346158376913e-01 1.641116790517060942e-02
1.238316666666666634e+02 4.860816887927266738e-01 1.650110647014280119e-02
1.244799999999999898e+02 4.866111507393197644e-01 1.661624231280001140e-02
1.251283333333333303e+02 4.873094523137801448e-01 1.674200941837900025e-02
1.257766666666666566e+02 4.886489559496642321e-01 1.680657535434826322e-02
1.264249999999999972e+02 4.891739303107735526e-01 1.690581993984441311e-02
1.270733333333333235e+02 4.898698339142387725e-01 1.704369474430156295e-02
1.277216666666666498e+02 4.904045902982824279e-01 1.713457025800946276e-02
1.283700000000000045e+02 4.909016187758511451e-01 1.727749576465398285e-02
1.290183333333333167e+02 4.927050604753206997e-01 1.743473717296661896e-02
1.296666666666666572e+02 4.925934422757116682e-01 1.755833732034206562e-02
1.303149999999999977e+02 4.926766207452218382e-01 1.774828617921575535e-02
1.309633333333333098e+02 4.941834526566107888e-01 1.786358591679371166e-02
1.316116666666666504e+02 4.937623320759033652e-01 1.803666678995186068e-02
1.322599999999999909e+02 4.942943884244692110e-01 1.812368267824915335e-02
1.329083333333333314e+02 4.961163423546432472e-01 1.823670431337820474e-02
1.335566666666666720e+02 4.971586276025436457e-01 1.841056328679857579e-02
1.342049999999999841e+02 4.965675597249774031e-01 1.847427804418333430e-02
1.348533333333333246e+02 4.974407412362609193e-01 1.863524075044642458e-02
1.355016666666666652e+02 4.978288198275799825e-01 1.862611208361597548e-02
1.361500000000000057e+02 4.980255135019472923e-01 1.871198297190446169e-02
1.367983333333333178e+02 4.987551258292765022e-01 1.884915866140368657e-02
1.374466666666666583e+02 4.995037764785592582e-01 1.890366764909834352e-02
1.380949999999999704e+02 5.006679083919252093e-01 1.900828152848554886e-02
1.387433333333333394e+02 5.009100707594401625e-01 1.896492582199016397e-02
1.393916666666666799e+02 5.010580173931964421e-01 1.908489605343377526e-02
1.400399999999999920e+02 5.019416277923859360e-01 1.921065551242628899e-02
1.406883333333333326e+02 5.019006190392536482e-01 1.914394897709081889e-02
1.413366666666666447e+02 5.020980817957568787e-01 1.920253196125432105e-02
1.419850000000000136e+02 5.022368404370340933e-01 1.929515554278249390e-02
1.426333333333333258e+02 5.040222275189106815e-01 1.928788697634731264e-02
1.432816666666666663e+02 5.052090098627844972e-01 1.933978247923828775e-02
1.439299999999999784e+02 5.054823044793345099e-01 1.936529179700552383e-02
