-1.570796326794896558e+00 -1.063053969096342311e+00
-1.507329808540557314e+00 -1.050644732839493445e+00
-1.443863290286218071e+00 -1.018122011429459350e+00
-1.380396772031878827e+00 -9.778856928306389751e-01
-1.316930253777539583e+00 -9.454871724522458942e-01
-1.253463735523200340e+00 -9.338587676349177080e-01
-1.189997217268861096e+00 -9.483709872624304094e-01
-1.126530699014521630e+00 -9.845212805776228926e-01
-1.063064180760182609e+00 -1.029176457005192891e+00
-9.995976625058432541e-01 -1.065067393335668022e+00
-9.361311442515040104e-01 -1.077076501252913321e+00
-8.726646259971647668e-01 -1.058159864571981634e+00
-8.091981077428254121e-01 -1.012757235125114175e+00
-7.457315894884861684e-01 -9.562852708411856417e-01
-6.822650712341469248e-01 -9.105624835172632103e-01
-6.187985529798076811e-01 -8.963835447396473199e-01
-5.553320347254684375e-01 -9.255005596616381336e-01
-4.918655164711291938e-01 -9.946267917464228780e-01
-4.283989982167899502e-01 -1.083609738150706603e+00
-3.649324799624507065e-01 -1.158741088349851234e+00
-3.014659617081114629e-01 -1.180626254025824773e+00
-2.379994434537722192e-01 -1.114596854992975228e+00
-1.745329251994329756e-01 -9.407669656900038424e-01
-1.110664069450937319e-01 -6.607976502262326024e-01
-4.759988869075426621e-02 -2.992790303452941281e-01
1.586662956358497745e-02 1.008703430586198879e-01
7.933314781792422110e-02 4.878869590048132698e-01
1.427996660722634648e-01 8.130246444951095830e-01
2.062661843266027084e-01 1.041603931399330385e+00
2.697327025809419521e-01 1.160291992098253733e+00
3.331992208352811957e-01 1.178744198719121394e+00
3.966657390896204394e-01 1.125351902152484485e+00
4.601322573439596830e-01 1.038498775703500465e+00
5.235987755982991487e-01 9.559401661265581884e-01
5.870652938526381703e-01 9.053373162182126732e-01
6.505318121069776360e-01 8.984972663135248894e-01
7.139983303613166576e-01 9.306590525577164152e-01
7.774648486156561233e-01 9.846135051247093539e-01
8.409313668699951450e-01 1.038027697332342125e+00
9.043978851243346107e-01 1.071490630431831903e+00
9.678644033786736323e-01 1.074743448872556684e+00
1.031330921633013098e+00 1.049289584085000948e+00
1.094797439887352120e+00 1.006837936445269754e+00
1.158263958141691585e+00 9.643991983844746319e-01
1.221730476396030607e+00 9.378938763160166170e-01
1.285196994650370073e+00 9.365204189817200042e-01
1.348663512904709094e+00 9.597700330354799192e-01
1.412130031159048560e+00 9.980034231746240936e-01
1.475596549413388026e+00 1.036260413573320216e+00
1.539063067667727047e+00 1.059874599548306096e+00
1.602529585922066513e+00 1.059874599548305873e+00
1.665996104176405535e+00 1.036260413573319328e+00
1.729462622430745000e+00 9.980034231746239826e-01
1.792929140685084022e+00 9.597700330354804743e-01
1.856395658939423488e+00 9.365204189817204483e-01
1.919862177193762509e+00 9.378938763160168390e-01
1.983328695448101975e+00 9.643991983844747429e-01
2.046795213702440996e+00 1.006837936445269532e+00
2.110261731956780462e+00 1.049289584085000948e+00
2.173728250211119484e+00 1.074743448872556462e+00
2.237194768465458949e+00 1.071490630431831681e+00
2.300661286719797971e+00 1.038027697332342125e+00
2.364127804974137437e+00 9.846135051247093539e-01
2.427594323228476458e+00 9.306590525577167483e-01
2.491060841482815924e+00 8.984972663135246673e-01
2.554527359737154946e+00 9.053373162182123401e-01
2.617993877991494855e+00 9.559401661265590766e-01
2.681460396245833877e+00 1.038498775703501131e+00
2.744926914500172899e+00 1.125351902152484929e+00
2.808393432754511920e+00 1.178744198719121172e+00
2.871859951008851830e+00 1.160291992098253067e+00
2.935326469263190852e+00 1.041603931399329941e+00
2.998792987517529873e+00 8.130246444951090279e-01
3.062259505771868895e+00 4.878869590048141025e-01
3.125726024026208805e+00 1.008703430586163768e-01
3.189192542280547826e+00 -2.992790303452960710e-01
3.252659060534886848e+00 -6.607976502262322693e-01
3.316125578789225870e+00 -9.407669656900026212e-01
3.379592097043565779e+00 -1.114596854992975450e+00
3.443058615297904801e+00 -1.180626254025824995e+00
3.506525133552243823e+00 -1.158741088349851012e+00
3.569991651806583732e+00 -1.083609738150705715e+00
3.633458170060922754e+00 -9.946267917464227670e-01
3.696924688315261776e+00 -9.255005596616378005e-01
3.760391206569600797e+00 -8.963835447396473199e-01
3.823857724823940707e+00 -9.105624835172633214e-01
3.887324243078279729e+00 -9.562852708411859748e-01
3.950790761332618750e+00 -1.012757235125114397e+00
4.014257279586957772e+00 -1.058159864571981412e+00
4.077723797841297682e+00 -1.077076501252912655e+00
4.141190316095636703e+00 -1.065067393335667578e+00
4.204656834349975725e+00 -1.029176457005193113e+00
4.268123352604314746e+00 -9.845212805776228926e-01
4.331589870858654656e+00 -9.483709872624297432e-01
4.395056389112993678e+00 -9.338587676349184852e-01
4.458522907367332699e+00 -9.454871724522453391e-01
4.521989425621672609e+00 -9.778856928306387530e-01
4.585455943876011631e+00 -1.018122011429460017e+00
4.648922462130350652e+00 -1.050644732839493445e+00
4.712388980384689674e+00 -1.063053969096342311e+00
