0 1
0.545867 0.998459
1.09173 0.999073
1.6376 0.997441
2.18347 0.990081
2.72933 0.971601
3.2752 0.908991
3.82107 0.756029
4.36693 0.563635
4.9128 0.431327
5.45867 0.361179
6.00453 0.353681
6.5504 0.349654
7.09627 0.344173
7.64213 0.335992
8.188 0.32466
8.73387 0.318389
9.27973 0.312907
9.8256 0.31082
10.3715 0.306626
10.9173 0.304239
11.4632 0.303674
12.0091 0.302919
12.5549 0.301808
13.1008 0.302016
13.6467 0.301965
14.1925 0.302366
14.7384 0.302516
15.2843 0.303188
15.8301 0.305467
16.376 0.305551
16.9219 0.305197
17.4677 0.305764
18.0136 0.306852
18.5595 0.307346
19.1053 0.309075
19.6512 0.30943
20.1971 0.310087
20.7429 0.311076
21.2888 0.312247
21.8347 0.312583
22.3805 0.312999
22.9264 0.314446
23.4723 0.31583
24.0181 0.315977
24.564 0.317192
25.1099 0.317771
25.6557 0.318414
26.2016 0.31949
26.7475 0.320327
27.2933 0.326968
27.8392 0.325823
28.3851 0.328717
28.9309 0.329953
29.4768 0.330009
30.0227 0.331515
30.5685 0.332459
31.1144 0.33327
31.6603 0.334161
32.2061 0.335427
32.752 0.335818
33.2979 0.336688
33.8437 0.338322
34.3896 0.337593
34.9355 0.338939
35.4813 0.3395
36.0272 0.339947
36.5731 0.340293
37.1189 0.341427
37.6648 0.34221
38.2107 0.343317
38.7565 0.344812
39.3024 0.345962
39.8483 0.346572
40.3941 0.346048
40.94 0.347136
41.4859 0.347307
42.0317 0.347799
42.5776 0.345429
43.1235 0.351279
43.6693 0.353107
44.2152 0.355111
44.7611 0.356046
45.3069 0.356892
45.8528 0.358928
46.3987 0.359627
46.9445 0.360707
47.4904 0.362187
48.0363 0.363277
48.5821 0.363268
49.128 0.364087
49.6739 0.364822
50.2197 0.366228
50.7656 0.366915
51.3115 0.367895
51.8573 0.3697
52.4032 0.369945
52.9491 0.371514
53.4949 0.372842
54.0408 0.373585
54.5867 0.374503
55.1325 0.374916
55.6784 0.37617
56.2243 0.376714
56.7701 0.378404
57.316 0.379921
57.8619 0.380904
58.4077 0.381102
58.9536 0.382084
59.4995 0.383197
60.0453 0.38367
60.5912 0.385665
61.1371 0.385229
61.6829 0.386909
62.2288 0.387732
62.7747 0.388566
63.3205 0.390746
63.8664 0.390895
64.4123 0.391941
64.9581 0.392885
65.504 0.393239
66.0499 0.394875
66.5957 0.395095
67.1416 0.396412
67.6875 0.39771
68.2333 0.397864
68.7792 0.398665
69.3251 0.400252
69.8709 0.400469
70.4168 0.401489
70.9627 0.402269
71.5085 0.40336
72.0544 0.404269
72.6003 0.405103
73.1461 0.405825
73.692 0.406727
74.2379 0.407615
74.7837 0.4087
75.3296 0.410495
75.8755 0.410056
76.4213 0.410921
76.9672 0.41174
77.5131 0.412098
78.0589 0.413676
78.6048 0.413894
79.1507 0.414822
79.6965 0.415284
80.2424 0.416635
80.7883 0.417275
81.3341 0.418264
81.88 0.418607
82.4259 0.419423
82.9717 0.419829
83.5176 0.42084
84.0635 0.421236
84.6093 0.420797
85.1552 0.423312
85.7011 0.423841
86.2469 0.423908
86.7928 0.42448
87.3387 0.425496
87.8845 0.426433
88.4304 0.425926
88.9763 0.426902
89.5221 0.427853
90.068 0.428998
90.6139 0.429444
91.1597 0.429571
91.7056 0.43064
92.2515 0.430882
92.7973 0.430744
93.3432 0.431616
93.8891 0.432854
94.4349 0.433267
94.9808 0.433201
95.5267 0.434551
96.0725 0.434515
96.6184 0.435526
97.1643 0.436032
97.7101 0.436552
98.256 0.437165
98.8019 0.437944
99.3477 0.438223
99.8936 0.438336
100.439 0.439113
100.985 0.439786
101.531 0.441422
102.077 0.441475
102.623 0.441442
103.169 0.442886
103.715 0.44268
104.261 0.443894
104.806 0.444806
105.352 0.444775
105.898 0.445466
106.444 0.445502
106.99 0.446306
107.536 0.446591
108.082 0.446907
108.627 0.447539
109.173 0.448035
109.719 0.449549
110.265 0.449512
110.811 0.449595
111.357 0.449285
111.903 0.450252
112.449 0.451551
112.994 0.451233
113.54 0.451482
114.086 0.452092
114.632 0.452299
115.178 0.452618
115.724 0.453994
116.27 0.45427
116.815 0.455479
117.361 0.454638
117.907 0.455194
118.453 0.455603
118.999 0.45698
119.545 0.457802
120.091 0.456822
120.637 0.457923
121.182 0.459187
121.728 0.458656
122.274 0.45876
122.82 0.458553
123.366 0.459845
123.912 0.459763
124.458 0.460224
125.003 0.460797
125.549 0.461386
126.095 0.461336
126.641 0.462044
127.187 0.462352
127.733 0.462217
128.279 0.462749
128.825 0.463536
129.37 0.463739
129.916 0.46391
130.462 0.463739
131.008 0.463576
131.554 0.463644
132.1 0.464825
132.646 0.465464
133.191 0.46664
133.737 0.467197
134.283 0.467286
134.829 0.468169
135.375 0.468182
135.921 0.468536
136.467 0.468903
137.013 0.469707
137.558 0.469844
138.104 0.470483
138.65 0.471444
139.196 0.471133
139.742 0.470309
140.288 0.470286
140.834 0.470363
141.379 0.472142
141.925 0.471945
142.471 0.471947
143.017 0.472598
143.563 0.472587
144.109 0.473271
144.655 0.472995
145.201 0.472948
145.746 0.473528
146.292 0.473104
146.838 0.473432
147.384 0.473639
147.93 0.474119
148.476 0.474387
149.022 0.475206
149.567 0.475645
150.113 0.476467
150.659 0.475594
151.205 0.477002
151.751 0.476787
152.297 0.478602
152.843 0.478785
153.389 0.478983
153.934 0.478782
154.48 0.479667
155.026 0.478935
155.572 0.479629
156.118 0.478621
156.664 0.480533
157.21 0.479167
157.755 0.479992
158.301 0.480583
158.847 0.480692
159.393 0.480072
159.939 0.480601
160.485 0.480556
161.031 0.481727
161.577 0.481689
162.122 0.48108
162.668 0.481828
163.214 0.481938
163.76 0.481777
164.306 0.482226
164.852 0.482213
165.398 0.48249
165.943 0.483477
166.489 0.484591
167.035 0.484189
167.581 0.483246
168.127 0.483242
168.673 0.483749
169.219 0.484021
169.765 0.484717
170.31 0.484672
170.856 0.484056
171.402 0.484404
171.948 0.484994
172.494 0.484848
173.04 0.484899
173.586 0.485125
174.131 0.485742
174.677 0.485466
175.223 0.485561
175.769 0.486848
176.315 0.48706
176.861 0.487445
177.407 0.488035
177.953 0.486711
178.498 0.48717
179.044 0.487261
179.59 0.487371
180.136 0.487271
180.682 0.487547
181.228 0.487599
181.774 0.488518
182.319 0.488976
182.865 0.48877
183.411 0.489136
183.957 0.489919
184.503 0.489508
185.049 0.48891
185.595 0.489252
186.141 0.489344
186.686 0.489211
187.232 0.489523
187.778 0.489137
188.324 0.489714
188.87 0.48962
189.416 0.489991
189.962 0.490389
190.507 0.490366
