5.773809523809523281e-01 3.148166666666663005e-02 1.916618178130620118e-02
5.765306122448978776e-01 3.222222222222226318e-02 1.964670466823856959e-02
5.758928571428572063e-01 3.148166666666663005e-02 1.992453182683389876e-02
5.748299319727891987e-01 3.148166666666663005e-02 1.998642886783150510e-02
5.739795918367347483e-01 3.111111111111120042e-02 1.977241917107115665e-02
5.733418367346938549e-01 3.222222222222226318e-02 2.044768493340509696e-02
5.722789115646258473e-01 3.148166666666663005e-02 1.998642886783150510e-02
5.716411564625850650e-01 3.222277777777771135e-02 1.968893905185483198e-02
5.707908163265306145e-01 3.222277777777771135e-02 1.968893905185483198e-02
5.701530612244898322e-01 3.222277777777771135e-02 1.968893905185483198e-02
5.690901360544218246e-01 3.259277777777769280e-02 1.992417038253033526e-02
5.684523809523809312e-01 3.222277777777771135e-02 1.968893905185483198e-02
5.676020408163264808e-01 3.296333333333334448e-02 2.017061315838427488e-02
5.669642857142856984e-01 3.222222222222226318e-02 1.964670466823856959e-02
5.659013605442176909e-01 3.703666666666660667e-02 1.284083208045796835e-02
5.652636054421769085e-01 3.777777777777791002e-02 1.179345568158798353e-02
5.644132653061224580e-01 3.814777777777789147e-02 1.127060223286038658e-02
5.637755102040815647e-01 3.814833333333345067e-02 1.051497723707931625e-02
5.627125850340135571e-01 3.777777777777791002e-02 1.030402055055078432e-02
5.618622448979591066e-01 3.814777777777789147e-02 1.127060223286038658e-02
5.612244897959184353e-01 3.777722222222235082e-02 1.099943881845739414e-02
5.601615646258504277e-01 3.814833333333322862e-02 1.208088879487242799e-02
5.595238095238095344e-01 3.777777777777791002e-02 1.179345568158798353e-02
5.586734693877550839e-01 3.814777777777789147e-02 1.127060223286038658e-02
5.580357142857143016e-01 3.851833333333343212e-02 1.155917560817987765e-02
5.569727891156462940e-01 3.851888888888899132e-02 9.992987942787209463e-03
5.563350340136055117e-01 3.925944444444451342e-02 9.785588925419077752e-03
5.554846938775510612e-01 3.962944444444438385e-02 1.011610243102858270e-02
5.548469387755101678e-01 3.963000000000005407e-02 9.266922758251914735e-03
5.537840136054421603e-01 4.037055555555546515e-02 9.086944779853079260e-03
5.529336734693877098e-01 4.000055555555559472e-02 8.748897637790914103e-03
5.522959183673469274e-01 3.999999999999992450e-02 8.653931776087973524e-03
5.512329931972789199e-01 4.037055555555546515e-02 8.950189873149752909e-03
5.505952380952381375e-01 4.037055555555546515e-02 8.950189873149752909e-03
5.497448979591836871e-01 4.074055555555555763e-02 9.266145602190160521e-03
5.491071428571427937e-01 3.999999999999992450e-02 8.653931776087973524e-03
5.480442176870747861e-01 4.111111111111109828e-02 9.600754439233893586e-03
5.474064625850341148e-01 4.074055555555555763e-02 8.429795627474475500e-03
5.465561224489796643e-01 4.111055555555553909e-02 8.748897637790914103e-03
5.459183673469387710e-01 4.185166666666662039e-02 8.574614017876017874e-03
5.448554421768707634e-01 4.111111111111098726e-02 7.908998898738535399e-03
5.440051020408163129e-01 4.222222222222216104e-02 8.063202003125661405e-03
5.433673469387755306e-01 4.222222222222216104e-02 8.063202003125661405e-03
5.423044217687075230e-01 4.222222222222216104e-02 8.063202003125661405e-03
5.416666666666667407e-01 4.222222222222216104e-02 8.063202003125661405e-03
5.408163265306122902e-01 4.222222222222216104e-02 8.063202003125661405e-03
5.401785714285713969e-01 4.222222222222216104e-02 8.063202003125661405e-03
5.391156462585033893e-01 4.222222222222216104e-02 8.063202003125661405e-03
5.382653061224489388e-01 4.185166666666662039e-02 8.574614017876017874e-03
5.376275510204081565e-01 4.148166666666663893e-02 9.311467641012845589e-03
5.365646258503401489e-01 4.111166666666654645e-02 9.813067629253154761e-03
5.359268707482993666e-01 4.037055555555546515e-02 9.951949030525255799e-03
5.350765306122449161e-01 3.999999999999992450e-02 1.046288758740468797e-02
5.344387755102040227e-01 3.999999999999992450e-02 1.046288758740468797e-02
5.333758503401360151e-01 3.999999999999992450e-02 9.601011617224201877e-03
5.327380952380953438e-01 4.111166666666654645e-02 9.813067629253154761e-03
5.318877551020408934e-01 4.185166666666662039e-02 9.700692224250259330e-03
5.312500000000000000e-01 4.111111111111098726e-02 8.935387650747771138e-03
5.301870748299319924e-01 4.222222222222216104e-02 9.207104979241063913e-03
5.293367346938775420e-01 4.185222222222206856e-02 8.811639643668855645e-03
5.286989795918367596e-01 4.222277777777772023e-02 8.314794192830951211e-03
5.276360544217687520e-01 4.222277777777772023e-02 8.314794192830951211e-03
5.269982993197279697e-01 4.222277777777772023e-02 8.314794192830951211e-03
5.261479591836735192e-01 4.296333333333335336e-02 9.132254903890369910e-03
5.255102040816326259e-01 4.296277777777779416e-02 8.810892389046505804e-03
5.244472789115646183e-01 4.296277777777768314e-02 9.700543735555899882e-03
5.235969387755101678e-01 4.185166666666662039e-02 9.442991914446186713e-03
5.229591836734693855e-01 4.259277777777770169e-02 1.108629328339424264e-02
5.218962585034013779e-01 4.222222222222216104e-02 1.069563967346936692e-02
5.212585034013605956e-01 4.259277777777770169e-02 1.108629328339424264e-02
5.204081632653061451e-01 4.259222222222225351e-02 1.019715794949327750e-02
5.197704081632652517e-01 4.370388888888887546e-02 9.615302746849942184e-03
5.187074829931972442e-01 4.370333333333331627e-02 8.429551523591767570e-03
5.180697278911564618e-01 4.481499999999993822e-02 8.717687745591120099e-03
5.172193877551021224e-01 4.481499999999993822e-02 7.821499690430725599e-03
5.165816326530612290e-01 4.555555555555546032e-02 8.653860445909928104e-03
5.155187074829932214e-01 4.592555555555544178e-02 8.181765671673391083e-03
5.148809523809523281e-01 4.592555555555544178e-02 8.181765671673391083e-03
5.140306122448978776e-01 4.518555555555547887e-02 8.231859554705445864e-03
5.133928571428572063e-01 4.592611111111100097e-02 9.087057985921862327e-03
5.123299319727891987e-01 4.592611111111100097e-02 9.087057985921862327e-03
5.114795918367347483e-01 4.555555555555546032e-02 8.653860445909928104e-03
5.108418367346938549e-01 4.555555555555546032e-02 8.653860445909928104e-03
5.097789115646258473e-01 4.555555555555546032e-02 8.653860445909928104e-03
5.091411564625850650e-01 4.555555555555546032e-02 8.653860445909928104e-03
5.082908163265306145e-01 4.481499999999993822e-02 8.181715386559653205e-03
5.076530612244898322e-01 4.555555555555546032e-02 9.071957436429868224e-03
5.065901360544218246e-01 4.629611111111120447e-02 9.087759913582344265e-03
5.059523809523809312e-01 4.592555555555544178e-02 8.622783809030814747e-03
5.051020408163264808e-01 4.592555555555544178e-02 8.622783809030814747e-03
5.044642857142856984e-01 4.592555555555544178e-02 7.715580237095689096e-03
5.034013605442176909e-01 4.703666666666672658e-02 9.132254903890326542e-03
5.025510204081632404e-01 4.629611111111120447e-02 8.181765671673344245e-03
5.019132653061224580e-01 4.592555555555544178e-02 7.715580237095689096e-03
5.008503401360544505e-01 4.666666666666674512e-02 8.654573721235283776e-03
5.002125850340135571e-01 4.629611111111120447e-02 8.181765671673344245e-03
4.993622448979592177e-01 4.629611111111120447e-02 8.181765671673344245e-03
4.987244897959183243e-01 4.703722222222228577e-02 8.231959549505311544e-03
4.976615646258503167e-01 4.703722222222228577e-02 8.231959549505311544e-03
4.968112244897958663e-01 4.703722222222228577e-02 8.231959549505311544e-03
4.961734693877550839e-01 4.703722222222228577e-02 8.231959549505311544e-03
4.951105442176870763e-01 4.703722222222228577e-02 8.231959549505311544e-03
4.944727891156462940e-01 4.666666666666652308e-02 7.751091798841883151e-03
4.936224489795918435e-01 4.703722222222228577e-02 8.231959549505311544e-03
4.929846938775510612e-01 4.703722222222228577e-02 8.231959549505311544e-03
4.919217687074830536e-01 4.740722222222226723e-02 8.717074064553608989e-03
4.912840136054421603e-01 4.666666666666652308e-02 7.751091798841883151e-03
4.904336734693877098e-01 4.740722222222226723e-02 7.822236268926795535e-03
4.897959183673469274e-01 4.814777777777790035e-02 8.811639643668855645e-03
4.887329931972789199e-01 4.851833333333344100e-02 8.429551523591821346e-03
4.878826530612244694e-01 4.851833333333332998e-02 7.553739814501462223e-03
4.872448979591836871e-01 4.962944444444450376e-02 9.086944779853044565e-03
4.861819727891156795e-01 4.814833333333334853e-02 7.046913167138167157e-03
4.855442176870748971e-01 4.888833333333331144e-02 7.200822998230949241e-03
4.846938775510204467e-01 4.925888888888896311e-02 7.716060251350396505e-03
4.840561224489795533e-01 4.962944444444450376e-02 9.086944779853044565e-03
4.829931972789115457e-01 4.962944444444450376e-02 9.086944779853044565e-03
4.823554421768707634e-01 4.962944444444450376e-02 9.086944779853044565e-03
4.815051020408163129e-01 4.851833333333344100e-02 8.429551523591821346e-03
4.808673469387755306e-01 4.925888888888896311e-02 9.442447141747283695e-03
4.798044217687075230e-01 4.851833333333344100e-02 8.429551523591821346e-03
4.789540816326530726e-01 4.925944444444452230e-02 8.811639643668855645e-03
4.783163265306122902e-01 4.925944444444452230e-02 8.811639643668855645e-03
4.772534013605442826e-01 5.000000000000004441e-02 8.934627704735213435e-03
4.766156462585033893e-01 5.074055555555545549e-02 9.087465556848816489e-03
4.757653061224489388e-01 5.111111111111099614e-02 8.748897637790879409e-03
4.751275510204081565e-01 5.074055555555545549e-02 8.231634590085456019e-03
4.740646258503401489e-01 5.111111111111099614e-02 7.908530595049862236e-03
4.734268707482993666e-01 5.111111111111099614e-02 7.908530595049862236e-03
4.725765306122449161e-01 5.074111111111112571e-02 7.388967794064909937e-03
4.719387755102041337e-01 5.148166666666653679e-02 8.429331835037997059e-03
4.708758503401361262e-01 5.185166666666662927e-02 8.131439100912681711e-03
4.700255102040816757e-01 5.185166666666662927e-02 8.131439100912681711e-03
4.693877551020407823e-01 5.222222222222205890e-02 7.856742013183861881e-03
4.683248299319727748e-01 5.222222222222205890e-02 7.856742013183861881e-03
4.676870748299319924e-01 5.222222222222205890e-02 7.856742013183861881e-03
4.668367346938775420e-01 5.296333333333325122e-02 8.131439100912714671e-03
4.661989795918367596e-01 5.259277777777771057e-02 7.608267473651082920e-03
4.651360544217687520e-01 5.222222222222216992e-02 7.085224889048698585e-03
4.644982993197279697e-01 5.296333333333325122e-02 8.131439100912714671e-03
4.636479591836735192e-01 5.296333333333325122e-02 8.131439100912714671e-03
4.630102040816326259e-01 5.296277777777769202e-02 8.904045723541312990e-03
4.619472789115646183e-01 5.333333333333323267e-02 9.428090415820655767e-03
4.610969387755101678e-01 5.259277777777771057e-02 8.380786705463260169e-03
4.604591836734693855e-01 5.259222222222215137e-02 9.177296496662558020e-03
4.593962585034013779e-01 5.333333333333323267e-02 1.022423491659055217e-02
4.587585034013605956e-01 5.296277777777769202e-02 8.904045723541312990e-03
4.579081632653061451e-01 5.296277777777769202e-02 8.904045723541312990e-03
4.572704081632652517e-01 5.296277777777769202e-02 8.904045723541312990e-03
4.562074829931973552e-01 5.259277777777771057e-02 8.380786705463260169e-03
4.555697278911564618e-01 5.444444444444451747e-02 7.908530595049862236e-03
4.547193877551020114e-01 5.518555555555559877e-02 8.231634590085456019e-03
4.540816326530612290e-01 5.518555555555559877e-02 8.231634590085456019e-03
4.530187074829932214e-01 5.518555555555559877e-02 8.231634590085456019e-03
4.521683673469387710e-01 5.518555555555559877e-02 8.231634590085456019e-03
4.515306122448979886e-01 5.518555555555559877e-02 8.231634590085456019e-03
4.504676870748299811e-01 5.555555555555558023e-02 7.908998898738502439e-03
4.498299319727890877e-01 5.518500000000003958e-02 8.131439100912681711e-03
4.489795918367347483e-01 5.518500000000003958e-02 8.131439100912681711e-03
4.483418367346938549e-01 5.555555555555558023e-02 8.654716369246202856e-03
4.472789115646258473e-01 5.592611111111112088e-02 8.429795627474442540e-03
4.466411564625850650e-01 5.555555555555558023e-02 7.908998898738502439e-03
4.457908163265306145e-01 5.629611111111110233e-02 8.950189873149719949e-03
4.451530612244898322e-01 5.666666666666664298e-02 8.653931776087973524e-03
4.440901360544218246e-01 5.629666666666666153e-02 8.131439100912681711e-03
4.432397959183673741e-01 5.666722222222220218e-02 7.856742013183861881e-03
4.426020408163264808e-01 5.703722222222218363e-02 8.380001031261914701e-03
4.415391156462584732e-01 5.666722222222220218e-02 7.856742013183861881e-03
4.409013605442176909e-01 5.703722222222218363e-02 8.380001031261914701e-03
4.400510204081632404e-01 5.703722222222218363e-02 8.380001031261914701e-03
4.394132653061224580e-01 5.814833333333335741e-02 9.177655231896428983e-03
4.383503401360544505e-01 5.740722222222227611e-02 8.131008927115969398e-03
4.377125850340136681e-01 5.814777777777779821e-02 8.380786705463260169e-03
4.368622448979592177e-01 5.777722222222225756e-02 7.856742013183861881e-03
4.362244897959183243e-01 5.814777777777779821e-02 8.380786705463260169e-03
4.351615646258503167e-01 5.851833333333333886e-02 8.131439100912714671e-03
4.343112244897958663e-01 5.851833333333333886e-02 8.131439100912714671e-03
4.336734693877550839e-01 5.888888888888899054e-02 8.654716369246234081e-03
4.326105442176870763e-01 5.814833333333335741e-02 8.429331835038030019e-03
4.319727891156462940e-01 5.777777777777781676e-02 8.748897637790914103e-03
4.311224489795918435e-01 5.814833333333335741e-02 9.266922758251914735e-03
4.304846938775510612e-01 5.740722222222227611e-02 8.231634590085436937e-03
4.294217687074830536e-01 5.777777777777781676e-02 9.472007719956402824e-03
4.287840136054421603e-01 5.740722222222227611e-02 8.950511710318225650e-03
4.279336734693877098e-01 5.740722222222216509e-02 8.131008927115969398e-03
4.272959183673469274e-01 5.814833333333335741e-02 9.177655231896427249e-03
4.262329931972789199e-01 5.851833333333333886e-02 9.700310418858911279e-03
4.253826530612244694e-01 5.851888888888889806e-02 8.950511710318203099e-03
4.247448979591836871e-01 5.851888888888889806e-02 8.950511710318203099e-03
4.236819727891156795e-01 5.888944444444443871e-02 8.748897637790914103e-03
4.230442176870748971e-01 5.962944444444451264e-02 9.086944779853079260e-03
4.221938775510204467e-01 5.999944444444449410e-02 8.748897637790914103e-03
4.215561224489795533e-01 5.999944444444449410e-02 8.748897637790914103e-03
4.204931972789115457e-01 5.999944444444449410e-02 8.748897637790914103e-03
4.198554421768707634e-01 6.074055555555557540e-02 9.087465556848816489e-03
4.190051020408163129e-01 6.037000000000003475e-02 8.574614017876017874e-03
4.183673469387755306e-01 6.074055555555557540e-02 8.231634590085456019e-03
4.173044217687075230e-01 6.148166666666665670e-02 8.429331835037997059e-03
4.164540816326530726e-01 6.148166666666665670e-02 8.429331835037997059e-03
4.158163265306122902e-01 6.148166666666665670e-02 8.429331835037997059e-03
4.147534013605442826e-01 6.185222222222219735e-02 8.950511710318225650e-03
4.141156462585033893e-01 6.148166666666665670e-02 8.429331835037997059e-03
4.132653061224489388e-01 6.185222222222219735e-02 8.950511710318225650e-03
4.126275510204081565e-01 6.111111111111111605e-02 8.748897637790879409e-03
4.115646258503401489e-01 6.148166666666665670e-02 9.266922758251935552e-03
4.109268707482993666e-01 6.074055555555557540e-02 8.950511710318170139e-03
4.100765306122449161e-01 6.148166666666665670e-02 9.177655231896427249e-03
4.094387755102041337e-01 6.148166666666665670e-02 9.177655231896427249e-03
4.083758503401361262e-01 6.148111111111098648e-02 9.992987942787209463e-03
4.075255102040816757e-01 6.148166666666665670e-02 9.266922758251935552e-03
4.068877551020407823e-01 6.111111111111111605e-02 9.601525952539241571e-03
4.058248299319727748e-01 6.148111111111098648e-02 1.011583799766788833e-02
4.051870748299319924e-01 6.222222222222206778e-02 9.600754439233838075e-03
4.043367346938775420e-01 6.259277777777794149e-02 1.011583799766788833e-02
4.036989795918367596e-01 6.259277777777794149e-02 9.266145602190106745e-03
4.026360544217687520e-01 6.296277777777781193e-02 8.950189873149697398e-03
4.019982993197279697e-01 6.296277777777781193e-02 8.950189873149697398e-03
4.011479591836735192e-01 6.333333333333335258e-02 9.471681867937040838e-03
4.005102040816326259e-01 6.259277777777794149e-02 9.266145602190106745e-03
3.994472789115646183e-01 6.259277777777794149e-02 9.266145602190106745e-03
3.985969387755101678e-01 6.259277777777794149e-02 9.266145602190106745e-03
3.979591836734693855e-01 6.296333333333348214e-02 9.784810885963720478e-03
3.968962585034013779e-01 6.296333333333348214e-02 9.784810885963720478e-03
3.962585034013605956e-01 6.296277777777781193e-02 8.950189873149697398e-03
3.954081632653061451e-01 6.333333333333335258e-02 9.601011617224219225e-03
3.947704081632652517e-01 6.370388888888889323e-02 1.011610243102854627e-02
3.937074829931973552e-01 6.333333333333335258e-02 1.046288758740464980e-02
3.930697278911564618e-01 6.333333333333335258e-02 1.046288758740464980e-02
3.922193877551020114e-01 6.370333333333333403e-02 1.097429344726422173e-02
3.915816326530612290e-01 6.407388888888887468e-02 1.063129424312725738e-02
3.905187074829932214e-01 6.407388888888887468e-02 8.950511710318225650e-03
3.896683673469387710e-01 6.518555555555549663e-02 8.950511710318170139e-03
3.890306122448979886e-01 6.518555555555549663e-02 8.950511710318170139e-03
3.879676870748299811e-01 6.518499999999993744e-02 9.784810885963720478e-03
3.873299319727890877e-01 6.518499999999993744e-02 9.784810885963720478e-03
3.864795918367347483e-01 6.444444444444441533e-02 9.601525952539187794e-03
3.858418367346938549e-01 6.518499999999993744e-02 9.951721607991395255e-03
3.847789115646258473e-01 6.518499999999993744e-02 9.951721607991395255e-03
3.839285714285713969e-01 6.518499999999993744e-02 9.951721607991395255e-03
3.832908163265306145e-01 6.629611111111111121e-02 1.082394339495934554e-02
3.822278911564626069e-01 6.592555555555557056e-02 1.031757726490494312e-02
3.815901360544218246e-01 6.555555555555558911e-02 8.935387650747771138e-03
3.807397959183673741e-01 6.703722222222230354e-02 1.011610243102854627e-02
3.801020408163264808e-01 6.740722222222228499e-02 9.785588925419077752e-03
3.790391156462584732e-01 6.777777777777771462e-02 9.472007719956402824e-03
3.784013605442176909e-01 6.814777777777769607e-02 9.992987942787264974e-03
3.775510204081632404e-01 6.703666666666663332e-02 9.266922758251914735e-03
3.769132653061224580e-01 6.703666666666663332e-02 9.266922758251914735e-03
3.758503401360544505e-01 6.740722222222228499e-02 9.785588925419077752e-03
3.750000000000000000e-01 6.703722222222230354e-02 1.011610243102854627e-02
3.743622448979592177e-01 6.740722222222228499e-02 1.063129424312725738e-02
3.732993197278912101e-01 6.666666666666665186e-02 9.601011617224163713e-03
3.726615646258503167e-01 6.703722222222230354e-02 1.011610243102854627e-02
3.718112244897958663e-01 6.740722222222228499e-02 1.063129424312725738e-02
3.711734693877550839e-01 6.703666666666663332e-02 1.097429344726425990e-02
3.701105442176870763e-01 6.703666666666663332e-02 1.097429344726425990e-02
3.694727891156462940e-01 6.777777777777771462e-02 1.046212059211472020e-02
3.686224489795918435e-01 6.851833333333334775e-02 1.063179743348541956e-02
3.679846938775510612e-01 6.851833333333334775e-02 9.784810885963741295e-03
3.669217687074830536e-01 6.851888888888890694e-02 9.087465556848816489e-03
3.660714285714286031e-01 6.925944444444442905e-02 1.011583799766788833e-02
3.654336734693877098e-01 6.999999999999995115e-02 9.601011617224201877e-03
3.643707482993197022e-01 6.999999999999995115e-02 9.601011617224201877e-03
3.637329931972789199e-01 7.037000000000015465e-02 9.266922758251914735e-03
3.628826530612244694e-01 7.074055555555547325e-02 9.087465556848816489e-03
3.622448979591836871e-01 7.074055555555547325e-02 9.087465556848816489e-03
3.611819727891156795e-01 7.074111111111103245e-02 9.951949030525254064e-03
3.603316326530612290e-01 7.074111111111103245e-02 9.951949030525254064e-03
3.596938775510204467e-01 7.074111111111103245e-02 9.951949030525254064e-03
3.586309523809524391e-01 7.111111111111123595e-02 9.601525952539187794e-03
3.579931972789115457e-01 7.148111111111121740e-02 1.011583799766788833e-02
3.571428571428570953e-01 7.111111111111123595e-02 9.601525952539187794e-03
3.565051020408163129e-01 7.111111111111123595e-02 9.601525952539187794e-03
3.554421768707483054e-01 7.148166666666655455e-02 9.442991914446184978e-03
3.548044217687075230e-01 7.148166666666655455e-02 9.442991914446184978e-03
3.539540816326530726e-01 7.296333333333338000e-02 9.784810885963741295e-03
3.533163265306122902e-01 7.333333333333336146e-02 9.471681867937063390e-03
3.522534013605442826e-01 7.259277777777783935e-02 8.429795627474442540e-03
3.516156462585033893e-01 7.370388888888901313e-02 9.993440935353297555e-03
3.507653061224489388e-01 7.259277777777783935e-02 9.266145602190125827e-03
3.501275510204081565e-01 7.259277777777783935e-02 1.011583799766794384e-02
3.490646258503401489e-01 7.259277777777783935e-02 1.011583799766794384e-02
3.482142857142856984e-01 7.333333333333336146e-02 1.046288758740468797e-02
3.475765306122449161e-01 7.259222222222228016e-02 1.031757726490499689e-02
3.465136054421767975e-01 7.222166666666673951e-02 9.813067629253154761e-03
3.458758503401360151e-01 7.296277777777782081e-02 9.951949030525309575e-03
3.450255102040816757e-01 7.407444444444444276e-02 9.951949030525254064e-03
3.443877551020407823e-01 7.370388888888901313e-02 9.442447141747283695e-03
3.433248299319727748e-01 7.407388888888888356e-02 9.087465556848816489e-03
3.426870748299318814e-01 7.518499999999994632e-02 1.063179743348536405e-02
3.418367346938775420e-01 7.481444444444451669e-02 1.011583799766788833e-02
3.411989795918367596e-01 7.481499999999996486e-02 9.266922758251914735e-03
3.401360544217686410e-01 7.518499999999994632e-02 9.784810885963720478e-03
3.392857142857143016e-01 7.555555555555559799e-02 9.471225656275906665e-03
3.386479591836735192e-01 7.555555555555559799e-02 9.471225656275906665e-03
3.375850340136054006e-01 7.518555555555550551e-02 9.087465556848816489e-03
3.369472789115646183e-01 7.518555555555550551e-02 9.087465556848816489e-03
3.360969387755101678e-01 7.555555555555559799e-02 9.600754439233893586e-03
3.354591836734693855e-01 7.555555555555559799e-02 9.600754439233893586e-03
3.343962585034012669e-01 7.555555555555559799e-02 9.600754439233893586e-03
3.335459183673469274e-01 7.592611111111102762e-02 1.011583799766788833e-02
3.329081632653061451e-01 7.629666666666667929e-02 1.063179743348541956e-02
3.318452380952380265e-01 7.629666666666667929e-02 9.784810885963720478e-03
3.312074829931972442e-01 7.703722222222209037e-02 9.993440935353330515e-03
3.303571428571429047e-01 7.703722222222209037e-02 9.993440935353330515e-03
3.297193877551020114e-01 7.703722222222220140e-02 1.011610243102858270e-02
3.286564625850340038e-01 7.666666666666666075e-02 9.813067629253154761e-03
3.280187074829931104e-01 7.666666666666666075e-02 9.813067629253154761e-03
3.271683673469387710e-01 7.777833333333328270e-02 9.813067629253194660e-03
3.265306122448979886e-01 7.777833333333328270e-02 9.813067629253194660e-03
3.254676870748298700e-01 7.814833333333326415e-02 1.031681942087592577e-02
3.246173469387755306e-01 7.888833333333322706e-02 9.813067629253154761e-03
3.239795918367347483e-01 7.888833333333322706e-02 9.813067629253154761e-03
3.229166666666666297e-01 7.888833333333322706e-02 9.813067629253154761e-03
3.222789115646258473e-01 7.814833333333326415e-02 9.700692224250313106e-03
3.214285714285713969e-01 7.814833333333326415e-02 9.700692224250313106e-03
3.207908163265306145e-01 7.814833333333326415e-02 1.031681942087592577e-02
3.197278911564624959e-01 7.888888888888878625e-02 1.046265159484257960e-02
3.190901360544217136e-01 7.925944444444454895e-02 1.011583799766788833e-02
3.182397959183673741e-01 7.963000000000008960e-02 9.784810885963720478e-03
3.176020408163264808e-01 7.925944444444454895e-02 1.011583799766788833e-02
3.165391156462584732e-01 7.925944444444454895e-02 1.011583799766788833e-02
3.156887755102041337e-01 7.963000000000008960e-02 1.063179743348536405e-02
3.150510204081632404e-01 7.963000000000008960e-02 1.063179743348536405e-02
3.139880952380952328e-01 7.962944444444453040e-02 9.951949030525271411e-03
3.133503401360543394e-01 8.037000000000005251e-02 1.097429344726422173e-02
3.125000000000000000e-01 8.074111111111115235e-02 9.951949030525255799e-03
3.118622448979592177e-01 8.111111111111113381e-02 9.601525952539187794e-03
3.107993197278910991e-01 8.148111111111111526e-02 1.011583799766788833e-02
3.101615646258503167e-01 8.148166666666667446e-02 9.442991914446186713e-03
3.093112244897958663e-01 8.222222222222219656e-02 1.046265159484254317e-02
3.086734693877550839e-01 8.222222222222219656e-02 9.600754439233893586e-03
3.076105442176870763e-01 8.222222222222219656e-02 9.600754439233893586e-03
3.067602040816326259e-01 8.296333333333338889e-02 9.784810885963685784e-03
3.061224489795918435e-01 8.296333333333338889e-02 9.784810885963685784e-03
3.050595238095237249e-01 8.259277777777784824e-02 9.266145602190125827e-03
3.044217687074829426e-01 8.259277777777784824e-02 9.266145602190125827e-03
3.035714285714286031e-01 8.333388888888892954e-02 1.030402055055078432e-02
3.029336734693877098e-01 8.333333333333337034e-02 9.601011617224163713e-03
3.018707482993197022e-01 8.370388888888902201e-02 1.011610243102854627e-02
3.012329931972788089e-01 8.370388888888902201e-02 1.011610243102854627e-02
3.003826530612244694e-01 8.333333333333337034e-02 9.601011617224163713e-03
2.997448979591836871e-01 8.370388888888902201e-02 1.011610243102854627e-02
2.986819727891155685e-01 8.444444444444443310e-02 9.601525952539241571e-03
2.978316326530612290e-01 8.481444444444430353e-02 1.011583799766794384e-02
2.971938775510204467e-01 8.481500000000008477e-02 9.266922758251935552e-03
2.961309523809523281e-01 8.518499999999995520e-02 9.784810885963741295e-03
2.954931972789115457e-01 8.481444444444430353e-02 1.011583799766794384e-02
2.946428571428570953e-01 8.518499999999995520e-02 1.063179743348541956e-02
2.940051020408163129e-01 8.592611111111103650e-02 1.097481842702523538e-02
2.929421768707483054e-01 8.592611111111103650e-02 1.011583799766788833e-02
2.923044217687074120e-01 8.666666666666655860e-02 1.114773594352979486e-02
2.914540816326530726e-01 8.629666666666657715e-02 1.063179743348536405e-02
2.908163265306122902e-01 8.629666666666657715e-02 9.784810885963720478e-03
2.897534013605441716e-01 8.629666666666657715e-02 9.784810885963720478e-03
2.889030612244898322e-01 8.814777777777782486e-02 1.082369625485140284e-02
2.882653061224489388e-01 8.740722222222208071e-02 1.063129424312723656e-02
2.872023809523809312e-01 8.740722222222208071e-02 1.063129424312723656e-02
2.865646258503400379e-01 8.666666666666655860e-02 9.601011617224201877e-03
2.857142857142856984e-01 8.814833333333338405e-02 1.097429344726425990e-02
2.850765306122449161e-01 8.777777777777784340e-02 1.046212059211470459e-02
2.840136054421767975e-01 8.814777777777782486e-02 1.011583799766788833e-02
2.831632653061224580e-01 8.851888888888892470e-02 9.087465556848816489e-03
2.825255102040816757e-01 8.851888888888892470e-02 9.087465556848816489e-03
2.814625850340135571e-01 8.962999999999998746e-02 1.063179743348541956e-02
2.808248299319727748e-01 8.925944444444444681e-02 1.011583799766794384e-02
2.799744897959183243e-01 8.851833333333336551e-02 9.951721607991396990e-03
2.793367346938775420e-01 8.925944444444444681e-02 1.097481842702525100e-02
2.782738095238094234e-01 8.925944444444444681e-02 1.097481842702525100e-02
2.776360544217686410e-01 8.888888888888890616e-02 1.046265159484259695e-02
2.767857142857143016e-01 8.925944444444444681e-02 1.011583799766794384e-02
2.761479591836735192e-01 8.962999999999998746e-02 1.063179743348541956e-02
2.750850340136054006e-01 8.999999999999996891e-02 1.046288758740468797e-02
2.744472789115646183e-01 8.999999999999996891e-02 1.046288758740468797e-02
2.735969387755101678e-01 8.999999999999996891e-02 1.046288758740468797e-02
2.729591836734693855e-01 9.074055555555560204e-02 1.082318296556855110e-02
2.718962585034012669e-01 9.111111111111114269e-02 1.046212059211470286e-02
2.710459183673469274e-01 9.074111111111105021e-02 9.951949030525254064e-03
2.704081632653061451e-01 9.111111111111114269e-02 1.046212059211470286e-02
2.693452380952380265e-01 9.111111111111114269e-02 1.046212059211470286e-02
2.687074829931972442e-01 9.148166666666668334e-02 1.097429344726420439e-02
2.678571428571429047e-01 9.074111111111105021e-02 9.951949030525254064e-03
2.672193877551020114e-01 9.111111111111114269e-02 1.046212059211470286e-02
2.661564625850340038e-01 9.185166666666666480e-02 1.063179743348536405e-02
2.653061224489795533e-01 9.259222222222229792e-02 1.166510277878018281e-02
2.646683673469387710e-01 9.259277777777774610e-02 1.097481842702525100e-02
2.636054421768706524e-01 9.222222222222231647e-02 1.046265159484254317e-02
2.629676870748298700e-01 9.259277777777774610e-02 1.097481842702525100e-02
2.621173469387755306e-01 9.296277777777783857e-02 1.082394339495934554e-02
2.614795918367347483e-01 9.370333333333336068e-02 1.097429344726420439e-02
2.604166666666666297e-01 9.370388888888891987e-02 1.031757726490499689e-02
2.597789115646258473e-01 9.407388888888890133e-02 1.082318296556851120e-02
2.589285714285713969e-01 9.370388888888891987e-02 1.031757726490499689e-02
2.582908163265306145e-01 9.444444444444444198e-02 1.069563967346931314e-02
2.572278911564624959e-01 9.481499999999998263e-02 1.031681942087592577e-02
2.565901360544217136e-01 9.555611111111106393e-02 1.133115447465063257e-02
2.557397959183673741e-01 9.518555555555552328e-02 1.082318296556855110e-02
2.551020408163264808e-01 9.555611111111106393e-02 1.133115447465063257e-02
2.540391156462584732e-01 9.518555555555552328e-02 1.082318296556855110e-02
2.531887755102041337e-01 9.518555555555552328e-02 1.082318296556855110e-02
2.525510204081632404e-01 9.555611111111106393e-02 1.133115447465063257e-02
2.514880952380952328e-01 9.555611111111106393e-02 1.133115447465063257e-02
2.508503401360543394e-01 9.555611111111106393e-02 1.133115447465063257e-02
2.500000000000000000e-01 9.555611111111106393e-02 1.133115447465063257e-02
2.493622448979592177e-01 9.629611111111124888e-02 1.082394339495934554e-02
2.482993197278910991e-01 9.666611111111111931e-02 1.133115447465064471e-02
2.474489795918367596e-01 9.703666666666665996e-02 1.097429344726422173e-02
2.468112244897958663e-01 9.703722222222233018e-02 1.011610243102854627e-02
2.457482993197278587e-01 9.777777777777774126e-02 1.114801280525693113e-02
2.451105442176870763e-01 9.740722222222220061e-02 1.063129424312725738e-02
2.442602040816326259e-01 9.740722222222220061e-02 1.063129424312725738e-02
2.436224489795918435e-01 9.777777777777774126e-02 1.114801280525693113e-02
2.425595238095237249e-01 9.777777777777774126e-02 1.114801280525693113e-02
2.419217687074829426e-01 9.777777777777774126e-02 1.046212059211470286e-02
2.410714285714286031e-01 9.851888888888882256e-02 1.148753723512551880e-02
2.404336734693877098e-01 9.888944444444436321e-02 1.133115447465064644e-02
2.393707482993197022e-01 9.851888888888882256e-02 1.082318296556851120e-02
2.385204081632652517e-01 9.888888888888891504e-02 1.069581281289059237e-02
2.378826530612244694e-01 9.925944444444434467e-02 1.119731989538150230e-02
2.368197278911564618e-01 9.999999999999997780e-02 1.220525759510887771e-02
2.361819727891155685e-01 1.003699999999999593e-01 1.119713612525130401e-02
2.353316326530612290e-01 1.003699999999999593e-01 1.119713612525130401e-02
2.346938775510204467e-01 1.007405555555556109e-01 1.170060906402464913e-02
2.336309523809523281e-01 1.007405555555556109e-01 1.148753723512551880e-02
2.329931972789115457e-01 9.962944444444432612e-02 9.951949030525254064e-03
2.321428571428570953e-01 1.003699999999999593e-01 1.097429344726425990e-02
2.315051020408163129e-01 1.003699999999999593e-01 1.097429344726425990e-02
2.304421768707483054e-01 1.003699999999999593e-01 1.097429344726425990e-02
2.295918367346938549e-01 1.007405555555556109e-01 1.148753723512551880e-02
2.289540816326530726e-01 1.014816666666666922e-01 1.166538500896590995e-02
2.278911564625849540e-01 1.011111111111110406e-01 1.114801280525693113e-02
2.272534013605441716e-01 1.014816666666666922e-01 1.166538500896590995e-02
2.264030612244898322e-01 1.018516666666666737e-01 1.218255066645487425e-02
2.257653061224489388e-01 1.011111111111110406e-01 1.114801280525693113e-02
2.247023809523809312e-01 1.022216666666666551e-01 1.186342028003479175e-02
2.240646258503400379e-01 1.025922222222220848e-01 1.166510277878023832e-02
2.232142857142856984e-01 1.022222222222221033e-01 1.114851113903933023e-02
2.225765306122449161e-01 1.025922222222220848e-01 1.166510277878023832e-02
2.215136054421767975e-01 1.033333333333332771e-01 1.200145739606779845e-02
2.206632653061224580e-01 1.033333333333332771e-01 1.200145739606779845e-02
2.200255102040816757e-01 1.037033333333334806e-01 1.184052699965801314e-02
2.189625850340135571e-01 1.033327777777777179e-01 1.133115447465063257e-02
2.183248299319727748e-01 1.040738888888887992e-01 1.170060906402468730e-02
2.174744897959183243e-01 1.044444444444445619e-01 1.220581391017727321e-02
2.168367346938775420e-01 1.048150000000001025e-01 1.184052699965797498e-02
2.157738095238094234e-01 1.048150000000001025e-01 1.119713612525130401e-02
2.149234693877550839e-01 1.051855555555556432e-01 1.170060906402464913e-02
2.142857142857143016e-01 1.055561111111111838e-01 1.133115447465064471e-02
2.132227891156461830e-01 1.062966666666667059e-01 1.235036084343137976e-02
2.125850340136054006e-01 1.062966666666667059e-01 1.235036084343137976e-02
2.117346938775510612e-01 1.066661111111110172e-01 1.133115447465064644e-02
2.110969387755101678e-01 1.066666666666666874e-01 1.046288758740468797e-02
2.100340136054421603e-01 1.070366666666665578e-01 1.097429344726425990e-02
2.093962585034012669e-01 1.070372222222222280e-01 1.011610243102854627e-02
2.085459183673469274e-01 1.074072222222223205e-01 1.063129424312725738e-02
2.079081632653061451e-01 1.081483333333334018e-01 1.166538500896596546e-02
2.068452380952380265e-01 1.081483333333334018e-01 1.166538500896596546e-02
2.059948979591836871e-01 1.081483333333334018e-01 1.166538500896596546e-02
2.053571428571429047e-01 1.081483333333334018e-01 1.166538500896596546e-02
2.042942176870747861e-01 1.074072222222220985e-01 1.148753723512551880e-02
2.036564625850340038e-01 1.085183333333332723e-01 1.303165398387926520e-02
2.028061224489795533e-01 1.081477777777777316e-01 1.251593771611141277e-02
2.021683673469387710e-01 1.088888888888889239e-01 1.200094304422016402e-02
2.011054421768706524e-01 1.085188888888890535e-01 1.148753723512551880e-02
2.002551020408163129e-01 1.092588888888889054e-01 1.166510277878018281e-02
1.996173469387755306e-01 1.096294444444443350e-01 1.218304045348934071e-02
1.985544217687074120e-01 1.092588888888889054e-01 1.166510277878018281e-02
1.979166666666666297e-01 1.096294444444443350e-01 1.148728647754912978e-02
1.970663265306122902e-01 1.103705555555554163e-01 1.251644735222367556e-02
1.964285714285713969e-01 1.103705555555554163e-01 1.251644735222367556e-02
1.953656462585033893e-01 1.099999999999999867e-01 1.200145739606776028e-02
1.947278911564624959e-01 1.103699999999999681e-01 1.184052699965797498e-02
1.938775510204081565e-01 1.111105555555554902e-01 1.286204100310023128e-02
1.932397959183673741e-01 1.111111111111110494e-01 1.200171456372528013e-02
1.921768707482992555e-01 1.111111111111110494e-01 1.200171456372528013e-02
1.913265306122449161e-01 1.118516666666665715e-01 1.218255066645490894e-02
1.906887755102041337e-01 1.118516666666665715e-01 1.218255066645490894e-02
1.896258503401360151e-01 1.122216666666667750e-01 1.186342028003479175e-02
1.889880952380952328e-01 1.122216666666667750e-01 1.186342028003479175e-02
1.881377551020407823e-01 1.125922222222223157e-01 1.166510277878023659e-02
1.875000000000000000e-01 1.129627777777778563e-01 1.218304045348934071e-02
1.864370748299318814e-01 1.129633333333331935e-01 1.235036084343136067e-02
1.857993197278910991e-01 1.129627777777778563e-01 1.148728647754916447e-02
1.849489795918367596e-01 1.144444444444444597e-01 1.200171456372529748e-02
1.843112244897958663e-01 1.140738888888889191e-01 1.148753723512548237e-02
1.832482993197278587e-01 1.137038888888889376e-01 1.011610243102854627e-02
1.823979591836735192e-01 1.159261111111111742e-01 1.251593771611141277e-02
1.817602040816326259e-01 1.159255555555556150e-01 1.166510277878023832e-02
1.806972789115646183e-01 1.151849999999999818e-01 1.063179743348536405e-02
1.800595238095237249e-01 1.155555555555556335e-01 1.200094304422021953e-02
1.792091836734693855e-01 1.162966666666667148e-01 1.235036084343137976e-02
1.785714285714286031e-01 1.159261111111111742e-01 1.183976236414847547e-02
1.775085034013604846e-01 1.155561111111110817e-01 1.133115447465064644e-02
1.768707482993197022e-01 1.162966666666667148e-01 1.235036084343137976e-02
1.760204081632652517e-01 1.170372222222222369e-01 1.271199385046737663e-02
1.753826530612244694e-01 1.170372222222222369e-01 1.271199385046737663e-02
1.743197278911564618e-01 1.174077777777777776e-01 1.258175459804520592e-02
1.734693877551020114e-01 1.170372222222222369e-01 1.208092285024535591e-02
1.728316326530612290e-01 1.185183333333333922e-01 1.258157471154631134e-02
1.717687074829931104e-01 1.185183333333333922e-01 1.258157471154631134e-02
1.711309523809523281e-01 1.188888888888889328e-01 1.220505529243345356e-02
1.702806122448979886e-01 1.196294444444443439e-01 1.258175459804524755e-02
1.696428571428570953e-01 1.192588888888888032e-01 1.208092285024534203e-02
1.685799319727890877e-01 1.196294444444443439e-01 1.170004632258421842e-02
1.679421768707483054e-01 1.203705555555554252e-01 1.271199385046737663e-02
1.670918367346938549e-01 1.207405555555554066e-01 1.170060906402468730e-02
1.664540816326530726e-01 1.207405555555554066e-01 1.170060906402468730e-02
1.653911564625849540e-01 1.211111111111111693e-01 1.220581391017727321e-02
1.645408163265306145e-01 1.218516666666666914e-01 1.235036084343137976e-02
1.639030612244898322e-01 1.225927777777777727e-01 1.271178341753511319e-02
1.628401360544217136e-01 1.222222222222222321e-01 1.220505529243346571e-02
1.622023809523809312e-01 1.222222222222222321e-01 1.200094304422021953e-02
1.613520408163264808e-01 1.222222222222222321e-01 1.200094304422021953e-02
1.607142857142856984e-01 1.229633333333333134e-01 1.303165398387926520e-02
1.596513605442176909e-01 1.233333333333332948e-01 1.200145739606776028e-02
1.590136054421767975e-01 1.237038888888889465e-01 1.251644735222373107e-02
1.581632653061224580e-01 1.240738888888889280e-01 1.235112720401976977e-02
1.575255102040816757e-01 1.244438888888889094e-01 1.286204100310023128e-02
1.564625850340135571e-01 1.240738888888889280e-01 1.235112720401976977e-02
1.556122448979592177e-01 1.248150000000000093e-01 1.184052699965801314e-02
1.549744897959183243e-01 1.251849999999999907e-01 1.235036084343136067e-02
1.539115646258503167e-01 1.251849999999999907e-01 1.235036084343136067e-02
1.532738095238094234e-01 1.259261111111110720e-01 1.271178341753514962e-02
1.524234693877550839e-01 1.259261111111110720e-01 1.271178341753514962e-02
1.517857142857143016e-01 1.266672222222221533e-01 1.286204100310023128e-02
1.507227891156461830e-01 1.266666666666667052e-01 1.220525759510887771e-02
1.498724489795918435e-01 1.270372222222222458e-01 1.271199385046737663e-02
1.492346938775510612e-01 1.266666666666667052e-01 1.220525759510887771e-02
1.481717687074829426e-01 1.274077777777777865e-01 1.258175459804520592e-02
1.475340136054421603e-01 1.274077777777777865e-01 1.258175459804520592e-02
1.466836734693877098e-01 1.281483333333333086e-01 1.358791422415383740e-02
1.460459183673469274e-01 1.285183333333332900e-01 1.321986181078665425e-02
1.449829931972788089e-01 1.288888888888888307e-01 1.220505529243345356e-02
1.443452380952380265e-01 1.292594444444445934e-01 1.271178341753509758e-02
1.434948979591836871e-01 1.285188888888888492e-01 1.170060906402463526e-02
1.428571428571429047e-01 1.300000000000001155e-01 1.308440469781857289e-02
1.417942176870747861e-01 1.307405555555555265e-01 1.409362190478593430e-02
1.409438775510204467e-01 1.300000000000001155e-01 1.308440469781857289e-02
1.403061224489795533e-01 1.307405555555555265e-01 1.321931704778570027e-02
1.392431972789115457e-01 1.314811111111110487e-01 1.271178341753514962e-02
1.386054421768706524e-01 1.325927777777777816e-01 1.337467869695988312e-02
1.377551020408163129e-01 1.322222222222222410e-01 1.286204100310023128e-02
1.371173469387755306e-01 1.333338888888888629e-01 1.286204100310023128e-02
1.360544217687074120e-01 1.337038888888888444e-01 1.337390946286789485e-02
1.354166666666666297e-01 1.337038888888888444e-01 1.251644735222367556e-02
1.345663265306122902e-01 1.344444444444443665e-01 1.354773606434434181e-02
1.339285714285713969e-01 1.340738888888888258e-01 1.303138557009740107e-02
1.328656462585033893e-01 1.344444444444443665e-01 1.354773606434434181e-02
1.320153061224489388e-01 1.351849999999999996e-01 1.458130792284220885e-02
1.313775510204081565e-01 1.351849999999999996e-01 1.388816789239701206e-02
1.303146258503400379e-01 1.355555555555554292e-01 1.354800944332943020e-02
1.296768707482992555e-01 1.355555555555554292e-01 1.354800944332943020e-02
1.288265306122449161e-01 1.366666666666668251e-01 1.354723485521020648e-02
1.281887755102041337e-01 1.374077777777779064e-01 1.458159013920137630e-02
1.271258503401360151e-01 1.374072222222223472e-01 1.303138557009743924e-02
1.262755102040816757e-01 1.377777777777778878e-01 1.354773606434432100e-02
1.256377551020407823e-01 1.388883333333333914e-01 1.440164599646189675e-02
1.245748299319727748e-01 1.381477777777778693e-01 1.337467869695991955e-02
1.239370748299318814e-01 1.388883333333333914e-01 1.440164599646189675e-02
1.230867346938775420e-01 1.392588888888889320e-01 1.423872499580536993e-02
1.224489795918367596e-01 1.392588888888889320e-01 1.423872499580536993e-02
1.213860544217686410e-01 1.396294444444444727e-01 1.388739745325561457e-02
1.205357142857143016e-01 1.396294444444444727e-01 1.388739745325561457e-02
1.198979591836735192e-01 1.403705555555556650e-01 1.406415830277207152e-02
1.188350340136054006e-01 1.407411111111110946e-01 1.388739745325567009e-02
1.181972789115646183e-01 1.411116666666667463e-01 1.440164599646191410e-02
1.173469387755101678e-01 1.418522222222222684e-01 1.543134714441217296e-02
1.167091836734693855e-01 1.422216666666665796e-01 1.440164599646191410e-02
1.156462585034012669e-01 1.433333333333333126e-01 1.526220756082257574e-02
1.150085034013604846e-01 1.437038888888887422e-01 1.423872499580536993e-02
1.141581632653061451e-01 1.440744444444443939e-01 1.475003429583795524e-02
1.135204081632652517e-01 1.444444444444443754e-01 1.460062291500515211e-02
1.124574829931972442e-01 1.455555555555556602e-01 1.526168176338745484e-02
1.116071428571429047e-01 1.455555555555556602e-01 1.459986189263278757e-02
1.109693877551020114e-01 1.459255555555556416e-01 1.423872499580538728e-02
1.099064625850340038e-01 1.474072222222222450e-01 1.561701264488878603e-02
1.092687074829931104e-01 1.466666666666667229e-01 1.460041152388062181e-02
1.084183673469387710e-01 1.466661111111111637e-01 1.396645009997393716e-02
1.077806122448979886e-01 1.470366666666667044e-01 1.446841790475608333e-02
1.067176870748298700e-01 1.477772222222222265e-01 1.547598697464900100e-02
1.058673469387755306e-01 1.481483333333333263e-01 1.446841790475606772e-02
1.052295918367347483e-01 1.485183333333334188e-01 1.585273448780180963e-02
1.041666666666666297e-01 1.481477777777777671e-01 1.535133582879334019e-02
1.035289115646258473e-01 1.492594444444445001e-01 1.535133582879339396e-02
1.026785714285713969e-01 1.500005555555555814e-01 1.547598697464904090e-02
1.020408163265306145e-01 1.503700000000000037e-01 1.446841790475612323e-02
1.009778911564624959e-01 1.511105555555556368e-01 1.547598697464904090e-02
1.003401360544217136e-01 1.522222222222221477e-01 1.547598697464900100e-02
9.948979591836737413e-02 1.525927777777777994e-01 1.510802437836541827e-02
9.885204081632648077e-02 1.522227777777778179e-01 1.396645009997392502e-02
9.778911564625847319e-02 1.533333333333332105e-01 1.485166713425352045e-02
9.693877551020413375e-02 1.544438888888889361e-01 1.547598697464898712e-02
9.630102040816324038e-02 1.544444444444444953e-01 1.485224900872875696e-02
9.523809523809523281e-02 1.551850000000000174e-01 1.585273448780180963e-02
9.460034013605433945e-02 1.551850000000000174e-01 1.524369037655565542e-02
9.375000000000000000e-02 1.551850000000000174e-01 1.524369037655565542e-02
9.311224489795921766e-02 1.562966666666666393e-01 1.585273448780180963e-02
9.204931972789109906e-02 1.570372222222221614e-01 1.535151007974115515e-02
9.141156462585031672e-02 1.570372222222221614e-01 1.535151007974115515e-02
9.056122448979586625e-02 1.581477777777777760e-01 1.598206728465869850e-02
8.992346938775508391e-02 1.581483333333333352e-01 1.446841790475606772e-02
8.886054421768707634e-02 1.592594444444443980e-01 1.446766415745263414e-02
8.801020408163262587e-02 1.600005555555554793e-01 1.547598697464904090e-02
8.737244897959184353e-02 1.600000000000000311e-01 1.485166713425352045e-02
8.630952380952372494e-02 1.607405555555555532e-01 1.497189869780330383e-02
8.567176870748294260e-02 1.614816666666666345e-01 1.446841790475612323e-02
8.482142857142860315e-02 1.625927777777779193e-01 1.510802437836542000e-02
8.418367346938770979e-02 1.625927777777779193e-01 1.358847450989891618e-02
8.312074829931970221e-02 1.633333333333334414e-01 1.460041152388062181e-02
8.248299319727880885e-02 1.640744444444445227e-01 1.475003429583789973e-02
8.163265306122446940e-02 1.648150000000000448e-01 1.577439104887930210e-02
8.099489795918368706e-02 1.651855555555556965e-01 1.543134714441220939e-02
7.993197278911556847e-02 1.655549999999998967e-01 1.440164599646191410e-02
7.908163265306122902e-02 1.662961111111110890e-01 1.543212050270075658e-02
7.844387755102044668e-02 1.662961111111110890e-01 1.475003429583795524e-02
7.738095238095232808e-02 1.670372222222221703e-01 1.423872499580538728e-02
7.674319727891154574e-02 1.681483333333332331e-01 1.491580394773971835e-02
7.589285714285709528e-02 1.688888888888887552e-01 1.526168176338745484e-02
7.525510204081631294e-02 1.700000000000001510e-01 1.526220756082259308e-02
7.419217687074830536e-02 1.699999999999999289e-01 1.460041152388062181e-02
7.334183673469385489e-02 1.699999999999999289e-01 1.372837619541959243e-02
7.270408163265307255e-02 1.707405555555556731e-01 1.321931704778564476e-02
7.164115646258495396e-02 1.718522222222222950e-01 1.409362190478593430e-02
7.100340136054417162e-02 1.725922222222222580e-01 1.423872499580536993e-02
7.015306122448983217e-02 1.729627777777777986e-01 1.475003429583795524e-02
6.951530612244893881e-02 1.737038888888888799e-01 1.337390946286789485e-02
6.845238095238093123e-02 1.744444444444445130e-01 1.354773606434434181e-02
6.781462585034003787e-02 1.755555555555555758e-01 1.425769592921230337e-02
6.696428571428569843e-02 1.759261111111111164e-01 1.321987738311861289e-02
6.632653061224491609e-02 1.748150000000000537e-01 1.166538500896596546e-02
6.526360544217679749e-02 1.770366666666666200e-01 1.394705351864152648e-02
6.441326530612245804e-02 1.766661111111110793e-01 1.342560663732729302e-02
6.377551020408167570e-02 1.766666666666666385e-01 1.270147913521182947e-02
6.271258503401355711e-02 1.781483333333334640e-01 1.394705351864156118e-02
6.207482993197277477e-02 1.777777777777777013e-01 1.342560663732727221e-02
6.122448979591832430e-02 1.788894444444445453e-01 1.342560663732732598e-02
6.058673469387754196e-02 1.796294444444445082e-01 1.373837456915736992e-02
5.952380952380942336e-02 1.803700000000000303e-01 1.321958164575905842e-02
5.888605442176864102e-02 1.814816666666666523e-01 1.394705351864152648e-02
5.803571428571430157e-02 1.818522222222223039e-01 1.290437022824647735e-02
5.739795918367351923e-02 1.829627777777778075e-01 1.290515152187174733e-02
5.633503401360540064e-02 1.840738888888888702e-01 1.290437022824647735e-02
5.548469387755106119e-02 1.840744444444444294e-01 1.218304045348934071e-02
5.484693877551016783e-02 1.840738888888889813e-01 1.063129424312725738e-02
5.378401360544216026e-02 1.859261111111111253e-01 1.321987738311861289e-02
5.314625850340126689e-02 1.862961111111111068e-01 1.218304045348939622e-02
5.229591836734692745e-02 1.877777777777779322e-01 1.354773606434432100e-02
5.165816326530614511e-02 1.885188888888890135e-01 1.290437022824647735e-02
5.059523809523802651e-02 1.892588888888888654e-01 1.238415178492650350e-02
4.995748299319724417e-02 1.907405555555555798e-01 1.290437022824647735e-02
4.910714285714290472e-02 1.918522222222222018e-01 1.290437022824650164e-02
4.846938775510201136e-02 1.929627777777777053e-01 1.364830645669279884e-02
4.740646258503400379e-02 1.929627777777777053e-01 1.208122942092351888e-02
4.655612244897955332e-02 1.929633333333333756e-01 1.051497723707934748e-02
4.591836734693877098e-02 1.944444444444444198e-01 1.179424077387342638e-02
4.485544217687065238e-02 1.955561111111112638e-01 1.342560663732732598e-02
4.421768707482987004e-02 1.966666666666667673e-01 1.509947809988438326e-02
4.336734693877553060e-02 1.962961111111112267e-01 1.388739745325567009e-02
4.272959183673474826e-02 1.981483333333333707e-01 1.491580394773969927e-02
4.166666666666662966e-02 1.977777777777778301e-01 1.200171456372529748e-02
4.081632653061229021e-02 1.999999999999999556e-01 1.186342028003479175e-02
4.017857142857139685e-02 2.022222222222221921e-01 1.336456220156524190e-02
3.911564625850338928e-02 2.018522222222220996e-01 1.047539412617805137e-02
3.847789115646249591e-02 2.044444444444445397e-01 1.179424077387345240e-02
3.762755102040815647e-02 2.048149999999998583e-01 1.074700328601560680e-02
3.698979591836737413e-02 2.070372222222223169e-01 1.155873057342956568e-02
3.592687074829925553e-02 2.081477777777778204e-01 1.082369625485136815e-02
3.528911564625847319e-02 2.103705555555556161e-01 1.238415178492650350e-02
3.443877551020413375e-02 2.129633333333331713e-01 1.529784316678514319e-02
3.380102040816324038e-02 2.125927777777778527e-01 1.321987738311864585e-02
3.273809523809523281e-02 2.137033333333333562e-01 1.321958164575905842e-02
3.188775510204078234e-02 2.155555555555556113e-01 1.354800944332939551e-02
3.125000000000000000e-02 2.166666666666666741e-01 1.270147913521182947e-02
3.018707482993188140e-02 2.185183333333333699e-01 1.218255066645487425e-02
2.954931972789109906e-02 2.196299999999999919e-01 1.063179743348536231e-02
2.869897959183675962e-02 2.233333333333332726e-01 1.114773594352985037e-02
2.806122448979586625e-02 2.251849999999999685e-01 1.134377394906156168e-02
2.699829931972785868e-02 2.270372222222222236e-01 1.155873057342959691e-02
2.636054421768707634e-02 2.288888888888888085e-01 1.103716133101772731e-02
2.551020408163262587e-02 2.311111111111111560e-01 1.103682575922558008e-02
2.487244897959184353e-02 2.344444444444443443e-01 1.260307298897500421e-02
2.380952380952372494e-02 2.359261111111110587e-01 1.231712871884286555e-02
2.295918367346938549e-02 2.370366666666667843e-01 1.152348351073679243e-02
2.232142857142860315e-02 2.381483333333334063e-01 9.951349433898654812e-03
2.125850340136048455e-02 2.399999999999999911e-01 1.022423491659055217e-02
2.062074829931970221e-02 2.418522222222222462e-01 1.047539412617805137e-02
1.977040816326525174e-02 2.444444444444443532e-01 1.022345001684425540e-02
1.913265306122446940e-02 2.470372222222222414e-01 9.442447141747283695e-03
1.806972789115646183e-02 2.492594444444444779e-01 8.811639643668855645e-03
1.743197278911556847e-02 2.500000000000000000e-01 6.350982571982869730e-03
1.658163265306122902e-02 2.533333333333332993e-01 9.206970889655469170e-03
1.594387755102044668e-02 2.566666666666665986e-01 1.069638992405416017e-02
1.488095238095232808e-02 2.548150000000001247e-01 5.158409710437962883e-03
1.403061224489798864e-02 2.618516666666665937e-01 1.019657277207867800e-02
1.339285714285709528e-02 2.629627777777778785e-01 8.181765671673344245e-03
1.232993197278908770e-02 2.681477777777777627e-01 1.059265087072807851e-02
1.169217687074830536e-02 2.714811111111111730e-01 1.148769843929147230e-02
1.084183673469385489e-02 2.759255555555556461e-01 1.238385271329931793e-02
1.020408163265307255e-02 2.792594444444446156e-01 1.274371198127641734e-02
9.141156462584953957e-03 2.807411111111111079e-01 1.134348371707325116e-02
8.503401360544171617e-03 2.851850000000000218e-01 8.622091780227479976e-03
7.653061224489832171e-03 2.903699999999999060e-01 1.051462499991741989e-02
7.015306122448938808e-03 3.022222222222221699e-01 1.680146721620716030e-02
5.952380952380931234e-03 3.025922222222221514e-01 2.061473297018661180e-02
5.102040816326480765e-03 3.155555555555555891e-01 2.505927130614655704e-02
4.464285714285698425e-03 3.174072222222221740e-01 2.962526125321073706e-02
3.401360544217690851e-03 3.300000000000000711e-01 2.144946209288417158e-02
2.763605442176797489e-03 3.311111111111111338e-01 2.794797489295574450e-02
1.913265306122458043e-03 3.481483333333332819e-01 4.822230471703133070e-02
1.275510204081675703e-03 3.929627777777777720e-01 4.389822373301199149e-02
