1.000000000000000000e+00 1.004559999999999897e+00 1.000000000000000000e+02
2.000000000000000000e+00 1.030329999999999968e+00 1.000000000000000000e+02
3.000000000000000000e+00 1.045870000000000077e+00 1.000000000000000000e+02
4.000000000000000000e+00 1.058140000000000081e+00 1.000000000000000000e+02
5.000000000000000000e+00 1.067560000000000064e+00 1.000000000000000000e+02
6.000000000000000000e+00 1.075409999999999977e+00 1.000000000000000000e+02
7.000000000000000000e+00 1.082310000000000105e+00 1.000000000000000000e+02
8.000000000000000000e+00 1.088419999999999943e+00 1.000000000000000000e+02
9.000000000000000000e+00 1.093860000000000054e+00 1.000000000000000000e+02
1.000000000000000000e+01 1.098770000000000024e+00 1.000000000000000000e+02
1.100000000000000000e+01 1.103280000000000038e+00 1.000000000000000000e+02
1.200000000000000000e+01 1.107490000000000085e+00 1.000000000000000000e+02
1.300000000000000000e+01 1.111459999999999892e+00 1.000000000000000000e+02
1.400000000000000000e+01 1.115199999999999969e+00 1.000000000000000000e+02
1.500000000000000000e+01 1.118700000000000028e+00 1.000000000000000000e+02
1.600000000000000000e+01 1.121979999999999977e+00 1.000000000000000000e+02
1.700000000000000000e+01 1.125050000000000106e+00 1.000000000000000000e+02
1.800000000000000000e+01 1.127969999999999917e+00 1.000000000000000000e+02
1.900000000000000000e+01 1.130730000000000013e+00 1.000000000000000000e+02
2.000000000000000000e+01 1.133389999999999898e+00 1.000000000000000000e+02
2.100000000000000000e+01 1.135979999999999990e+00 1.000000000000000000e+02
2.200000000000000000e+01 1.138460000000000027e+00 1.000000000000000000e+02
2.300000000000000000e+01 1.140849999999999920e+00 1.000000000000000000e+02
2.400000000000000000e+01 1.143170000000000019e+00 1.000000000000000000e+02
2.500000000000000000e+01 1.145399999999999974e+00 1.000000000000000000e+02
2.600000000000000000e+01 1.147550000000000070e+00 1.000000000000000000e+02
2.700000000000000000e+01 1.149620000000000086e+00 1.000000000000000000e+02
2.800000000000000000e+01 1.151620000000000088e+00 1.000000000000000000e+02
2.900000000000000000e+01 1.153550000000000075e+00 1.000000000000000000e+02
3.000000000000000000e+01 1.155429999999999957e+00 1.000000000000000000e+02
3.100000000000000000e+01 1.157259999999999955e+00 1.000000000000000000e+02
3.200000000000000000e+01 1.159030000000000005e+00 1.000000000000000000e+02
3.300000000000000000e+01 1.160770000000000080e+00 1.000000000000000000e+02
3.400000000000000000e+01 1.162469999999999892e+00 1.000000000000000000e+02
3.500000000000000000e+01 1.164130000000000109e+00 1.000000000000000000e+02
3.600000000000000000e+01 1.165769999999999973e+00 1.000000000000000000e+02
3.700000000000000000e+01 1.167370000000000019e+00 1.000000000000000000e+02
3.800000000000000000e+01 1.168949999999999934e+00 1.000000000000000000e+02
3.900000000000000000e+01 1.170500000000000096e+00 1.000000000000000000e+02
4.000000000000000000e+01 1.172039999999999971e+00 1.000000000000000000e+02
4.100000000000000000e+01 1.173529999999999962e+00 1.000000000000000000e+02
4.200000000000000000e+01 1.174989999999999979e+00 1.000000000000000000e+02
4.300000000000000000e+01 1.176409999999999956e+00 1.000000000000000000e+02
4.400000000000000000e+01 1.177810000000000024e+00 1.000000000000000000e+02
4.500000000000000000e+01 1.179179999999999895e+00 1.000000000000000000e+02
4.600000000000000000e+01 1.180509999999999948e+00 1.000000000000000000e+02
4.700000000000000000e+01 1.181820000000000093e+00 1.000000000000000000e+02
4.800000000000000000e+01 1.183100000000000041e+00 1.000000000000000000e+02
4.900000000000000000e+01 1.184360000000000079e+00 1.000000000000000000e+02
5.000000000000000000e+01 1.185589999999999922e+00 1.000000000000000000e+02
5.100000000000000000e+01 1.186809999999999921e+00 1.000000000000000000e+02
5.200000000000000000e+01 1.187999999999999945e+00 1.000000000000000000e+02
5.300000000000000000e+01 1.189179999999999904e+00 1.000000000000000000e+02
5.400000000000000000e+01 1.190350000000000019e+00 1.000000000000000000e+02
5.500000000000000000e+01 1.191510000000000069e+00 1.000000000000000000e+02
5.600000000000000000e+01 1.192660000000000053e+00 1.000000000000000000e+02
5.700000000000000000e+01 1.193820000000000103e+00 1.000000000000000000e+02
5.800000000000000000e+01 1.194989999999999997e+00 1.000000000000000000e+02
5.900000000000000000e+01 1.196169999999999956e+00 1.000000000000000000e+02
6.000000000000000000e+01 1.197380000000000111e+00 1.000000000000000000e+02
6.100000000000000000e+01 1.198620000000000019e+00 1.000000000000000000e+02
6.200000000000000000e+01 1.199910000000000032e+00 1.000000000000000000e+02
6.300000000000000000e+01 1.201219999999999954e+00 1.000000000000000000e+02
6.400000000000000000e+01 1.202530000000000099e+00 1.000000000000000000e+02
6.500000000000000000e+01 1.203819999999999890e+00 1.000000000000000000e+02
6.600000000000000000e+01 1.205079999999999929e+00 1.000000000000000000e+02
6.700000000000000000e+01 1.206339999999999968e+00 1.000000000000000000e+02
6.800000000000000000e+01 1.207580000000000098e+00 1.000000000000000000e+02
6.900000000000000000e+01 1.208809999999999940e+00 1.000000000000000000e+02
7.000000000000000000e+01 1.210040000000000004e+00 1.000000000000000000e+02
7.100000000000000000e+01 1.211260000000000003e+00 1.000000000000000000e+02
7.200000000000000000e+01 1.212480000000000002e+00 1.000000000000000000e+02
7.300000000000000000e+01 1.213700000000000001e+00 1.000000000000000000e+02
7.400000000000000000e+01 1.214909999999999934e+00 1.000000000000000000e+02
7.500000000000000000e+01 1.216120000000000090e+00 1.000000000000000000e+02
7.600000000000000000e+01 1.217309999999999892e+00 1.000000000000000000e+02
7.700000000000000000e+01 1.218490000000000073e+00 1.000000000000000000e+02
7.800000000000000000e+01 1.219680000000000097e+00 1.000000000000000000e+02
7.900000000000000000e+01 1.220839999999999925e+00 1.000000000000000000e+02
8.000000000000000000e+01 1.222010000000000041e+00 1.000000000000000000e+02
8.100000000000000000e+01 1.223170000000000091e+00 1.000000000000000000e+02
8.200000000000000000e+01 1.224320000000000075e+00 1.000000000000000000e+02
8.300000000000000000e+01 1.225449999999999928e+00 1.000000000000000000e+02
8.400000000000000000e+01 1.226580000000000004e+00 1.000000000000000000e+02
8.500000000000000000e+01 1.227719999999999922e+00 1.000000000000000000e+02
8.600000000000000000e+01 1.228849999999999998e+00 1.000000000000000000e+02
8.700000000000000000e+01 1.229970000000000008e+00 1.000000000000000000e+02
8.800000000000000000e+01 1.231100000000000083e+00 1.000000000000000000e+02
8.900000000000000000e+01 1.232210000000000027e+00 1.000000000000000000e+02
9.000000000000000000e+01 1.233319999999999972e+00 1.000000000000000000e+02
9.100000000000000000e+01 1.234420000000000073e+00 1.000000000000000000e+02
9.200000000000000000e+01 1.235500000000000043e+00 1.000000000000000000e+02
9.300000000000000000e+01 1.236580000000000013e+00 1.000000000000000000e+02
9.400000000000000000e+01 1.237649999999999917e+00 1.000000000000000000e+02
9.500000000000000000e+01 1.238709999999999978e+00 1.000000000000000000e+02
9.600000000000000000e+01 1.239749999999999908e+00 1.000000000000000000e+02
9.700000000000000000e+01 1.240799999999999903e+00 1.000000000000000000e+02
9.800000000000000000e+01 1.241840000000000055e+00 1.000000000000000000e+02
9.900000000000000000e+01 1.242879999999999985e+00 1.000000000000000000e+02
1.000000000000000000e+02 1.243900000000000006e+00 1.000000000000000000e+02
1.010000000000000000e+02 1.244909999999999961e+00 1.000000000000000000e+02
1.020000000000000000e+02 1.245919999999999916e+00 1.000000000000000000e+02
1.030000000000000000e+02 1.246939999999999937e+00 1.000000000000000000e+02
1.040000000000000000e+02 1.247949999999999893e+00 1.000000000000000000e+02
1.050000000000000000e+02 1.248960000000000070e+00 1.000000000000000000e+02
1.060000000000000000e+02 1.249970000000000026e+00 1.000000000000000000e+02
1.070000000000000000e+02 1.250979999999999981e+00 1.000000000000000000e+02
1.080000000000000000e+02 1.251980000000000093e+00 1.000000000000000000e+02
1.090000000000000000e+02 1.252990000000000048e+00 1.000000000000000000e+02
1.100000000000000000e+02 1.254000000000000004e+00 1.000000000000000000e+02
1.110000000000000000e+02 1.255020000000000024e+00 1.000000000000000000e+02
1.130000000000000000e+02 1.257020000000000026e+00 1.000000000000000000e+02
1.150000000000000000e+02 1.259009999999999962e+00 1.000000000000000000e+02
1.160000000000000000e+02 1.260019999999999918e+00 1.000000000000000000e+02
1.170000000000000000e+02 1.261020000000000030e+00 1.000000000000000000e+02
1.190000000000000000e+02 1.263009999999999966e+00 1.000000000000000000e+02
1.210000000000000000e+02 1.264990000000000059e+00 1.000000000000000000e+02
1.230000000000000000e+02 1.266969999999999930e+00 1.000000000000000000e+02
1.240000000000000000e+02 1.267970000000000041e+00 1.000000000000000000e+02
1.250000000000000000e+02 1.268979999999999997e+00 1.000000000000000000e+02
1.260000000000000000e+02 1.269980000000000109e+00 1.000000000000000000e+02
1.270000000000000000e+02 1.270990000000000064e+00 1.000000000000000000e+02
1.290000000000000000e+02 1.272999999999999909e+00 1.000000000000000000e+02
1.300000000000000000e+02 1.274010000000000087e+00 1.000000000000000000e+02
1.310000000000000000e+02 1.275020000000000042e+00 1.000000000000000000e+02
1.320000000000000000e+02 1.276040000000000063e+00 1.000000000000000000e+02
1.330000000000000000e+02 1.277050000000000018e+00 1.000000000000000000e+02
1.340000000000000000e+02 1.278059999999999974e+00 1.000000000000000000e+02
1.350000000000000000e+02 1.279069999999999929e+00 1.000000000000000000e+02
1.360000000000000000e+02 1.280100000000000016e+00 1.000000000000000000e+02
1.370000000000000000e+02 1.281150000000000011e+00 1.000000000000000000e+02
1.380000000000000000e+02 1.282200000000000006e+00 1.000000000000000000e+02
1.390000000000000000e+02 1.283279999999999976e+00 1.000000000000000000e+02
1.400000000000000000e+02 1.284370000000000012e+00 1.000000000000000000e+02
1.410000000000000000e+02 1.285460000000000047e+00 1.000000000000000000e+02
1.420000000000000000e+02 1.286610000000000031e+00 1.000000000000000000e+02
1.430000000000000000e+02 1.287970000000000059e+00 1.000000000000000000e+02
1.440000000000000000e+02 1.289150000000000018e+00 1.000000000000000000e+02
1.450000000000000000e+02 1.290310000000000068e+00 1.000000000000000000e+02
1.460000000000000000e+02 1.291460000000000052e+00 1.000000000000000000e+02
1.470000000000000000e+02 1.292589999999999906e+00 1.000000000000000000e+02
1.480000000000000000e+02 1.293719999999999981e+00 1.000000000000000000e+02
1.490000000000000000e+02 1.294829999999999925e+00 1.000000000000000000e+02
1.500000000000000000e+02 1.295940000000000092e+00 1.000000000000000000e+02
1.510000000000000000e+02 1.297039999999999971e+00 1.000000000000000000e+02
1.520000000000000000e+02 1.298130000000000006e+00 1.000000000000000000e+02
1.530000000000000000e+02 1.299239999999999950e+00 1.000000000000000000e+02
1.540000000000000000e+02 1.300359999999999960e+00 1.000000000000000000e+02
1.550000000000000000e+02 1.301460000000000061e+00 1.000000000000000000e+02
1.560000000000000000e+02 1.302559999999999940e+00 1.000000000000000000e+02
1.570000000000000000e+02 1.303660000000000041e+00 1.000000000000000000e+02
1.580000000000000000e+02 1.304759999999999920e+00 1.000000000000000000e+02
1.590000000000000000e+02 1.305860000000000021e+00 1.000000000000000000e+02
1.600000000000000000e+02 1.306950000000000056e+00 1.000000000000000000e+02
1.610000000000000000e+02 1.308049999999999935e+00 1.000000000000000000e+02
1.620000000000000000e+02 1.309150000000000036e+00 1.000000000000000000e+02
1.630000000000000000e+02 1.310259999999999980e+00 1.000000000000000000e+02
1.640000000000000000e+02 1.311369999999999925e+00 1.000000000000000000e+02
1.650000000000000000e+02 1.312500000000000000e+00 1.000000000000000000e+02
1.660000000000000000e+02 1.313639999999999919e+00 1.000000000000000000e+02
1.670000000000000000e+02 1.314789999999999903e+00 1.000000000000000000e+02
1.680000000000000000e+02 1.315930000000000044e+00 1.000000000000000000e+02
1.690000000000000000e+02 1.317080000000000028e+00 1.000000000000000000e+02
1.700000000000000000e+02 1.318230000000000013e+00 1.000000000000000000e+02
1.710000000000000000e+02 1.319379999999999997e+00 1.000000000000000000e+02
1.720000000000000000e+02 1.320540000000000047e+00 1.000000000000000000e+02
1.730000000000000000e+02 1.321700000000000097e+00 1.000000000000000000e+02
1.740000000000000000e+02 1.322859999999999925e+00 1.000000000000000000e+02
1.750000000000000000e+02 1.324009999999999909e+00 1.000000000000000000e+02
1.760000000000000000e+02 1.325150000000000050e+00 1.000000000000000000e+02
1.770000000000000000e+02 1.326279999999999903e+00 1.000000000000000000e+02
1.780000000000000000e+02 1.327409999999999979e+00 1.000000000000000000e+02
1.790000000000000000e+02 1.328540000000000054e+00 1.000000000000000000e+02
1.800000000000000000e+02 1.329669999999999908e+00 1.000000000000000000e+02
1.810000000000000000e+02 1.330799999999999983e+00 1.000000000000000000e+02
1.820000000000000000e+02 1.331939999999999902e+00 1.000000000000000000e+02
1.830000000000000000e+02 1.333069999999999977e+00 1.000000000000000000e+02
1.840000000000000000e+02 1.334209999999999896e+00 1.000000000000000000e+02
1.850000000000000000e+02 1.335360000000000102e+00 1.000000000000000000e+02
1.860000000000000000e+02 1.336510000000000087e+00 1.000000000000000000e+02
1.870000000000000000e+02 1.337679999999999980e+00 1.000000000000000000e+02
1.880000000000000000e+02 1.338889999999999914e+00 1.000000000000000000e+02
1.890000000000000000e+02 1.340160000000000018e+00 1.000000000000000000e+02
1.900000000000000000e+02 1.341390000000000082e+00 1.000000000000000000e+02
1.910000000000000000e+02 1.342600000000000016e+00 1.000000000000000000e+02
1.920000000000000000e+02 1.343790000000000040e+00 1.000000000000000000e+02
1.930000000000000000e+02 1.344989999999999908e+00 1.000000000000000000e+02
1.940000000000000000e+02 1.346179999999999932e+00 1.000000000000000000e+02
1.950000000000000000e+02 1.347380000000000022e+00 1.000000000000000000e+02
1.960000000000000000e+02 1.348579999999999890e+00 1.000000000000000000e+02
1.970000000000000000e+02 1.349800000000000111e+00 1.000000000000000000e+02
1.980000000000000000e+02 1.351010000000000044e+00 1.000000000000000000e+02
1.990000000000000000e+02 1.352230000000000043e+00 1.000000000000000000e+02
2.000000000000000000e+02 1.353439999999999976e+00 1.000000000000000000e+02
2.010000000000000000e+02 1.354649999999999910e+00 1.000000000000000000e+02
2.020000000000000000e+02 1.355869999999999909e+00 1.000000000000000000e+02
2.030000000000000000e+02 1.357089999999999907e+00 1.000000000000000000e+02
2.040000000000000000e+02 1.358300000000000063e+00 1.000000000000000000e+02
2.050000000000000000e+02 1.359520000000000062e+00 1.000000000000000000e+02
2.060000000000000000e+02 1.360729999999999995e+00 1.000000000000000000e+02
2.070000000000000000e+02 1.361939999999999928e+00 1.000000000000000000e+02
2.080000000000000000e+02 1.363169999999999993e+00 1.000000000000000000e+02
2.090000000000000000e+02 1.364400000000000057e+00 1.000000000000000000e+02
2.100000000000000000e+02 1.365650000000000031e+00 1.000000000000000000e+02
2.110000000000000000e+02 1.366889999999999938e+00 1.000000000000000000e+02
2.120000000000000000e+02 1.368149999999999977e+00 1.000000000000000000e+02
2.130000000000000000e+02 1.369429999999999925e+00 1.000000000000000000e+02
2.140000000000000000e+02 1.370719999999999938e+00 1.000000000000000000e+02
2.150000000000000000e+02 1.372030000000000083e+00 1.000000000000000000e+02
2.160000000000000000e+02 1.373350000000000071e+00 1.000000000000000000e+02
2.170000000000000000e+02 1.374710000000000099e+00 1.000000000000000000e+02
2.180000000000000000e+02 1.376060000000000061e+00 1.000000000000000000e+02
2.190000000000000000e+02 1.377399999999999958e+00 1.000000000000000000e+02
2.200000000000000000e+02 1.378740000000000077e+00 1.000000000000000000e+02
2.210000000000000000e+02 1.380079999999999973e+00 1.000000000000000000e+02
2.220000000000000000e+02 1.381410000000000027e+00 1.000000000000000000e+02
2.230000000000000000e+02 1.382740000000000080e+00 1.000000000000000000e+02
2.240000000000000000e+02 1.384079999999999977e+00 1.000000000000000000e+02
2.250000000000000000e+02 1.385399999999999965e+00 1.000000000000000000e+02
2.260000000000000000e+02 1.386710000000000109e+00 1.000000000000000000e+02
2.270000000000000000e+02 1.388020000000000032e+00 1.000000000000000000e+02
2.280000000000000000e+02 1.389320000000000110e+00 1.000000000000000000e+02
2.290000000000000000e+02 1.390600000000000058e+00 1.000000000000000000e+02
2.300000000000000000e+02 1.391880000000000006e+00 1.000000000000000000e+02
2.310000000000000000e+02 1.393159999999999954e+00 1.000000000000000000e+02
2.320000000000000000e+02 1.394460000000000033e+00 1.000000000000000000e+02
2.330000000000000000e+02 1.395759999999999890e+00 1.000000000000000000e+02
2.340000000000000000e+02 1.397059999999999969e+00 1.000000000000000000e+02
2.350000000000000000e+02 1.398369999999999891e+00 1.000000000000000000e+02
2.360000000000000000e+02 1.399669999999999970e+00 1.000000000000000000e+02
2.370000000000000000e+02 1.400979999999999892e+00 1.000000000000000000e+02
2.380000000000000000e+02 1.402290000000000036e+00 1.000000000000000000e+02
2.390000000000000000e+02 1.403599999999999959e+00 1.000000000000000000e+02
2.400000000000000000e+02 1.404930000000000012e+00 1.000000000000000000e+02
2.410000000000000000e+02 1.406279999999999974e+00 1.000000000000000000e+02
2.420000000000000000e+02 1.407640000000000002e+00 1.000000000000000000e+02
2.430000000000000000e+02 1.409010000000000096e+00 1.000000000000000000e+02
2.440000000000000000e+02 1.410390000000000033e+00 1.000000000000000000e+02
2.450000000000000000e+02 1.411769999999999969e+00 1.000000000000000000e+02
2.460000000000000000e+02 1.413149999999999906e+00 1.000000000000000000e+02
2.470000000000000000e+02 1.414520000000000000e+00 1.000000000000000000e+02
2.480000000000000000e+02 1.415880000000000027e+00 1.000000000000000000e+02
2.490000000000000000e+02 1.417240000000000055e+00 1.000000000000000000e+02
2.500000000000000000e+02 1.418609999999999927e+00 1.000000000000000000e+02
2.510000000000000000e+02 1.419960000000000111e+00 1.000000000000000000e+02
2.520000000000000000e+02 1.421319999999999917e+00 1.000000000000000000e+02
2.530000000000000000e+02 1.422679999999999945e+00 1.000000000000000000e+02
2.540000000000000000e+02 1.424050000000000038e+00 1.000000000000000000e+02
2.550000000000000000e+02 1.425410000000000066e+00 1.000000000000000000e+02
2.560000000000000000e+02 1.426770000000000094e+00 1.000000000000000000e+02
2.570000000000000000e+02 1.428139999999999965e+00 1.000000000000000000e+02
2.580000000000000000e+02 1.429519999999999902e+00 1.000000000000000000e+02
2.590000000000000000e+02 1.430919999999999970e+00 1.000000000000000000e+02
2.600000000000000000e+02 1.432320000000000038e+00 1.000000000000000000e+02
2.610000000000000000e+02 1.433729999999999949e+00 1.000000000000000000e+02
2.620000000000000000e+02 1.435149999999999926e+00 1.000000000000000000e+02
2.630000000000000000e+02 1.436590000000000034e+00 1.000000000000000000e+02
2.640000000000000000e+02 1.438039999999999985e+00 1.000000000000000000e+02
2.650000000000000000e+02 1.439489999999999936e+00 1.000000000000000000e+02
2.660000000000000000e+02 1.440930000000000044e+00 1.000000000000000000e+02
2.670000000000000000e+02 1.442379999999999995e+00 1.000000000000000000e+02
2.680000000000000000e+02 1.443820000000000103e+00 1.000000000000000000e+02
2.690000000000000000e+02 1.445279999999999898e+00 1.000000000000000000e+02
2.700000000000000000e+02 1.446749999999999980e+00 1.000000000000000000e+02
2.710000000000000000e+02 1.448220000000000063e+00 1.000000000000000000e+02
2.720000000000000000e+02 1.449699999999999989e+00 1.000000000000000000e+02
2.730000000000000000e+02 1.451189999999999980e+00 1.000000000000000000e+02
2.740000000000000000e+02 1.452679999999999971e+00 1.000000000000000000e+02
2.750000000000000000e+02 1.454180000000000028e+00 1.000000000000000000e+02
2.760000000000000000e+02 1.455689999999999928e+00 1.000000000000000000e+02
2.770000000000000000e+02 1.457209999999999894e+00 1.000000000000000000e+02
2.780000000000000000e+02 1.458739999999999926e+00 1.000000000000000000e+02
2.790000000000000000e+02 1.460280000000000022e+00 1.000000000000000000e+02
2.800000000000000000e+02 1.461840000000000028e+00 1.000000000000000000e+02
2.810000000000000000e+02 1.463410000000000100e+00 1.000000000000000000e+02
2.820000000000000000e+02 1.465009999999999923e+00 1.000000000000000000e+02
2.830000000000000000e+02 1.466620000000000035e+00 1.000000000000000000e+02
2.840000000000000000e+02 1.468259999999999899e+00 1.000000000000000000e+02
2.850000000000000000e+02 1.469899999999999984e+00 1.000000000000000000e+02
2.860000000000000000e+02 1.471540000000000070e+00 1.000000000000000000e+02
2.870000000000000000e+02 1.473179999999999934e+00 1.000000000000000000e+02
2.880000000000000000e+02 1.474830000000000085e+00 1.000000000000000000e+02
2.890000000000000000e+02 1.476480000000000015e+00 1.000000000000000000e+02
2.900000000000000000e+02 1.478129999999999944e+00 1.000000000000000000e+02
2.910000000000000000e+02 1.479800000000000004e+00 1.000000000000000000e+02
2.920000000000000000e+02 1.481489999999999974e+00 1.000000000000000000e+02
2.930000000000000000e+02 1.483190000000000008e+00 1.000000000000000000e+02
2.940000000000000000e+02 1.484900000000000109e+00 1.000000000000000000e+02
2.950000000000000000e+02 1.486609999999999987e+00 1.000000000000000000e+02
2.960000000000000000e+02 1.488350000000000062e+00 1.000000000000000000e+02
2.970000000000000000e+02 1.490110000000000046e+00 1.000000000000000000e+02
2.980000000000000000e+02 1.491889999999999938e+00 1.000000000000000000e+02
2.990000000000000000e+02 1.493659999999999988e+00 1.000000000000000000e+02
3.000000000000000000e+02 1.495449999999999946e+00 1.000000000000000000e+02
3.010000000000000000e+02 1.497270000000000101e+00 1.000000000000000000e+02
3.020000000000000000e+02 1.499090000000000034e+00 1.000000000000000000e+02
3.030000000000000000e+02 1.500909999999999966e+00 1.000000000000000000e+02
3.040000000000000000e+02 1.502739999999999965e+00 1.000000000000000000e+02
3.050000000000000000e+02 1.504580000000000028e+00 1.000000000000000000e+02
3.060000000000000000e+02 1.506429999999999936e+00 1.000000000000000000e+02
3.070000000000000000e+02 1.508280000000000065e+00 1.000000000000000000e+02
3.080000000000000000e+02 1.510129999999999972e+00 1.000000000000000000e+02
3.090000000000000000e+02 1.512010000000000076e+00 1.000000000000000000e+02
3.100000000000000000e+02 1.513889999999999958e+00 1.000000000000000000e+02
3.110000000000000000e+02 1.515800000000000036e+00 1.000000000000000000e+02
3.120000000000000000e+02 1.517709999999999892e+00 1.000000000000000000e+02
3.130000000000000000e+02 1.519660000000000011e+00 1.000000000000000000e+02
3.140000000000000000e+02 1.521619999999999973e+00 1.000000000000000000e+02
3.150000000000000000e+02 1.523689999999999989e+00 1.000000000000000000e+02
3.160000000000000000e+02 1.525779999999999914e+00 1.000000000000000000e+02
3.170000000000000000e+02 1.527849999999999930e+00 1.000000000000000000e+02
3.180000000000000000e+02 1.529949999999999921e+00 1.000000000000000000e+02
3.190000000000000000e+02 1.532059999999999977e+00 1.000000000000000000e+02
3.200000000000000000e+02 1.534170000000000034e+00 1.000000000000000000e+02
3.210000000000000000e+02 1.536280000000000090e+00 1.000000000000000000e+02
3.220000000000000000e+02 1.538399999999999990e+00 1.000000000000000000e+02
3.230000000000000000e+02 1.540540000000000020e+00 1.000000000000000000e+02
3.240000000000000000e+02 1.542689999999999895e+00 1.000000000000000000e+02
3.250000000000000000e+02 1.544859999999999900e+00 1.000000000000000000e+02
3.260000000000000000e+02 1.547080000000000011e+00 1.000000000000000000e+02
3.270000000000000000e+02 1.549339999999999939e+00 1.000000000000000000e+02
3.280000000000000000e+02 1.551660000000000039e+00 1.000000000000000000e+02
3.290000000000000000e+02 1.553979999999999917e+00 1.000000000000000000e+02
3.300000000000000000e+02 1.556319999999999926e+00 1.000000000000000000e+02
3.310000000000000000e+02 1.558689999999999909e+00 1.000000000000000000e+02
3.320000000000000000e+02 1.561059999999999892e+00 1.000000000000000000e+02
3.330000000000000000e+02 1.563439999999999941e+00 1.000000000000000000e+02
3.340000000000000000e+02 1.565830000000000055e+00 1.000000000000000000e+02
3.350000000000000000e+02 1.568240000000000078e+00 1.000000000000000000e+02
3.360000000000000000e+02 1.570689999999999920e+00 1.000000000000000000e+02
3.370000000000000000e+02 1.573180000000000023e+00 1.000000000000000000e+02
3.380000000000000000e+02 1.575690000000000035e+00 1.000000000000000000e+02
3.390000000000000000e+02 1.578230000000000022e+00 1.000000000000000000e+02
3.400000000000000000e+02 1.580799999999999983e+00 1.000000000000000000e+02
3.410000000000000000e+02 1.583420000000000050e+00 1.000000000000000000e+02
3.420000000000000000e+02 1.586090000000000000e+00 1.000000000000000000e+02
3.430000000000000000e+02 1.588799999999999990e+00 1.000000000000000000e+02
3.440000000000000000e+02 1.591529999999999889e+00 1.000000000000000000e+02
3.450000000000000000e+02 1.594270000000000076e+00 1.000000000000000000e+02
3.460000000000000000e+02 1.597010000000000041e+00 1.000000000000000000e+02
3.470000000000000000e+02 1.599769999999999914e+00 1.000000000000000000e+02
3.480000000000000000e+02 1.602570000000000050e+00 1.000000000000000000e+02
3.490000000000000000e+02 1.605410000000000004e+00 1.000000000000000000e+02
3.500000000000000000e+02 1.608319999999999972e+00 1.000000000000000000e+02
3.510000000000000000e+02 1.611320000000000086e+00 1.000000000000000000e+02
3.520000000000000000e+02 1.614389999999999992e+00 1.000000000000000000e+02
3.530000000000000000e+02 1.617529999999999912e+00 1.000000000000000000e+02
3.540000000000000000e+02 1.620730000000000004e+00 1.000000000000000000e+02
3.550000000000000000e+02 1.624000000000000110e+00 1.000000000000000000e+02
3.560000000000000000e+02 1.627289999999999903e+00 1.000000000000000000e+02
3.570000000000000000e+02 1.630630000000000024e+00 1.000000000000000000e+02
3.580000000000000000e+02 1.634050000000000002e+00 1.000000000000000000e+02
3.590000000000000000e+02 1.637590000000000101e+00 1.000000000000000000e+02
3.600000000000000000e+02 1.641319999999999890e+00 1.000000000000000000e+02
3.610000000000000000e+02 1.645140000000000047e+00 1.000000000000000000e+02
3.620000000000000000e+02 1.648989999999999956e+00 1.000000000000000000e+02
3.630000000000000000e+02 1.652889999999999970e+00 1.000000000000000000e+02
3.640000000000000000e+02 1.656830000000000025e+00 1.000000000000000000e+02
3.650000000000000000e+02 1.660809999999999897e+00 1.000000000000000000e+02
3.660000000000000000e+02 1.664870000000000072e+00 1.000000000000000000e+02
3.670000000000000000e+02 1.669089999999999963e+00 1.000000000000000000e+02
3.680000000000000000e+02 1.673440000000000039e+00 1.000000000000000000e+02
3.690000000000000000e+02 1.677880000000000038e+00 1.000000000000000000e+02
3.700000000000000000e+02 1.682399999999999896e+00 1.000000000000000000e+02
3.710000000000000000e+02 1.687019999999999964e+00 1.000000000000000000e+02
3.720000000000000000e+02 1.691759999999999931e+00 1.000000000000000000e+02
3.730000000000000000e+02 1.696649999999999991e+00 1.000000000000000000e+02
3.740000000000000000e+02 1.701729999999999965e+00 1.000000000000000000e+02
3.750000000000000000e+02 1.707079999999999931e+00 1.000000000000000000e+02
3.760000000000000000e+02 1.712560000000000082e+00 1.000000000000000000e+02
3.770000000000000000e+02 1.718180000000000041e+00 1.000000000000000000e+02
3.780000000000000000e+02 1.724110000000000031e+00 1.000000000000000000e+02
3.790000000000000000e+02 1.730450000000000044e+00 1.000000000000000000e+02
3.800000000000000000e+02 1.737200000000000077e+00 1.000000000000000000e+02
3.810000000000000000e+02 1.744469999999999965e+00 1.000000000000000000e+02
3.820000000000000000e+02 1.752629999999999910e+00 1.000000000000000000e+02
3.830000000000000000e+02 1.761100000000000110e+00 1.000000000000000000e+02
3.840000000000000000e+02 1.770129999999999981e+00 1.000000000000000000e+02
3.850000000000000000e+02 1.779530000000000056e+00 1.000000000000000000e+02
3.860000000000000000e+02 1.789749999999999952e+00 1.000000000000000000e+02
3.870000000000000000e+02 1.800669999999999993e+00 1.000000000000000000e+02
3.880000000000000000e+02 1.812279999999999891e+00 1.000000000000000000e+02
3.890000000000000000e+02 1.825199999999999934e+00 1.000000000000000000e+02
3.900000000000000000e+02 1.839499999999999913e+00 1.000000000000000000e+02
3.910000000000000000e+02 1.855909999999999949e+00 1.000000000000000000e+02
3.920000000000000000e+02 1.874500000000000055e+00 1.000000000000000000e+02
3.930000000000000000e+02 1.896400000000000086e+00 1.000000000000000000e+02
3.940000000000000000e+02 1.922660000000000036e+00 1.000000000000000000e+02
3.950000000000000000e+02 1.956390000000000073e+00 1.000000000000000000e+02
3.960000000000000000e+02 2.004820000000000046e+00 1.000000000000000000e+02
3.970000000000000000e+02 2.092960000000000154e+00 1.000000000000000000e+02
3.980000000000000000e+02 2.470779999999999976e+00 1.000000000000000000e+02
3.990000000000000000e+02 1.083239999999999981e+02 1.000000000000000000e+02
3.990000000000000000e+02 1.083239999999999981e+02 1.000000000000000000e+02
