3.768844221105527477e-03 2.603030303030480042e+01
6.281407035175879706e-03 1.569696969697083233e+01
8.793969849246231069e-03 1.239393939394020627e+01
1.130653266331658330e-02 9.515151515152119543e+00
1.381909547738693553e-02 7.929292929293358938e+00
1.633165829145728776e-02 6.969696969697554145e+00
1.884422110552763652e-02 6.171717171717411077e+00
2.135678391959798875e-02 5.494949494949966429e+00
2.386934673366834098e-02 4.959595959596253323e+00
2.638190954773869321e-02 4.555555555555867109e+00
2.889447236180904544e-02 4.252525252525577670e+00
3.140703517587939420e-02 4.010101010101077001e+00
3.391959798994974989e-02 3.777777777778101864e+00
3.643216080402009865e-02 3.535353535353825460e+00
3.894472361809045435e-02 3.313131313131478350e+00
4.145728643216080311e-02 3.101010101010432951e+00
4.396984924623115881e-02 2.949494949494951612e+00
4.648241206030150757e-02 2.787878787879066511e+00
4.899497487437185633e-02 2.686868686868745915e+00
5.150753768844221203e-02 2.616161616161880143e+00
5.402010050251256079e-02 2.505050505050706811e+00
5.653266331658291649e-02 2.414141414141462771e+00
5.904522613065326525e-02 2.343434343434597000e+00
6.155778894472362095e-02 2.252525252525353405e+00
6.407035175879396971e-02 2.171717171717410633e+00
6.658291457286431847e-02 2.090909090909244039e+00
6.909547738693466723e-02 2.020202020202154003e+00
7.160804020100502987e-02 1.949494949495063967e+00
7.412060301507537863e-02 1.898989898989903446e+00
7.663316582914572739e-02 1.848484848484967413e+00
7.914572864321607615e-02 1.787878787878954379e+00
8.165829145728643879e-02 1.757575757575947861e+00
8.417085427135678755e-02 1.717171717171640077e+00
8.668341708542713631e-02 1.676767676768005311e+00
8.919597989949748507e-02 1.656565656565627043e+00
9.170854271356783383e-02 1.616161616161768011e+00
9.422110552763819646e-02 1.595959595959614008e+00
9.673366834170854522e-02 1.565656565656831756e+00
9.924623115577889398e-02 1.555555555555530711e+00
1.017587939698492427e-01 1.505050505050594456e+00
1.042713567839195915e-01 1.474747474747587939e+00
1.067839195979899541e-01 1.434343434343504642e+00
1.092964824120603029e-01 1.414141414141574904e+00
1.118090452261306517e-01 1.383838383838344122e+00
1.143216080402010004e-01 1.343434343434485090e+00
1.168341708542713631e-01 1.323232323232555352e+00
1.193467336683417118e-01 1.292929292929324570e+00
1.218592964824120606e-01 1.272727272727395054e+00
1.243718592964824093e-01 1.242424242424164271e+00
1.268844221105527581e-01 1.232323232323311535e+00
1.293969849246231207e-01 1.202020202020305017e+00
1.319095477386934556e-01 1.191919191919228238e+00
1.344221105527638183e-01 1.181818181818375502e+00
1.369346733668341809e-01 1.171717171717298500e+00
1.394472361809045158e-01 1.161616161616221721e+00
1.419597989949748784e-01 1.171717171717298500e+00
1.444723618090452133e-01 1.181818181818151237e+00
1.469849246231155759e-01 1.191919191919228238e+00
1.494974874371859386e-01 1.222222222222459020e+00
1.520100502512562735e-01 1.252525252525241273e+00
1.545226130653266361e-01 1.303030303030401571e+00
1.570351758793969987e-01 1.323232323232331087e+00
1.595477386934673336e-01 1.323232323232555352e+00
1.620603015075376963e-01 1.303030303030177306e+00
1.645728643216080311e-01 1.272727272727395054e+00
1.670854271356783938e-01 1.272727272727395054e+00
1.695979899497487564e-01 1.252525252525465538e+00
1.721105527638190913e-01 1.242424242424164271e+00
1.746231155778894539e-01 1.242424242424388536e+00
1.771356783919597888e-01 1.232323232323311535e+00
1.796482412060301515e-01 1.232323232323311535e+00
1.821608040201005141e-01 1.232323232323311535e+00
1.846733668341708490e-01 1.222222222222234755e+00
1.871859296482412116e-01 1.222222222222459020e+00
1.896984924623115465e-01 1.202020202020080752e+00
1.922110552763819091e-01 1.191919191919452503e+00
1.947236180904522718e-01 1.202020202020305017e+00
1.972361809045226066e-01 1.171717171717074235e+00
1.997487437185929693e-01 1.181818181818375502e+00
2.022613065326633042e-01 1.171717171717298500e+00
2.047738693467336668e-01 1.161616161616221721e+00
2.072864321608040294e-01 1.141414141414067718e+00
2.097989949748743643e-01 1.141414141414291983e+00
2.123115577889447270e-01 1.151515151515144719e+00
2.148241206030150618e-01 1.141414141414291983e+00
2.173366834170854245e-01 1.131313131313215203e+00
2.198492462311557871e-01 1.141414141414291983e+00
2.223618090452261220e-01 1.121212121212138202e+00
2.248743718592964846e-01 1.121212121212138202e+00
2.273869346733668473e-01 1.111111111111285465e+00
2.298994974874371822e-01 1.090909090909131685e+00
2.324120603015075448e-01 1.090909090909131685e+00
2.349246231155778797e-01 1.080808080808054683e+00
2.374371859296482423e-01 1.070707070707202169e+00
2.399497487437186050e-01 1.050505050505048166e+00
2.424623115577889398e-01 1.060606060606125167e+00
2.449748743718593025e-01 1.050505050505272431e+00
2.474874371859296374e-01 1.050505050505048166e+00
2.500000000000000000e-01 1.030303030303118650e+00
2.525125628140703626e-01 1.020202020202041648e+00
2.550251256281407253e-01 1.020202020202041648e+00
2.575376884422110324e-01 1.030303030303118650e+00
2.600502512562813950e-01 1.020202020202041648e+00
2.625628140703517577e-01 1.020202020202265913e+00
2.650753768844221203e-01 1.020202020202041648e+00
2.675879396984924830e-01 1.020202020202041648e+00
2.701005025125627901e-01 1.010101010101189134e+00
2.726130653266331527e-01 1.020202020202041648e+00
2.751256281407035154e-01 1.020202020202041648e+00
2.776381909547738780e-01 1.030303030303118650e+00
2.814070351758793942e-01 1.010101010101077001e+00
2.864321608040201195e-01 1.005050505050538501e+00
2.902010050251256357e-01 1.020202020202041648e+00
2.927135678391959983e-01 1.010101010101189134e+00
2.964824120603015145e-01 1.005050505050538501e+00
3.015075376884421843e-01 1.000000000000112133e+00
3.065326633165829096e-01 1.000000000000000000e+00
3.103015075376884258e-01 1.010101010101189134e+00
3.128140703517587884e-01 1.020202020202041648e+00
3.153266331658291510e-01 1.010101010101189134e+00
3.178391959798995137e-01 1.020202020202041648e+00
3.216080402010050299e-01 1.015151515151503148e+00
3.253768844221105461e-01 1.020202020202265913e+00
3.278894472361809087e-01 1.020202020202041648e+00
3.304020100502512713e-01 1.030303030303118650e+00
3.329145728643216340e-01 1.020202020202041648e+00
3.354271356783919411e-01 1.020202020202041648e+00
3.379396984924623037e-01 1.020202020202041648e+00
3.404522613065326664e-01 1.040404040404195651e+00
3.429648241206030290e-01 1.060606060606125167e+00
3.454773869346733917e-01 1.060606060606125167e+00
3.479899497487436988e-01 1.090909090909131685e+00
3.505025125628140614e-01 1.101010101010208686e+00
3.530150753768844241e-01 1.101010101010208686e+00
3.555276381909547867e-01 1.161616161616221721e+00
3.580402010050251493e-01 1.373737373737491607e+00
3.605527638190954565e-01 1.191919191919228238e+00
3.630653266331658191e-01 1.171717171717298500e+00
3.655778894472361817e-01 1.161616161616221721e+00
3.680904522613065444e-01 1.141414141414067718e+00
3.706030150753769070e-01 1.141414141414291983e+00
3.731155778894472141e-01 1.121212121212138202e+00
3.756281407035175768e-01 1.121212121212362467e+00
3.781407035175879394e-01 1.111111111111061200e+00
3.806532663316583021e-01 1.101010101010208686e+00
3.831658291457286647e-01 1.121212121212138202e+00
3.856783919597989718e-01 1.131313131313215203e+00
3.881909547738693345e-01 1.111111111111285465e+00
3.907035175879396971e-01 1.111111111111061200e+00
3.932160804020100597e-01 1.111111111111285465e+00
3.957286432160804224e-01 1.111111111111061200e+00
3.982412060301507295e-01 1.111111111111285465e+00
4.007537688442210921e-01 1.101010101010208686e+00
4.032663316582914548e-01 1.111111111111061200e+00
4.057788944723618174e-01 1.111111111111285465e+00
4.082914572864321801e-01 1.121212121212138202e+00
4.108040201005024872e-01 1.121212121212138202e+00
4.133165829145728498e-01 1.141414141414291983e+00
4.158291457286432125e-01 1.151515151515144719e+00
4.183417085427135751e-01 1.161616161616221721e+00
4.208542713567839377e-01 1.151515151515368984e+00
4.233668341708542449e-01 1.161616161616221721e+00
4.258793969849246075e-01 1.161616161616221721e+00
4.283919597989949701e-01 1.161616161616221721e+00
4.309045226130653328e-01 1.171717171717298500e+00
4.334170854271356954e-01 1.171717171717298500e+00
4.359296482412060025e-01 1.171717171717074235e+00
4.384422110552763652e-01 1.161616161616221721e+00
4.409547738693467278e-01 1.151515151515368984e+00
4.434673366834170904e-01 1.141414141414067718e+00
4.459798994974874531e-01 1.141414141414291983e+00
4.484924623115578157e-01 1.141414141414291983e+00
4.510050251256281229e-01 1.141414141414067718e+00
4.535175879396984855e-01 1.141414141414291983e+00
4.560301507537688481e-01 1.151515151515144719e+00
4.585427135678392108e-01 1.141414141414291983e+00
4.610552763819095734e-01 1.151515151515144719e+00
4.635678391959798805e-01 1.161616161616445986e+00
4.660804020100502432e-01 1.161616161616221721e+00
4.685929648241206058e-01 1.181818181818151237e+00
4.711055276381909684e-01 1.222222222222234755e+00
4.736180904522613311e-01 1.282828282828472055e+00
4.761306532663316382e-01 1.242424242424388536e+00
4.786432160804020008e-01 1.222222222222234755e+00
4.811557788944723635e-01 1.202020202020305017e+00
4.836683417085427261e-01 1.212121212121157754e+00
4.861809045226130888e-01 1.202020202020305017e+00
4.886934673366833959e-01 1.212121212121382019e+00
4.912060301507537585e-01 1.212121212121157754e+00
4.937185929648241212e-01 1.232323232323535800e+00
4.962311557788944838e-01 1.222222222222234755e+00
4.987437185929648464e-01 1.232323232323311535e+00
5.012562814070351536e-01 1.222222222222234755e+00
5.037688442211055717e-01 1.222222222222234755e+00
5.062814070351758788e-01 1.232323232323311535e+00
5.087939698492461860e-01 1.232323232323311535e+00
5.113065326633166041e-01 1.222222222222459020e+00
5.138190954773869112e-01 1.232323232323311535e+00
5.163316582914573294e-01 1.222222222222234755e+00
5.188442211055276365e-01 1.222222222222234755e+00
5.213567839195979436e-01 1.242424242424388536e+00
5.238693467336683618e-01 1.242424242424388536e+00
5.263819095477386689e-01 1.262626262626318052e+00
5.288944723618090871e-01 1.252525252525241273e+00
5.314070351758793942e-01 1.272727272727395054e+00
5.339195979899497013e-01 1.292929292929324570e+00
5.364321608040201195e-01 1.303030303030401571e+00
5.389447236180904266e-01 1.323232323232555352e+00
5.414572864321608447e-01 1.333333333333408088e+00
5.439698492462311519e-01 1.373737373737491607e+00
5.464824120603014590e-01 1.363636363636414606e+00
5.489949748743718771e-01 1.353535353535337604e+00
5.515075376884421843e-01 1.353535353535561869e+00
5.540201005025126024e-01 1.353535353535337604e+00
5.565326633165829096e-01 1.343434343434485090e+00
5.590452261306532167e-01 1.343434343434485090e+00
5.615577889447236348e-01 1.353535353535337604e+00
5.640703517587939420e-01 1.333333333333408088e+00
5.665829145728643601e-01 1.323232323232555352e+00
5.690954773869346672e-01 1.323232323232331087e+00
5.716080402010049744e-01 1.313131313131478572e+00
5.741206030150753925e-01 1.292929292929324570e+00
5.766331658291456996e-01 1.292929292929324570e+00
5.791457286432161178e-01 1.292929292929324570e+00
5.816582914572864249e-01 1.313131313131478572e+00
5.841708542713567320e-01 1.313131313131254307e+00
5.866834170854271502e-01 1.313131313131478572e+00
5.891959798994974573e-01 1.323232323232331087e+00
5.917085427135678755e-01 1.313131313131478572e+00
5.942211055276381826e-01 1.323232323232331087e+00
5.967336683417084897e-01 1.323232323232555352e+00
5.992462311557789079e-01 1.323232323232331087e+00
6.017587939698492150e-01 1.343434343434485090e+00
6.042713567839196331e-01 1.363636363636414606e+00
6.067839195979899403e-01 1.373737373737491607e+00
6.092964824120602474e-01 1.383838383838568387e+00
6.118090452261306655e-01 1.393939393939421123e+00
6.143216080402009727e-01 1.393939393939421123e+00
6.168341708542713908e-01 1.393939393939421123e+00
6.193467336683416979e-01 1.383838383838568387e+00
6.218592964824120051e-01 1.373737373737491607e+00
6.243718592964824232e-01 1.373737373737491607e+00
6.268844221105527303e-01 1.383838383838344122e+00
6.293969849246231485e-01 1.363636363636638871e+00
6.319095477386934556e-01 1.373737373737267342e+00
6.344221105527638738e-01 1.373737373737491607e+00
6.369346733668341809e-01 1.383838383838568387e+00
6.394472361809044880e-01 1.373737373737491607e+00
6.419597989949749062e-01 1.373737373737491607e+00
6.444723618090452133e-01 1.383838383838344122e+00
6.469849246231156314e-01 1.393939393939421123e+00
6.494974874371859386e-01 1.414141414141574904e+00
6.520100502512562457e-01 1.414141414141574904e+00
6.545226130653266639e-01 1.424242424242427640e+00
6.570351758793969710e-01 1.434343434343504642e+00
6.595477386934673891e-01 1.454545454545658423e+00
6.620603015075376963e-01 1.464646464646511159e+00
6.645728643216080034e-01 1.464646464646511159e+00
6.670854271356784215e-01 1.454545454545658423e+00
6.695979899497487287e-01 1.464646464646511159e+00
6.721105527638191468e-01 1.454545454545658423e+00
6.746231155778894539e-01 1.474747474747363674e+00
6.771356783919597611e-01 1.484848484848664940e+00
6.796482412060301792e-01 1.484848484848664940e+00
6.821608040201004863e-01 1.494949494949517677e+00
6.846733668341709045e-01 1.505050505050594456e+00
6.871859296482412116e-01 1.505050505050594456e+00
6.896984924623115187e-01 1.515151515151671457e+00
6.922110552763819369e-01 1.525252525252524194e+00
6.947236180904522440e-01 1.535353535353600973e+00
6.972361809045226622e-01 1.545454545454677975e+00
6.997487437185929693e-01 1.555555555555754976e+00
7.022613065326632764e-01 1.575757575757684492e+00
7.047738693467336946e-01 1.585858585858761494e+00
7.072864321608040017e-01 1.616161616161543746e+00
7.097989949748744198e-01 1.626262626262844790e+00
7.123115577889447270e-01 1.656565656565627043e+00
7.148241206030150341e-01 1.656565656565851308e+00
7.173366834170854522e-01 1.656565656565851308e+00
7.198492462311557594e-01 1.656565656565627043e+00
7.223618090452261775e-01 1.666666666666928309e+00
7.248743718592964846e-01 1.666666666666704044e+00
7.273869346733667918e-01 1.666666666666704044e+00
7.298994974874372099e-01 1.686868686868857825e+00
7.324120603015075170e-01 1.707070707070787563e+00
7.349246231155779352e-01 1.717171717171864342e+00
7.374371859296482423e-01 1.727272727272941344e+00
7.399497487437185494e-01 1.727272727272717079e+00
7.424623115577889676e-01 1.757575757575947861e+00
7.449748743718592747e-01 1.777777777777877377e+00
7.474874371859296929e-01 1.797979797979807115e+00
7.500000000000000000e-01 1.787878787878954379e+00
7.525125628140703071e-01 1.808080808080883894e+00
7.550251256281407253e-01 1.838383838384114677e+00
7.575376884422110324e-01 1.838383838383890412e+00
7.600502512562814506e-01 1.838383838383890412e+00
7.625628140703517577e-01 1.848484848484967413e+00
7.650753768844220648e-01 1.858585858586044415e+00
7.675879396984924830e-01 1.868686868686896929e+00
7.701005025125627901e-01 1.868686868687121194e+00
7.726130653266332082e-01 1.868686868686896929e+00
7.751256281407035154e-01 1.898989898990127712e+00
7.776381909547738225e-01 1.898989898989903446e+00
7.801507537688442406e-01 1.929292929293134229e+00
7.826633165829145478e-01 1.929292929292909964e+00
7.851758793969849659e-01 1.969696969697217748e+00
7.876884422110552730e-01 1.979797979798070484e+00
7.902010050251255802e-01 2.090909090909244039e+00
7.927135678391959983e-01 2.111111111111173333e+00
7.952261306532663054e-01 2.090909090909244039e+00
7.977386934673367236e-01 2.121212121212250334e+00
8.002512562814070307e-01 2.131313131313327336e+00
8.027638190954773378e-01 2.131313131313327336e+00
8.052763819095477560e-01 2.131313131313327336e+00
8.077889447236180631e-01 2.141414141414180072e+00
8.103015075376884813e-01 2.161616161616333631e+00
8.128140703517587884e-01 2.171717171717186368e+00
8.153266331658290955e-01 2.191919191919340371e+00
8.178391959798995137e-01 2.242424242424500669e+00
8.203517587939698208e-01 2.282828282828359701e+00
8.228643216080402389e-01 2.343434343434597000e+00
8.253768844221105461e-01 2.343434343434372735e+00
8.278894472361808532e-01 2.363636363636526738e+00
8.304020100502512713e-01 2.393939393939533478e+00
8.329145728643215785e-01 2.393939393939533478e+00
8.354271356783919966e-01 2.404040404040610035e+00
8.379396984924623037e-01 2.414141414141687036e+00
8.404522613065326109e-01 2.434343434343616774e+00
8.429648241206030290e-01 2.474747474747475806e+00
8.454773869346733361e-01 2.515151515151783812e+00
8.479899497487437543e-01 2.535353535353713106e+00
8.505025125628140614e-01 2.565656565656719845e+00
8.530150753768843686e-01 2.595959595959726141e+00
8.555276381909547867e-01 2.646464646464886439e+00
8.580402010050250938e-01 2.696969696969822916e+00
8.605527638190955120e-01 2.737373737373906213e+00
8.630653266331658191e-01 2.757575757575835951e+00
8.655778894472361262e-01 2.767676767677136773e+00
8.680904522613065444e-01 2.767676767676912508e+00
8.706030150753768515e-01 2.787878787878842246e+00
8.731155778894472697e-01 2.828282828283149808e+00
8.756281407035175768e-01 2.868686868687009284e+00
8.781407035175879949e-01 2.939393939394099320e+00
8.806532663316583021e-01 3.030303030303342915e+00
8.831658291457286092e-01 3.101010101010208686e+00
8.856783919597990273e-01 3.171717171717298722e+00
8.881909547738693345e-01 3.232323232323536022e+00
8.907035175879397526e-01 3.303030303030626058e+00
8.932160804020100597e-01 3.323232323232331087e+00
8.957286432160803669e-01 3.373737373737715650e+00
8.982412060301507850e-01 3.454545454545658423e+00
9.007537688442210921e-01 3.575757575757908757e+00
9.032663316582915103e-01 3.767676767676800598e+00
9.057788944723618174e-01 3.858585858586268458e+00
9.082914572864321245e-01 3.888888888889050932e+00
9.108040201005025427e-01 3.939393939394211230e+00
9.133165829145728498e-01 3.979797979798294527e+00
9.158291457286432680e-01 4.020202020202154003e+00
9.183417085427135751e-01 4.101010101010545306e+00
9.208542713567838822e-01 4.262626262626429963e+00
9.233668341708543004e-01 4.393939393939757743e+00
9.258793969849246075e-01 4.484848484848777517e+00
9.283919597989950256e-01 4.565656565656719401e+00
9.309045226130653328e-01 4.666666666667040886e+00
9.334170854271356399e-01 4.787878787879066955e+00
9.359296482412060580e-01 4.939393939394323141e+00
9.384422110552763652e-01 5.131313131313439690e+00
9.409547738693467833e-01 5.404040404040721945e+00
9.434673366834170904e-01 5.535353535354049725e+00
9.459798994974873976e-01 5.676767676768005089e+00
9.484924623115578157e-01 5.989898989899371529e+00
9.510050251256281229e-01 6.404040404040834744e+00
9.535175879396985410e-01 6.818181818182297071e+00
9.560301507537688481e-01 7.343434343434709355e+00
9.585427135678391553e-01 8.242424242424725378e+00
9.610552763819095734e-01 8.555555555556315639e+00
9.635678391959798805e-01 9.121212121212586510e+00
9.660804020100502987e-01 9.494949494950191138e+00
9.685929648241206058e-01 1.032323232323289197e+01
9.711055276381909129e-01 1.103030303030379145e+01
9.736180904522613311e-01 1.172727272727338921e+01
9.761306532663316382e-01 1.305050505050594545e+01
9.786432160804020564e-01 1.444444444444536657e+01
9.811557788944723635e-01 1.657575757575869346e+01
9.836683417085426706e-01 1.877777777777911083e+01
9.861809045226130888e-01 2.212121212121359548e+01
9.886934673366833959e-01 2.652525252525420640e+01
9.912060301507538140e-01 3.407070707070933224e+01
9.937185929648241212e-01 4.891919191919508592e+01
9.962311557788944283e-01 8.903030303030895709e+01
9.987437185929648464e-01 3.816363636363883529e+02
1.001256281407035154e+00 1.069224444444514229e+05
1.002512562814070307e+00 nan
