1.000000000000000000e+00 5.348030000000000284e-01 5.000000000000000000e+01
2.000000000000000000e+00 5.539720000000000200e-01 5.000000000000000000e+01
3.000000000000000000e+00 5.653890000000000304e-01 5.000000000000000000e+01
4.000000000000000000e+00 5.745479999999999476e-01 5.000000000000000000e+01
5.000000000000000000e+00 5.822850000000000525e-01 5.000000000000000000e+01
6.000000000000000000e+00 5.889969999999999928e-01 5.000000000000000000e+01
7.000000000000000000e+00 5.950180000000000469e-01 5.000000000000000000e+01
8.000000000000000000e+00 6.005329999999999835e-01 5.000000000000000000e+01
9.000000000000000000e+00 6.057129999999999459e-01 5.000000000000000000e+01
1.000000000000000000e+01 6.104979999999999851e-01 5.000000000000000000e+01
1.100000000000000000e+01 6.149229999999999974e-01 5.000000000000000000e+01
1.200000000000000000e+01 6.190419999999999812e-01 5.000000000000000000e+01
1.300000000000000000e+01 6.229270000000000085e-01 5.000000000000000000e+01
1.400000000000000000e+01 6.266610000000000236e-01 5.000000000000000000e+01
1.500000000000000000e+01 6.302489999999999482e-01 5.000000000000000000e+01
1.600000000000000000e+01 6.336829999999999963e-01 5.000000000000000000e+01
1.700000000000000000e+01 6.369690000000000074e-01 5.000000000000000000e+01
1.800000000000000000e+01 6.401250000000000551e-01 5.000000000000000000e+01
1.900000000000000000e+01 6.431400000000000450e-01 5.000000000000000000e+01
2.000000000000000000e+01 6.460320000000000507e-01 5.000000000000000000e+01
2.100000000000000000e+01 6.488279999999999603e-01 5.000000000000000000e+01
2.200000000000000000e+01 6.515250000000000208e-01 5.000000000000000000e+01
2.300000000000000000e+01 6.541519999999999557e-01 5.000000000000000000e+01
2.400000000000000000e+01 6.567070000000000407e-01 5.000000000000000000e+01
2.500000000000000000e+01 6.591879999999999962e-01 5.000000000000000000e+01
2.600000000000000000e+01 6.616229999999999611e-01 5.000000000000000000e+01
2.700000000000000000e+01 6.640160000000000506e-01 5.000000000000000000e+01
2.800000000000000000e+01 6.663350000000000106e-01 5.000000000000000000e+01
2.900000000000000000e+01 6.685929999999999929e-01 5.000000000000000000e+01
3.000000000000000000e+01 6.707870000000000221e-01 5.000000000000000000e+01
3.100000000000000000e+01 6.729030000000000289e-01 5.000000000000000000e+01
3.200000000000000000e+01 6.749589999999999756e-01 5.000000000000000000e+01
3.300000000000000000e+01 6.769619999999999527e-01 5.000000000000000000e+01
3.400000000000000000e+01 6.789079999999999560e-01 5.000000000000000000e+01
3.500000000000000000e+01 6.808089999999999975e-01 5.000000000000000000e+01
3.600000000000000000e+01 6.826740000000000030e-01 5.000000000000000000e+01
3.700000000000000000e+01 6.845149999999999846e-01 5.000000000000000000e+01
3.800000000000000000e+01 6.863249999999999629e-01 5.000000000000000000e+01
3.900000000000000000e+01 6.881089999999999707e-01 5.000000000000000000e+01
4.000000000000000000e+01 6.898579999999999712e-01 5.000000000000000000e+01
4.100000000000000000e+01 6.915780000000000260e-01 5.000000000000000000e+01
4.200000000000000000e+01 6.932639999999999914e-01 5.000000000000000000e+01
4.300000000000000000e+01 6.949149999999999494e-01 5.000000000000000000e+01
4.400000000000000000e+01 6.965310000000000112e-01 5.000000000000000000e+01
4.500000000000000000e+01 6.981260000000000243e-01 5.000000000000000000e+01
4.600000000000000000e+01 6.996890000000000054e-01 5.000000000000000000e+01
4.700000000000000000e+01 7.012190000000000367e-01 5.000000000000000000e+01
4.800000000000000000e+01 7.027130000000000321e-01 5.000000000000000000e+01
4.900000000000000000e+01 7.041849999999999499e-01 5.000000000000000000e+01
5.000000000000000000e+01 7.056320000000000370e-01 5.000000000000000000e+01
5.100000000000000000e+01 7.070539999999999603e-01 5.000000000000000000e+01
5.200000000000000000e+01 7.084629999999999539e-01 5.000000000000000000e+01
5.300000000000000000e+01 7.098400000000000265e-01 5.000000000000000000e+01
5.400000000000000000e+01 7.111979999999999968e-01 5.000000000000000000e+01
5.500000000000000000e+01 7.125470000000000415e-01 5.000000000000000000e+01
5.600000000000000000e+01 7.138719999999999510e-01 5.000000000000000000e+01
5.700000000000000000e+01 7.151819999999999844e-01 5.000000000000000000e+01
5.800000000000000000e+01 7.164660000000000473e-01 5.000000000000000000e+01
5.900000000000000000e+01 7.177379999999999871e-01 5.000000000000000000e+01
6.000000000000000000e+01 7.190079999999999805e-01 5.000000000000000000e+01
6.100000000000000000e+01 7.202629999999999866e-01 5.000000000000000000e+01
6.200000000000000000e+01 7.215089999999999559e-01 5.000000000000000000e+01
6.300000000000000000e+01 7.227479999999999460e-01 5.000000000000000000e+01
6.400000000000000000e+01 7.239649999999999697e-01 5.000000000000000000e+01
6.500000000000000000e+01 7.251600000000000268e-01 5.000000000000000000e+01
6.600000000000000000e+01 7.263309999999999489e-01 5.000000000000000000e+01
6.700000000000000000e+01 7.274880000000000235e-01 5.000000000000000000e+01
6.800000000000000000e+01 7.286319999999999464e-01 5.000000000000000000e+01
6.900000000000000000e+01 7.297580000000000178e-01 5.000000000000000000e+01
7.000000000000000000e+01 7.308660000000000156e-01 5.000000000000000000e+01
7.100000000000000000e+01 7.319470000000000143e-01 5.000000000000000000e+01
7.200000000000000000e+01 7.330229999999999801e-01 5.000000000000000000e+01
7.300000000000000000e+01 7.340759999999999508e-01 5.000000000000000000e+01
7.400000000000000000e+01 7.351149999999999629e-01 5.000000000000000000e+01
7.500000000000000000e+01 7.361389999999999878e-01 5.000000000000000000e+01
7.600000000000000000e+01 7.371560000000000334e-01 5.000000000000000000e+01
7.800000000000000000e+01 7.391419999999999657e-01 5.000000000000000000e+01
8.000000000000000000e+01 7.410830000000000473e-01 5.000000000000000000e+01
8.200000000000000000e+01 7.430109999999999770e-01 5.000000000000000000e+01
8.400000000000000000e+01 7.448960000000000026e-01 5.000000000000000000e+01
8.600000000000000000e+01 7.467549999999999466e-01 5.000000000000000000e+01
8.800000000000000000e+01 7.485840000000000272e-01 5.000000000000000000e+01
9.000000000000000000e+01 7.503779999999999895e-01 5.000000000000000000e+01
9.200000000000000000e+01 7.521470000000000100e-01 5.000000000000000000e+01
9.400000000000000000e+01 7.538780000000000481e-01 5.000000000000000000e+01
9.600000000000000000e+01 7.555570000000000341e-01 5.000000000000000000e+01
9.800000000000000000e+01 7.572210000000000329e-01 5.000000000000000000e+01
1.000000000000000000e+02 7.588430000000000453e-01 5.000000000000000000e+01
1.020000000000000000e+02 7.604319999999999968e-01 5.000000000000000000e+01
1.040000000000000000e+02 7.619979999999999531e-01 5.000000000000000000e+01
1.060000000000000000e+02 7.635300000000000420e-01 5.000000000000000000e+01
1.080000000000000000e+02 7.650369999999999671e-01 5.000000000000000000e+01
1.100000000000000000e+02 7.665170000000000039e-01 5.000000000000000000e+01
1.120000000000000000e+02 7.679780000000000495e-01 5.000000000000000000e+01
1.140000000000000000e+02 7.694069999999999521e-01 5.000000000000000000e+01
1.160000000000000000e+02 7.708159999999999457e-01 5.000000000000000000e+01
1.180000000000000000e+02 7.722040000000000015e-01 5.000000000000000000e+01
1.200000000000000000e+02 7.735720000000000374e-01 5.000000000000000000e+01
1.220000000000000000e+02 7.749239999999999462e-01 5.000000000000000000e+01
1.240000000000000000e+02 7.762539999999999996e-01 5.000000000000000000e+01
1.260000000000000000e+02 7.775680000000000369e-01 5.000000000000000000e+01
1.280000000000000000e+02 7.790489999999999915e-01 5.000000000000000000e+01
1.300000000000000000e+02 7.803539999999999921e-01 5.000000000000000000e+01
1.320000000000000000e+02 7.816440000000000055e-01 5.000000000000000000e+01
1.340000000000000000e+02 7.829190000000000316e-01 5.000000000000000000e+01
1.360000000000000000e+02 7.841719999999999802e-01 5.000000000000000000e+01
1.380000000000000000e+02 7.853970000000000118e-01 5.000000000000000000e+01
1.400000000000000000e+02 7.866130000000000067e-01 5.000000000000000000e+01
1.420000000000000000e+02 7.878049999999999775e-01 5.000000000000000000e+01
1.440000000000000000e+02 7.889789999999999859e-01 5.000000000000000000e+01
1.460000000000000000e+02 7.901240000000000485e-01 5.000000000000000000e+01
1.480000000000000000e+02 7.912470000000000336e-01 5.000000000000000000e+01
1.500000000000000000e+02 7.923580000000000068e-01 5.000000000000000000e+01
1.520000000000000000e+02 7.934449999999999559e-01 5.000000000000000000e+01
1.540000000000000000e+02 7.945210000000000328e-01 5.000000000000000000e+01
1.560000000000000000e+02 7.955820000000000114e-01 5.000000000000000000e+01
1.580000000000000000e+02 7.966299999999999493e-01 5.000000000000000000e+01
1.600000000000000000e+02 7.976649999999999574e-01 5.000000000000000000e+01
1.620000000000000000e+02 7.986940000000000150e-01 5.000000000000000000e+01
1.640000000000000000e+02 7.997009999999999952e-01 5.000000000000000000e+01
1.660000000000000000e+02 8.007020000000000248e-01 5.000000000000000000e+01
1.690000000000000000e+02 8.021970000000000489e-01 5.000000000000000000e+01
1.720000000000000000e+02 8.036710000000000242e-01 5.000000000000000000e+01
1.750000000000000000e+02 8.051180000000000003e-01 5.000000000000000000e+01
1.780000000000000000e+02 8.065480000000000427e-01 5.000000000000000000e+01
1.810000000000000000e+02 8.079460000000000530e-01 5.000000000000000000e+01
1.840000000000000000e+02 8.093249999999999611e-01 5.000000000000000000e+01
1.870000000000000000e+02 8.106950000000000545e-01 5.000000000000000000e+01
1.900000000000000000e+02 8.120319999999999760e-01 5.000000000000000000e+01
1.930000000000000000e+02 8.133550000000000502e-01 5.000000000000000000e+01
1.960000000000000000e+02 8.146489999999999565e-01 5.000000000000000000e+01
1.990000000000000000e+02 8.159380000000000521e-01 5.000000000000000000e+01
2.020000000000000000e+02 8.172059999999999880e-01 5.000000000000000000e+01
2.050000000000000000e+02 8.184390000000000276e-01 5.000000000000000000e+01
2.080000000000000000e+02 8.196569999999999689e-01 5.000000000000000000e+01
2.110000000000000000e+02 8.208459999999999646e-01 5.000000000000000000e+01
2.140000000000000000e+02 8.220300000000000384e-01 5.000000000000000000e+01
2.170000000000000000e+02 8.231920000000000348e-01 5.000000000000000000e+01
2.200000000000000000e+02 8.243340000000000112e-01 5.000000000000000000e+01
2.230000000000000000e+02 8.254639999999999755e-01 5.000000000000000000e+01
2.260000000000000000e+02 8.265829999999999567e-01 5.000000000000000000e+01
2.290000000000000000e+02 8.276839999999999753e-01 5.000000000000000000e+01
2.320000000000000000e+02 8.287689999999999779e-01 5.000000000000000000e+01
2.350000000000000000e+02 8.298400000000000221e-01 5.000000000000000000e+01
2.380000000000000000e+02 8.309029999999999472e-01 5.000000000000000000e+01
2.410000000000000000e+02 8.319739999999999913e-01 5.000000000000000000e+01
2.440000000000000000e+02 8.330119999999999747e-01 5.000000000000000000e+01
2.470000000000000000e+02 8.340410000000000323e-01 5.000000000000000000e+01
2.500000000000000000e+02 8.350560000000000205e-01 5.000000000000000000e+01
2.530000000000000000e+02 8.360619999999999719e-01 5.000000000000000000e+01
2.560000000000000000e+02 8.370619999999999727e-01 5.000000000000000000e+01
2.600000000000000000e+02 8.383789999999999853e-01 5.000000000000000000e+01
2.640000000000000000e+02 8.396919999999999940e-01 5.000000000000000000e+01
2.680000000000000000e+02 8.409919999999999618e-01 5.000000000000000000e+01
2.720000000000000000e+02 8.422809999999999464e-01 5.000000000000000000e+01
2.760000000000000000e+02 8.435550000000000548e-01 5.000000000000000000e+01
2.800000000000000000e+02 8.448010000000000241e-01 5.000000000000000000e+01
2.840000000000000000e+02 8.460170000000000190e-01 5.000000000000000000e+01
2.880000000000000000e+02 8.472060000000000146e-01 5.000000000000000000e+01
2.920000000000000000e+02 8.483859999999999735e-01 5.000000000000000000e+01
2.960000000000000000e+02 8.495239999999999458e-01 5.000000000000000000e+01
3.000000000000000000e+02 8.506460000000000132e-01 5.000000000000000000e+01
3.040000000000000000e+02 8.517639999999999656e-01 5.000000000000000000e+01
3.080000000000000000e+02 8.528430000000000177e-01 5.000000000000000000e+01
3.120000000000000000e+02 8.539160000000000084e-01 5.000000000000000000e+01
3.160000000000000000e+02 8.549710000000000365e-01 5.000000000000000000e+01
3.200000000000000000e+02 8.560149999999999704e-01 5.000000000000000000e+01
3.240000000000000000e+02 8.570459999999999745e-01 5.000000000000000000e+01
3.280000000000000000e+02 8.580659999999999954e-01 5.000000000000000000e+01
3.320000000000000000e+02 8.590759999999999508e-01 5.000000000000000000e+01
3.370000000000000000e+02 8.603229999999999489e-01 5.000000000000000000e+01
3.420000000000000000e+02 8.615479999999999805e-01 5.000000000000000000e+01
3.470000000000000000e+02 8.627620000000000289e-01 5.000000000000000000e+01
3.520000000000000000e+02 8.639769999999999950e-01 5.000000000000000000e+01
3.570000000000000000e+02 8.651849999999999818e-01 5.000000000000000000e+01
3.620000000000000000e+02 8.663650000000000517e-01 5.000000000000000000e+01
3.670000000000000000e+02 8.675239999999999618e-01 5.000000000000000000e+01
3.720000000000000000e+02 8.686899999999999622e-01 5.000000000000000000e+01
3.770000000000000000e+02 8.698369999999999713e-01 5.000000000000000000e+01
3.820000000000000000e+02 8.709550000000000347e-01 5.000000000000000000e+01
3.870000000000000000e+02 8.720599999999999463e-01 5.000000000000000000e+01
3.920000000000000000e+02 8.731510000000000105e-01 5.000000000000000000e+01
3.970000000000000000e+02 8.742199999999999971e-01 5.000000000000000000e+01
4.020000000000000000e+02 8.752820000000000045e-01 5.000000000000000000e+01
4.070000000000000000e+02 8.763389999999999791e-01 5.000000000000000000e+01
4.120000000000000000e+02 8.773729999999999585e-01 5.000000000000000000e+01
4.170000000000000000e+02 8.783860000000000001e-01 5.000000000000000000e+01
4.230000000000000000e+02 8.795690000000000452e-01 5.000000000000000000e+01
4.290000000000000000e+02 8.807669999999999666e-01 5.000000000000000000e+01
4.350000000000000000e+02 8.819420000000000037e-01 5.000000000000000000e+01
4.410000000000000000e+02 8.830980000000000496e-01 5.000000000000000000e+01
4.470000000000000000e+02 8.842529999999999557e-01 5.000000000000000000e+01
4.530000000000000000e+02 8.853830000000000311e-01 5.000000000000000000e+01
4.590000000000000000e+02 8.864779999999999882e-01 5.000000000000000000e+01
4.650000000000000000e+02 8.875579999999999581e-01 5.000000000000000000e+01
4.710000000000000000e+02 8.886380000000000390e-01 5.000000000000000000e+01
4.770000000000000000e+02 8.897100000000000009e-01 5.000000000000000000e+01
4.830000000000000000e+02 8.907610000000000250e-01 5.000000000000000000e+01
4.890000000000000000e+02 8.917950000000000044e-01 5.000000000000000000e+01
4.950000000000000000e+02 8.928329999999999878e-01 5.000000000000000000e+01
5.010000000000000000e+02 8.938589999999999591e-01 5.000000000000000000e+01
5.070000000000000000e+02 8.948629999999999640e-01 5.000000000000000000e+01
5.140000000000000000e+02 8.960179999999999811e-01 5.000000000000000000e+01
5.200000000000000000e+02 8.970190000000000108e-01 5.000000000000000000e+01
5.270000000000000000e+02 8.981660000000000199e-01 5.000000000000000000e+01
5.340000000000000000e+02 8.993060000000000498e-01 5.000000000000000000e+01
5.410000000000000000e+02 9.004450000000000509e-01 5.000000000000000000e+01
5.480000000000000000e+02 9.015419999999999545e-01 5.000000000000000000e+01
5.550000000000000000e+02 9.026509999999999811e-01 5.000000000000000000e+01
5.620000000000000000e+02 9.037460000000000493e-01 5.000000000000000000e+01
5.690000000000000000e+02 9.048310000000000519e-01 5.000000000000000000e+01
5.760000000000000000e+02 9.058829999999999938e-01 5.000000000000000000e+01
5.830000000000000000e+02 9.069180000000000019e-01 5.000000000000000000e+01
5.900000000000000000e+02 9.079439999999999733e-01 5.000000000000000000e+01
5.980000000000000000e+02 9.090660000000000407e-01 5.000000000000000000e+01
6.060000000000000000e+02 9.101839999999999931e-01 5.000000000000000000e+01
6.140000000000000000e+02 9.112780000000000324e-01 5.000000000000000000e+01
6.220000000000000000e+02 9.123620000000000063e-01 5.000000000000000000e+01
6.300000000000000000e+02 9.134390000000000009e-01 5.000000000000000000e+01
6.380000000000000000e+02 9.145050000000000123e-01 5.000000000000000000e+01
6.460000000000000000e+02 9.155729999999999702e-01 5.000000000000000000e+01
6.540000000000000000e+02 9.166009999999999991e-01 5.000000000000000000e+01
6.620000000000000000e+02 9.176320000000000032e-01 5.000000000000000000e+01
6.700000000000000000e+02 9.186549999999999994e-01 5.000000000000000000e+01
6.780000000000000000e+02 9.196699999999999875e-01 5.000000000000000000e+01
6.870000000000000000e+02 9.207790000000000141e-01 5.000000000000000000e+01
6.960000000000000000e+02 9.218880000000000408e-01 5.000000000000000000e+01
7.050000000000000000e+02 9.229829999999999979e-01 5.000000000000000000e+01
7.140000000000000000e+02 9.240599999999999925e-01 5.000000000000000000e+01
7.230000000000000000e+02 9.251359999999999584e-01 5.000000000000000000e+01
7.320000000000000000e+02 9.262049999999999450e-01 5.000000000000000000e+01
7.410000000000000000e+02 9.272500000000000187e-01 5.000000000000000000e+01
7.500000000000000000e+02 9.282869999999999733e-01 5.000000000000000000e+01
7.590000000000000000e+02 9.292979999999999574e-01 5.000000000000000000e+01
7.680000000000000000e+02 9.303050000000000486e-01 5.000000000000000000e+01
7.770000000000000000e+02 9.313120000000000287e-01 5.000000000000000000e+01
7.870000000000000000e+02 9.324120000000000186e-01 5.000000000000000000e+01
7.970000000000000000e+02 9.335189999999999877e-01 5.000000000000000000e+01
8.070000000000000000e+02 9.346130000000000271e-01 5.000000000000000000e+01
8.170000000000000000e+02 9.356820000000000137e-01 5.000000000000000000e+01
8.270000000000000000e+02 9.367360000000000131e-01 5.000000000000000000e+01
8.370000000000000000e+02 9.377710000000000212e-01 5.000000000000000000e+01
8.470000000000000000e+02 9.387969999999999926e-01 5.000000000000000000e+01
8.580000000000000000e+02 9.398900000000000032e-01 5.000000000000000000e+01
8.680000000000000000e+02 9.408940000000000081e-01 5.000000000000000000e+01
8.790000000000000000e+02 9.419739999999999780e-01 5.000000000000000000e+01
8.900000000000000000e+02 9.430309999999999526e-01 5.000000000000000000e+01
9.010000000000000000e+02 9.440849999999999520e-01 5.000000000000000000e+01
9.120000000000000000e+02 9.451279999999999681e-01 5.000000000000000000e+01
9.230000000000000000e+02 9.461530000000000218e-01 5.000000000000000000e+01
9.340000000000000000e+02 9.471760000000000179e-01 5.000000000000000000e+01
9.450000000000000000e+02 9.481870000000000021e-01 5.000000000000000000e+01
9.560000000000000000e+02 9.491979999999999862e-01 5.000000000000000000e+01
9.680000000000000000e+02 9.502669999999999728e-01 5.000000000000000000e+01
9.800000000000000000e+02 9.513350000000000417e-01 5.000000000000000000e+01
9.920000000000000000e+02 9.523829999999999796e-01 5.000000000000000000e+01
1.004000000000000000e+03 9.534390000000000365e-01 5.000000000000000000e+01
1.016000000000000000e+03 9.544690000000000119e-01 5.000000000000000000e+01
1.028000000000000000e+03 9.555299999999999905e-01 5.000000000000000000e+01
1.040000000000000000e+03 9.565620000000000234e-01 5.000000000000000000e+01
1.052000000000000000e+03 9.575799999999999867e-01 5.000000000000000000e+01
1.064000000000000000e+03 9.585939999999999461e-01 5.000000000000000000e+01
1.076000000000000000e+03 9.595949999999999758e-01 5.000000000000000000e+01
1.088000000000000000e+03 9.606010000000000382e-01 5.000000000000000000e+01
1.100000000000000000e+03 9.616050000000000431e-01 5.000000000000000000e+01
1.113000000000000000e+03 9.626559999999999562e-01 5.000000000000000000e+01
1.126000000000000000e+03 9.637080000000000091e-01 5.000000000000000000e+01
1.139000000000000000e+03 9.647350000000000092e-01 5.000000000000000000e+01
1.152000000000000000e+03 9.657599999999999518e-01 5.000000000000000000e+01
1.166000000000000000e+03 9.668229999999999880e-01 5.000000000000000000e+01
1.180000000000000000e+03 9.678639999999999466e-01 5.000000000000000000e+01
1.194000000000000000e+03 9.688940000000000330e-01 5.000000000000000000e+01
1.208000000000000000e+03 9.699360000000000204e-01 5.000000000000000000e+01
1.222000000000000000e+03 9.709550000000000125e-01 5.000000000000000000e+01
1.237000000000000000e+03 9.720220000000000526e-01 5.000000000000000000e+01
1.251000000000000000e+03 9.730339999999999545e-01 5.000000000000000000e+01
1.266000000000000000e+03 9.740790000000000282e-01 5.000000000000000000e+01
1.281000000000000000e+03 9.751140000000000363e-01 5.000000000000000000e+01
1.296000000000000000e+03 9.761520000000000197e-01 5.000000000000000000e+01
1.311000000000000000e+03 9.771659999999999791e-01 5.000000000000000000e+01
1.326000000000000000e+03 9.781769999999999632e-01 5.000000000000000000e+01
1.341000000000000000e+03 9.791889999999999761e-01 5.000000000000000000e+01
1.357000000000000000e+03 9.802459999999999507e-01 5.000000000000000000e+01
1.373000000000000000e+03 9.813070000000000404e-01 5.000000000000000000e+01
1.389000000000000000e+03 9.823669999999999902e-01 5.000000000000000000e+01
1.405000000000000000e+03 9.834140000000000104e-01 5.000000000000000000e+01
1.421000000000000000e+03 9.844479999999999897e-01 5.000000000000000000e+01
1.437000000000000000e+03 9.854540000000000521e-01 5.000000000000000000e+01
1.453000000000000000e+03 9.864600000000000035e-01 5.000000000000000000e+01
1.469000000000000000e+03 9.874720000000000164e-01 5.000000000000000000e+01
1.486000000000000000e+03 9.885260000000000158e-01 5.000000000000000000e+01
1.503000000000000000e+03 9.895680000000000032e-01 5.000000000000000000e+01
1.520000000000000000e+03 9.906049999999999578e-01 5.000000000000000000e+01
1.537000000000000000e+03 9.916509999999999492e-01 5.000000000000000000e+01
1.554000000000000000e+03 9.926570000000000116e-01 5.000000000000000000e+01
1.571000000000000000e+03 9.936760000000000037e-01 5.000000000000000000e+01
1.589000000000000000e+03 9.947030000000000038e-01 5.000000000000000000e+01
1.606000000000000000e+03 9.957110000000000127e-01 5.000000000000000000e+01
1.624000000000000000e+03 9.967510000000000536e-01 5.000000000000000000e+01
1.643000000000000000e+03 9.977880000000000082e-01 5.000000000000000000e+01
1.661000000000000000e+03 9.988050000000000539e-01 5.000000000000000000e+01
1.679000000000000000e+03 9.998249999999999638e-01 5.000000000000000000e+01
1.698000000000000000e+03 1.000860000000000083e+00 5.000000000000000000e+01
1.717000000000000000e+03 1.001889999999999947e+00 5.000000000000000000e+01
1.736000000000000000e+03 1.002890000000000059e+00 5.000000000000000000e+01
1.756000000000000000e+03 1.003940000000000055e+00 5.000000000000000000e+01
1.776000000000000000e+03 1.004979999999999984e+00 5.000000000000000000e+01
1.796000000000000000e+03 1.006019999999999914e+00 5.000000000000000000e+01
1.815000000000000000e+03 1.007030000000000092e+00 5.000000000000000000e+01
1.835000000000000000e+03 1.008070000000000022e+00 5.000000000000000000e+01
1.856000000000000000e+03 1.009100000000000108e+00 5.000000000000000000e+01
1.876000000000000000e+03 1.010119999999999907e+00 5.000000000000000000e+01
1.896000000000000000e+03 1.011139999999999928e+00 5.000000000000000000e+01
1.917000000000000000e+03 1.012170000000000014e+00 5.000000000000000000e+01
1.938000000000000000e+03 1.013200000000000101e+00 5.000000000000000000e+01
1.959000000000000000e+03 1.014240000000000030e+00 5.000000000000000000e+01
1.975000000000000000e+03 1.015279999999999960e+00 5.000000000000000000e+01
1.995000000000000000e+03 1.016289999999999916e+00 5.000000000000000000e+01
2.015000000000000000e+03 1.017290000000000028e+00 5.000000000000000000e+01
2.037000000000000000e+03 1.018340000000000023e+00 5.000000000000000000e+01
2.058000000000000000e+03 1.019370000000000109e+00 5.000000000000000000e+01
2.080000000000000000e+03 1.020399999999999974e+00 5.000000000000000000e+01
2.101000000000000000e+03 1.021400000000000086e+00 5.000000000000000000e+01
2.123000000000000000e+03 1.022440000000000015e+00 5.000000000000000000e+01
2.145000000000000000e+03 1.023460000000000036e+00 5.000000000000000000e+01
2.167000000000000000e+03 1.024480000000000057e+00 5.000000000000000000e+01
2.190000000000000000e+03 1.025500000000000078e+00 5.000000000000000000e+01
2.212000000000000000e+03 1.026510000000000034e+00 5.000000000000000000e+01
2.236000000000000000e+03 1.027549999999999963e+00 5.000000000000000000e+01
2.259000000000000000e+03 1.028550000000000075e+00 5.000000000000000000e+01
2.283000000000000000e+03 1.029590000000000005e+00 5.000000000000000000e+01
2.307000000000000000e+03 1.030610000000000026e+00 5.000000000000000000e+01
2.331000000000000000e+03 1.031630000000000047e+00 5.000000000000000000e+01
2.355000000000000000e+03 1.032659999999999911e+00 5.000000000000000000e+01
2.380000000000000000e+03 1.033689999999999998e+00 5.000000000000000000e+01
2.405000000000000000e+03 1.034699999999999953e+00 5.000000000000000000e+01
2.430000000000000000e+03 1.035719999999999974e+00 5.000000000000000000e+01
2.455000000000000000e+03 1.036739999999999995e+00 5.000000000000000000e+01
2.480000000000000000e+03 1.037760000000000016e+00 5.000000000000000000e+01
2.505000000000000000e+03 1.038769999999999971e+00 5.000000000000000000e+01
2.531000000000000000e+03 1.039800000000000058e+00 5.000000000000000000e+01
2.557000000000000000e+03 1.040829999999999922e+00 5.000000000000000000e+01
2.582000000000000000e+03 1.041830000000000034e+00 5.000000000000000000e+01
2.608000000000000000e+03 1.042839999999999989e+00 5.000000000000000000e+01
2.634000000000000000e+03 1.043870000000000076e+00 5.000000000000000000e+01
2.661000000000000000e+03 1.044910000000000005e+00 5.000000000000000000e+01
2.687000000000000000e+03 1.045930000000000026e+00 5.000000000000000000e+01
2.714000000000000000e+03 1.046959999999999891e+00 5.000000000000000000e+01
2.740000000000000000e+03 1.047970000000000068e+00 5.000000000000000000e+01
2.767000000000000000e+03 1.048980000000000024e+00 5.000000000000000000e+01
2.794000000000000000e+03 1.049989999999999979e+00 5.000000000000000000e+01
2.822000000000000000e+03 1.051010000000000000e+00 5.000000000000000000e+01
2.850000000000000000e+03 1.052049999999999930e+00 5.000000000000000000e+01
2.878000000000000000e+03 1.053080000000000016e+00 5.000000000000000000e+01
2.906000000000000000e+03 1.054100000000000037e+00 5.000000000000000000e+01
2.936000000000000000e+03 1.055129999999999901e+00 5.000000000000000000e+01
2.964000000000000000e+03 1.056149999999999922e+00 5.000000000000000000e+01
2.993000000000000000e+03 1.057180000000000009e+00 5.000000000000000000e+01
3.023000000000000000e+03 1.058210000000000095e+00 5.000000000000000000e+01
3.053000000000000000e+03 1.059239999999999959e+00 5.000000000000000000e+01
3.083000000000000000e+03 1.060259999999999980e+00 5.000000000000000000e+01
3.113000000000000000e+03 1.061280000000000001e+00 5.000000000000000000e+01
3.143000000000000000e+03 1.062289999999999957e+00 5.000000000000000000e+01
3.173000000000000000e+03 1.063299999999999912e+00 5.000000000000000000e+01
3.204000000000000000e+03 1.064310000000000089e+00 5.000000000000000000e+01
3.234000000000000000e+03 1.065320000000000045e+00 5.000000000000000000e+01
3.264000000000000000e+03 1.066349999999999909e+00 5.000000000000000000e+01
3.295000000000000000e+03 1.067360000000000086e+00 5.000000000000000000e+01
3.327000000000000000e+03 1.068370000000000042e+00 5.000000000000000000e+01
3.358000000000000000e+03 1.069390000000000063e+00 5.000000000000000000e+01
3.390000000000000000e+03 1.070410000000000084e+00 5.000000000000000000e+01
3.421000000000000000e+03 1.071420000000000039e+00 5.000000000000000000e+01
3.454000000000000000e+03 1.072449999999999903e+00 5.000000000000000000e+01
3.485000000000000000e+03 1.073469999999999924e+00 5.000000000000000000e+01
3.517000000000000000e+03 1.074470000000000036e+00 5.000000000000000000e+01
3.550000000000000000e+03 1.075490000000000057e+00 5.000000000000000000e+01
3.581000000000000000e+03 1.076500000000000012e+00 5.000000000000000000e+01
3.614000000000000000e+03 1.077530000000000099e+00 5.000000000000000000e+01
3.646000000000000000e+03 1.078549999999999898e+00 5.000000000000000000e+01
3.679000000000000000e+03 1.079569999999999919e+00 5.000000000000000000e+01
3.712000000000000000e+03 1.080570000000000030e+00 5.000000000000000000e+01
3.745000000000000000e+03 1.081579999999999986e+00 5.000000000000000000e+01
3.778000000000000000e+03 1.082580000000000098e+00 5.000000000000000000e+01
3.812000000000000000e+03 1.083609999999999962e+00 5.000000000000000000e+01
3.847000000000000000e+03 1.084629999999999983e+00 5.000000000000000000e+01
3.882000000000000000e+03 1.085630000000000095e+00 5.000000000000000000e+01
3.917000000000000000e+03 1.086640000000000050e+00 5.000000000000000000e+01
3.952000000000000000e+03 1.087669999999999915e+00 5.000000000000000000e+01
3.987000000000000000e+03 1.088680000000000092e+00 5.000000000000000000e+01
4.023000000000000000e+03 1.089709999999999956e+00 5.000000000000000000e+01
4.060000000000000000e+03 1.090729999999999977e+00 5.000000000000000000e+01
4.097000000000000000e+03 1.091739999999999933e+00 5.000000000000000000e+01
4.133000000000000000e+03 1.092750000000000110e+00 5.000000000000000000e+01
4.170000000000000000e+03 1.093760000000000066e+00 5.000000000000000000e+01
4.207000000000000000e+03 1.094770000000000021e+00 5.000000000000000000e+01
4.245000000000000000e+03 1.095790000000000042e+00 5.000000000000000000e+01
4.282000000000000000e+03 1.096810000000000063e+00 5.000000000000000000e+01
4.319000000000000000e+03 1.097820000000000018e+00 5.000000000000000000e+01
4.356000000000000000e+03 1.098829999999999973e+00 5.000000000000000000e+01
4.394000000000000000e+03 1.099839999999999929e+00 5.000000000000000000e+01
4.431000000000000000e+03 1.100840000000000041e+00 5.000000000000000000e+01
4.471000000000000000e+03 1.101869999999999905e+00 5.000000000000000000e+01
4.509000000000000000e+03 1.102880000000000082e+00 5.000000000000000000e+01
4.548000000000000000e+03 1.103900000000000103e+00 5.000000000000000000e+01
4.586000000000000000e+03 1.104910000000000059e+00 5.000000000000000000e+01
4.626000000000000000e+03 1.105930000000000080e+00 5.000000000000000000e+01
4.665000000000000000e+03 1.106940000000000035e+00 5.000000000000000000e+01
4.704000000000000000e+03 1.107969999999999899e+00 5.000000000000000000e+01
4.743000000000000000e+03 1.108980000000000077e+00 5.000000000000000000e+01
4.783000000000000000e+03 1.110000000000000098e+00 5.000000000000000000e+01
4.824000000000000000e+03 1.111029999999999962e+00 5.000000000000000000e+01
4.863000000000000000e+03 1.112039999999999917e+00 5.000000000000000000e+01
4.904000000000000000e+03 1.113059999999999938e+00 5.000000000000000000e+01
4.945000000000000000e+03 1.114060000000000050e+00 5.000000000000000000e+01
4.986000000000000000e+03 1.115070000000000006e+00 5.000000000000000000e+01
5.028000000000000000e+03 1.116100000000000092e+00 5.000000000000000000e+01
5.071000000000000000e+03 1.117110000000000047e+00 5.000000000000000000e+01
5.113000000000000000e+03 1.118130000000000068e+00 5.000000000000000000e+01
5.156000000000000000e+03 1.119150000000000089e+00 5.000000000000000000e+01
5.198000000000000000e+03 1.120170000000000110e+00 5.000000000000000000e+01
5.241000000000000000e+03 1.121180000000000065e+00 5.000000000000000000e+01
5.284000000000000000e+03 1.122200000000000086e+00 5.000000000000000000e+01
5.329000000000000000e+03 1.123220000000000107e+00 5.000000000000000000e+01
5.374000000000000000e+03 1.124239999999999906e+00 5.000000000000000000e+01
5.417000000000000000e+03 1.125250000000000083e+00 5.000000000000000000e+01
5.461000000000000000e+03 1.126270000000000104e+00 5.000000000000000000e+01
5.506000000000000000e+03 1.127299999999999969e+00 5.000000000000000000e+01
5.550000000000000000e+03 1.128309999999999924e+00 5.000000000000000000e+01
5.594000000000000000e+03 1.129310000000000036e+00 5.000000000000000000e+01
5.638000000000000000e+03 1.130330000000000057e+00 5.000000000000000000e+01
5.684000000000000000e+03 1.131350000000000078e+00 5.000000000000000000e+01
5.728000000000000000e+03 1.132370000000000099e+00 5.000000000000000000e+01
5.775000000000000000e+03 1.133380000000000054e+00 5.000000000000000000e+01
5.818000000000000000e+03 1.134400000000000075e+00 5.000000000000000000e+01
5.864000000000000000e+03 1.135429999999999939e+00 5.000000000000000000e+01
5.909000000000000000e+03 1.136439999999999895e+00 5.000000000000000000e+01
5.955000000000000000e+03 1.137459999999999916e+00 5.000000000000000000e+01
6.000000000000000000e+03 1.138460000000000027e+00 5.000000000000000000e+01
6.047000000000000000e+03 1.139480000000000048e+00 5.000000000000000000e+01
6.095000000000000000e+03 1.140500000000000069e+00 5.000000000000000000e+01
6.142000000000000000e+03 1.141520000000000090e+00 5.000000000000000000e+01
6.189000000000000000e+03 1.142539999999999889e+00 5.000000000000000000e+01
6.236000000000000000e+03 1.143540000000000001e+00 5.000000000000000000e+01
6.284000000000000000e+03 1.144570000000000087e+00 5.000000000000000000e+01
6.332000000000000000e+03 1.145580000000000043e+00 5.000000000000000000e+01
6.379000000000000000e+03 1.146600000000000064e+00 5.000000000000000000e+01
6.429000000000000000e+03 1.147620000000000084e+00 5.000000000000000000e+01
6.479000000000000000e+03 1.148630000000000040e+00 5.000000000000000000e+01
6.527000000000000000e+03 1.149639999999999995e+00 5.000000000000000000e+01
6.577000000000000000e+03 1.150649999999999951e+00 5.000000000000000000e+01
6.628000000000000000e+03 1.151650000000000063e+00 5.000000000000000000e+01
6.676000000000000000e+03 1.152660000000000018e+00 5.000000000000000000e+01
6.728000000000000000e+03 1.153669999999999973e+00 5.000000000000000000e+01
6.778000000000000000e+03 1.154679999999999929e+00 5.000000000000000000e+01
6.829000000000000000e+03 1.155690000000000106e+00 5.000000000000000000e+01
6.879000000000000000e+03 1.156700000000000061e+00 5.000000000000000000e+01
6.932000000000000000e+03 1.157720000000000082e+00 5.000000000000000000e+01
6.984000000000000000e+03 1.158740000000000103e+00 5.000000000000000000e+01
7.034000000000000000e+03 1.159759999999999902e+00 5.000000000000000000e+01
7.086000000000000000e+03 1.160770000000000080e+00 5.000000000000000000e+01
7.138000000000000000e+03 1.161790000000000100e+00 5.000000000000000000e+01
7.193000000000000000e+03 1.162809999999999899e+00 5.000000000000000000e+01
7.245000000000000000e+03 1.163820000000000077e+00 5.000000000000000000e+01
7.297000000000000000e+03 1.164840000000000098e+00 5.000000000000000000e+01
7.350000000000000000e+03 1.165859999999999896e+00 5.000000000000000000e+01
7.401000000000000000e+03 1.166860000000000008e+00 5.000000000000000000e+01
7.455000000000000000e+03 1.167890000000000095e+00 5.000000000000000000e+01
7.509000000000000000e+03 1.168900000000000050e+00 5.000000000000000000e+01
7.564000000000000000e+03 1.169910000000000005e+00 5.000000000000000000e+01
7.618000000000000000e+03 1.170930000000000026e+00 5.000000000000000000e+01
7.673000000000000000e+03 1.171939999999999982e+00 5.000000000000000000e+01
7.727000000000000000e+03 1.172949999999999937e+00 5.000000000000000000e+01
7.782000000000000000e+03 1.173959999999999892e+00 5.000000000000000000e+01
7.838000000000000000e+03 1.174960000000000004e+00 5.000000000000000000e+01
7.894000000000000000e+03 1.175969999999999960e+00 5.000000000000000000e+01
7.948000000000000000e+03 1.176979999999999915e+00 5.000000000000000000e+01
8.005000000000000000e+03 1.177990000000000093e+00 5.000000000000000000e+01
8.062000000000000000e+03 1.179000000000000048e+00 5.000000000000000000e+01
8.118000000000000000e+03 1.180020000000000069e+00 5.000000000000000000e+01
8.177000000000000000e+03 1.181030000000000024e+00 5.000000000000000000e+01
8.233000000000000000e+03 1.182039999999999980e+00 5.000000000000000000e+01
8.291000000000000000e+03 1.183049999999999935e+00 5.000000000000000000e+01
8.349000000000000000e+03 1.184050000000000047e+00 5.000000000000000000e+01
8.405000000000000000e+03 1.185060000000000002e+00 5.000000000000000000e+01
8.461000000000000000e+03 1.186069999999999958e+00 5.000000000000000000e+01
8.521000000000000000e+03 1.187079999999999913e+00 5.000000000000000000e+01
8.578000000000000000e+03 1.188080000000000025e+00 5.000000000000000000e+01
8.638000000000000000e+03 1.189089999999999980e+00 5.000000000000000000e+01
8.697000000000000000e+03 1.190090000000000092e+00 5.000000000000000000e+01
8.758000000000000000e+03 1.191100000000000048e+00 5.000000000000000000e+01
8.816000000000000000e+03 1.192110000000000003e+00 5.000000000000000000e+01
8.874000000000000000e+03 1.193119999999999958e+00 5.000000000000000000e+01
8.933000000000000000e+03 1.194129999999999914e+00 5.000000000000000000e+01
8.992000000000000000e+03 1.195130000000000026e+00 5.000000000000000000e+01
9.051000000000000000e+03 1.196139999999999981e+00 5.000000000000000000e+01
9.109000000000000000e+03 1.197149999999999936e+00 5.000000000000000000e+01
9.168000000000000000e+03 1.198159999999999892e+00 5.000000000000000000e+01
9.230000000000000000e+03 1.199170000000000069e+00 5.000000000000000000e+01
9.292000000000000000e+03 1.200190000000000090e+00 5.000000000000000000e+01
9.354000000000000000e+03 1.201200000000000045e+00 5.000000000000000000e+01
9.414000000000000000e+03 1.202210000000000001e+00 5.000000000000000000e+01
9.476000000000000000e+03 1.203219999999999956e+00 5.000000000000000000e+01
9.536000000000000000e+03 1.204220000000000068e+00 5.000000000000000000e+01
9.597000000000000000e+03 1.205230000000000024e+00 5.000000000000000000e+01
9.660000000000000000e+03 1.206250000000000044e+00 5.000000000000000000e+01
9.726000000000000000e+03 1.207260000000000000e+00 5.000000000000000000e+01
9.791000000000000000e+03 1.208269999999999955e+00 5.000000000000000000e+01
9.853000000000000000e+03 1.209279999999999911e+00 5.000000000000000000e+01
9.917000000000000000e+03 1.210280000000000022e+00 5.000000000000000000e+01
9.982000000000000000e+03 1.211289999999999978e+00 5.000000000000000000e+01
1.004500000000000000e+04 1.212290000000000090e+00 5.000000000000000000e+01
1.011200000000000000e+04 1.213300000000000045e+00 5.000000000000000000e+01
1.017900000000000000e+04 1.214310000000000000e+00 5.000000000000000000e+01
1.024500000000000000e+04 1.215319999999999956e+00 5.000000000000000000e+01
1.030900000000000000e+04 1.216320000000000068e+00 5.000000000000000000e+01
1.037500000000000000e+04 1.217330000000000023e+00 5.000000000000000000e+01
1.044100000000000000e+04 1.218350000000000044e+00 5.000000000000000000e+01
1.050800000000000000e+04 1.219370000000000065e+00 5.000000000000000000e+01
1.057500000000000000e+04 1.220390000000000086e+00 5.000000000000000000e+01
1.064400000000000000e+04 1.221410000000000107e+00 5.000000000000000000e+01
1.071000000000000000e+04 1.222429999999999906e+00 5.000000000000000000e+01
1.077500000000000000e+04 1.223430000000000017e+00 5.000000000000000000e+01
1.084500000000000000e+04 1.224439999999999973e+00 5.000000000000000000e+01
1.090800000000000000e+04 1.225440000000000085e+00 5.000000000000000000e+01
1.097500000000000000e+04 1.226450000000000040e+00 5.000000000000000000e+01
1.104400000000000000e+04 1.227459999999999996e+00 5.000000000000000000e+01
1.111200000000000000e+04 1.228469999999999951e+00 5.000000000000000000e+01
1.117700000000000000e+04 1.229470000000000063e+00 5.000000000000000000e+01
1.124300000000000000e+04 1.230480000000000018e+00 5.000000000000000000e+01
1.131300000000000000e+04 1.231489999999999974e+00 5.000000000000000000e+01
1.138200000000000000e+04 1.232490000000000085e+00 5.000000000000000000e+01
1.145300000000000000e+04 1.233510000000000106e+00 5.000000000000000000e+01
1.152100000000000000e+04 1.234529999999999905e+00 5.000000000000000000e+01
1.159400000000000000e+04 1.235530000000000017e+00 5.000000000000000000e+01
1.166600000000000000e+04 1.236539999999999973e+00 5.000000000000000000e+01
1.173200000000000000e+04 1.237540000000000084e+00 5.000000000000000000e+01
1.180100000000000000e+04 1.238560000000000105e+00 5.000000000000000000e+01
1.187400000000000000e+04 1.239570000000000061e+00 5.000000000000000000e+01
1.194800000000000000e+04 1.240580000000000016e+00 5.000000000000000000e+01
1.201900000000000000e+04 1.241589999999999971e+00 5.000000000000000000e+01
1.208800000000000000e+04 1.242599999999999927e+00 5.000000000000000000e+01
1.215800000000000000e+04 1.243600000000000039e+00 5.000000000000000000e+01
1.223200000000000000e+04 1.244609999999999994e+00 5.000000000000000000e+01
1.229900000000000000e+04 1.245610000000000106e+00 5.000000000000000000e+01
1.237300000000000000e+04 1.246629999999999905e+00 5.000000000000000000e+01
1.244800000000000000e+04 1.247630000000000017e+00 5.000000000000000000e+01
1.252000000000000000e+04 1.248639999999999972e+00 5.000000000000000000e+01
1.259300000000000000e+04 1.249640000000000084e+00 5.000000000000000000e+01
1.266500000000000000e+04 1.250650000000000039e+00 5.000000000000000000e+01
1.271900000000000000e+04 1.251659999999999995e+00 5.000000000000000000e+01
1.278800000000000000e+04 1.252669999999999950e+00 5.000000000000000000e+01
1.286100000000000000e+04 1.253670000000000062e+00 5.000000000000000000e+01
1.293200000000000000e+04 1.254690000000000083e+00 5.000000000000000000e+01
1.300400000000000000e+04 1.255710000000000104e+00 5.000000000000000000e+01
1.307400000000000000e+04 1.256729999999999903e+00 5.000000000000000000e+01
1.314700000000000000e+04 1.257740000000000080e+00 5.000000000000000000e+01
1.321900000000000000e+04 1.258750000000000036e+00 5.000000000000000000e+01
1.329300000000000000e+04 1.259759999999999991e+00 5.000000000000000000e+01
1.337000000000000000e+04 1.260769999999999946e+00 5.000000000000000000e+01
1.344200000000000000e+04 1.261770000000000058e+00 5.000000000000000000e+01
1.351600000000000000e+04 1.262780000000000014e+00 5.000000000000000000e+01
1.358800000000000000e+04 1.263800000000000034e+00 5.000000000000000000e+01
1.366200000000000000e+04 1.264809999999999990e+00 5.000000000000000000e+01
1.373900000000000000e+04 1.265819999999999945e+00 5.000000000000000000e+01
1.381300000000000000e+04 1.266829999999999901e+00 5.000000000000000000e+01
1.388700000000000000e+04 1.267830000000000013e+00 5.000000000000000000e+01
1.396000000000000000e+04 1.268839999999999968e+00 5.000000000000000000e+01
1.404000000000000000e+04 1.269840000000000080e+00 5.000000000000000000e+01
1.411900000000000000e+04 1.270860000000000101e+00 5.000000000000000000e+01
1.419300000000000000e+04 1.271870000000000056e+00 5.000000000000000000e+01
1.426900000000000000e+04 1.272880000000000011e+00 5.000000000000000000e+01
1.434800000000000000e+04 1.273889999999999967e+00 5.000000000000000000e+01
1.442400000000000000e+04 1.274899999999999922e+00 5.000000000000000000e+01
1.450000000000000000e+04 1.275900000000000034e+00 5.000000000000000000e+01
1.457600000000000000e+04 1.276909999999999989e+00 5.000000000000000000e+01
1.465300000000000000e+04 1.277910000000000101e+00 5.000000000000000000e+01
1.472500000000000000e+04 1.278920000000000057e+00 5.000000000000000000e+01
1.480300000000000000e+04 1.279940000000000078e+00 5.000000000000000000e+01
1.488000000000000000e+04 1.280960000000000099e+00 5.000000000000000000e+01
1.495600000000000000e+04 1.281970000000000054e+00 5.000000000000000000e+01
1.503300000000000000e+04 1.282980000000000009e+00 5.000000000000000000e+01
1.510800000000000000e+04 1.283989999999999965e+00 5.000000000000000000e+01
1.518700000000000000e+04 1.284999999999999920e+00 5.000000000000000000e+01
1.526200000000000000e+04 1.286010000000000097e+00 5.000000000000000000e+01
1.533900000000000000e+04 1.287029999999999896e+00 5.000000000000000000e+01
1.541900000000000000e+04 1.288030000000000008e+00 5.000000000000000000e+01
1.549600000000000000e+04 1.289039999999999964e+00 5.000000000000000000e+01
1.557200000000000000e+04 1.290040000000000076e+00 5.000000000000000000e+01
1.565000000000000000e+04 1.291060000000000096e+00 5.000000000000000000e+01
1.572400000000000000e+04 1.292070000000000052e+00 5.000000000000000000e+01
1.580500000000000000e+04 1.293080000000000007e+00 5.000000000000000000e+01
1.588200000000000000e+04 1.294089999999999963e+00 5.000000000000000000e+01
1.595800000000000000e+04 1.295090000000000074e+00 5.000000000000000000e+01
1.603800000000000000e+04 1.296110000000000095e+00 5.000000000000000000e+01
1.611900000000000000e+04 1.297129999999999894e+00 5.000000000000000000e+01
1.619700000000000000e+04 1.298130000000000006e+00 5.000000000000000000e+01
1.627300000000000000e+04 1.299139999999999961e+00 5.000000000000000000e+01
1.635100000000000000e+04 1.300140000000000073e+00 5.000000000000000000e+01
1.643200000000000000e+04 1.301150000000000029e+00 5.000000000000000000e+01
1.650700000000000000e+04 1.302170000000000050e+00 5.000000000000000000e+01
1.658700000000000000e+04 1.303190000000000071e+00 5.000000000000000000e+01
1.666700000000000000e+04 1.304210000000000091e+00 5.000000000000000000e+01
1.674400000000000000e+04 1.305220000000000047e+00 5.000000000000000000e+01
1.682100000000000000e+04 1.306230000000000002e+00 5.000000000000000000e+01
1.689700000000000000e+04 1.307250000000000023e+00 5.000000000000000000e+01
1.697400000000000000e+04 1.308259999999999978e+00 5.000000000000000000e+01
1.705500000000000000e+04 1.309269999999999934e+00 5.000000000000000000e+01
1.713300000000000000e+04 1.310270000000000046e+00 5.000000000000000000e+01
1.721100000000000000e+04 1.311290000000000067e+00 5.000000000000000000e+01
1.728700000000000000e+04 1.312300000000000022e+00 5.000000000000000000e+01
1.736200000000000000e+04 1.313320000000000043e+00 5.000000000000000000e+01
1.743400000000000000e+04 1.314329999999999998e+00 5.000000000000000000e+01
1.751100000000000000e+04 1.315339999999999954e+00 5.000000000000000000e+01
1.758800000000000000e+04 1.316349999999999909e+00 5.000000000000000000e+01
1.766500000000000000e+04 1.317360000000000086e+00 5.000000000000000000e+01
1.774200000000000000e+04 1.318370000000000042e+00 5.000000000000000000e+01
1.781700000000000000e+04 1.319379999999999997e+00 5.000000000000000000e+01
1.789400000000000000e+04 1.320380000000000109e+00 5.000000000000000000e+01
1.797300000000000000e+04 1.321390000000000065e+00 5.000000000000000000e+01
1.805000000000000000e+04 1.322400000000000020e+00 5.000000000000000000e+01
1.812700000000000000e+04 1.323409999999999975e+00 5.000000000000000000e+01
1.820200000000000000e+04 1.324410000000000087e+00 5.000000000000000000e+01
1.827900000000000000e+04 1.325420000000000043e+00 5.000000000000000000e+01
1.835800000000000000e+04 1.326440000000000063e+00 5.000000000000000000e+01
1.843400000000000000e+04 1.327450000000000019e+00 5.000000000000000000e+01
1.851300000000000000e+04 1.328459999999999974e+00 5.000000000000000000e+01
1.858700000000000000e+04 1.329469999999999930e+00 5.000000000000000000e+01
1.866300000000000000e+04 1.330470000000000041e+00 5.000000000000000000e+01
1.873800000000000000e+04 1.331479999999999997e+00 5.000000000000000000e+01
1.881500000000000000e+04 1.332489999999999952e+00 5.000000000000000000e+01
1.889100000000000000e+04 1.333490000000000064e+00 5.000000000000000000e+01
1.896400000000000000e+04 1.334500000000000020e+00 5.000000000000000000e+01
1.903900000000000000e+04 1.335509999999999975e+00 5.000000000000000000e+01
1.911400000000000000e+04 1.336510000000000087e+00 5.000000000000000000e+01
1.918600000000000000e+04 1.337520000000000042e+00 5.000000000000000000e+01
1.925900000000000000e+04 1.338529999999999998e+00 5.000000000000000000e+01
1.933300000000000000e+04 1.339530000000000109e+00 5.000000000000000000e+01
1.940400000000000000e+04 1.340549999999999908e+00 5.000000000000000000e+01
1.947600000000000000e+04 1.341560000000000086e+00 5.000000000000000000e+01
1.954800000000000000e+04 1.342570000000000041e+00 5.000000000000000000e+01
1.961900000000000000e+04 1.343579999999999997e+00 5.000000000000000000e+01
1.968800000000000000e+04 1.344589999999999952e+00 5.000000000000000000e+01
1.976100000000000000e+04 1.345599999999999907e+00 5.000000000000000000e+01
1.983000000000000000e+04 1.346600000000000019e+00 5.000000000000000000e+01
1.990300000000000000e+04 1.347609999999999975e+00 5.000000000000000000e+01
1.997200000000000000e+04 1.348610000000000086e+00 5.000000000000000000e+01
2.004300000000000000e+04 1.349630000000000107e+00 5.000000000000000000e+01
2.011400000000000000e+04 1.350649999999999906e+00 5.000000000000000000e+01
2.018500000000000000e+04 1.351650000000000018e+00 5.000000000000000000e+01
2.025600000000000000e+04 1.352659999999999973e+00 5.000000000000000000e+01
2.032700000000000000e+04 1.353669999999999929e+00 5.000000000000000000e+01
2.039600000000000000e+04 1.354670000000000041e+00 5.000000000000000000e+01
2.046700000000000000e+04 1.355690000000000062e+00 5.000000000000000000e+01
2.053600000000000000e+04 1.356710000000000083e+00 5.000000000000000000e+01
2.060700000000000000e+04 1.357730000000000103e+00 5.000000000000000000e+01
2.067600000000000000e+04 1.358740000000000059e+00 5.000000000000000000e+01
2.074400000000000000e+04 1.359750000000000014e+00 5.000000000000000000e+01
2.081200000000000000e+04 1.360759999999999970e+00 5.000000000000000000e+01
2.087800000000000000e+04 1.361760000000000081e+00 5.000000000000000000e+01
2.094900000000000000e+04 1.362780000000000102e+00 5.000000000000000000e+01
2.101400000000000000e+04 1.363799999999999901e+00 5.000000000000000000e+01
2.108000000000000000e+04 1.364810000000000079e+00 5.000000000000000000e+01
2.114600000000000000e+04 1.365820000000000034e+00 5.000000000000000000e+01
2.121200000000000000e+04 1.366829999999999989e+00 5.000000000000000000e+01
2.127400000000000000e+04 1.367830000000000101e+00 5.000000000000000000e+01
2.134200000000000000e+04 1.368849999999999900e+00 5.000000000000000000e+01
2.140400000000000000e+04 1.369850000000000012e+00 5.000000000000000000e+01
2.146500000000000000e+04 1.370859999999999967e+00 5.000000000000000000e+01
2.152700000000000000e+04 1.371869999999999923e+00 5.000000000000000000e+01
2.158900000000000000e+04 1.372880000000000100e+00 5.000000000000000000e+01
2.164900000000000000e+04 1.373890000000000056e+00 5.000000000000000000e+01
2.171200000000000000e+04 1.374900000000000011e+00 5.000000000000000000e+01
2.177400000000000000e+04 1.375909999999999966e+00 5.000000000000000000e+01
2.183400000000000000e+04 1.376919999999999922e+00 5.000000000000000000e+01
2.189100000000000000e+04 1.377920000000000034e+00 5.000000000000000000e+01
2.195100000000000000e+04 1.378929999999999989e+00 5.000000000000000000e+01
2.201300000000000000e+04 1.379930000000000101e+00 5.000000000000000000e+01
2.207500000000000000e+04 1.380949999999999900e+00 5.000000000000000000e+01
2.213400000000000000e+04 1.381950000000000012e+00 5.000000000000000000e+01
2.219500000000000000e+04 1.382959999999999967e+00 5.000000000000000000e+01
2.225100000000000000e+04 1.383960000000000079e+00 5.000000000000000000e+01
2.231000000000000000e+04 1.384980000000000100e+00 5.000000000000000000e+01
2.236800000000000000e+04 1.385990000000000055e+00 5.000000000000000000e+01
2.242800000000000000e+04 1.387000000000000011e+00 5.000000000000000000e+01
2.248800000000000000e+04 1.388020000000000032e+00 5.000000000000000000e+01
2.254500000000000000e+04 1.389029999999999987e+00 5.000000000000000000e+01
2.260100000000000000e+04 1.390039999999999942e+00 5.000000000000000000e+01
2.265900000000000000e+04 1.391049999999999898e+00 5.000000000000000000e+01
2.271400000000000000e+04 1.392060000000000075e+00 5.000000000000000000e+01
2.277200000000000000e+04 1.393080000000000096e+00 5.000000000000000000e+01
2.282500000000000000e+04 1.394090000000000051e+00 5.000000000000000000e+01
2.288000000000000000e+04 1.395100000000000007e+00 5.000000000000000000e+01
2.293500000000000000e+04 1.396120000000000028e+00 5.000000000000000000e+01
2.298800000000000000e+04 1.397140000000000049e+00 5.000000000000000000e+01
2.304200000000000000e+04 1.398160000000000069e+00 5.000000000000000000e+01
2.309500000000000000e+04 1.399170000000000025e+00 5.000000000000000000e+01
2.314600000000000000e+04 1.400179999999999980e+00 5.000000000000000000e+01
2.319700000000000000e+04 1.401189999999999936e+00 5.000000000000000000e+01
2.324600000000000000e+04 1.402190000000000047e+00 5.000000000000000000e+01
2.329500000000000000e+04 1.403200000000000003e+00 5.000000000000000000e+01
2.334200000000000000e+04 1.404209999999999958e+00 5.000000000000000000e+01
2.339000000000000000e+04 1.405210000000000070e+00 5.000000000000000000e+01
2.343800000000000000e+04 1.406230000000000091e+00 5.000000000000000000e+01
2.348700000000000000e+04 1.407249999999999890e+00 5.000000000000000000e+01
2.353200000000000000e+04 1.408250000000000002e+00 5.000000000000000000e+01
2.357600000000000000e+04 1.409259999999999957e+00 5.000000000000000000e+01
2.362300000000000000e+04 1.410269999999999913e+00 5.000000000000000000e+01
2.366900000000000000e+04 1.411270000000000024e+00 5.000000000000000000e+01
2.371300000000000000e+04 1.412290000000000045e+00 5.000000000000000000e+01
2.375700000000000000e+04 1.413319999999999910e+00 5.000000000000000000e+01
2.380000000000000000e+04 1.414330000000000087e+00 5.000000000000000000e+01
2.384400000000000000e+04 1.415359999999999951e+00 5.000000000000000000e+01
2.388600000000000000e+04 1.416360000000000063e+00 5.000000000000000000e+01
2.392800000000000000e+04 1.417370000000000019e+00 5.000000000000000000e+01
2.397100000000000000e+04 1.418379999999999974e+00 5.000000000000000000e+01
2.401200000000000000e+04 1.419380000000000086e+00 5.000000000000000000e+01
2.405500000000000000e+04 1.420409999999999950e+00 5.000000000000000000e+01
2.409900000000000000e+04 1.421429999999999971e+00 5.000000000000000000e+01
2.413800000000000000e+04 1.422430000000000083e+00 5.000000000000000000e+01
2.417800000000000000e+04 1.423450000000000104e+00 5.000000000000000000e+01
2.421800000000000000e+04 1.424460000000000059e+00 5.000000000000000000e+01
2.425600000000000000e+04 1.425470000000000015e+00 5.000000000000000000e+01
2.429500000000000000e+04 1.426500000000000101e+00 5.000000000000000000e+01
2.433400000000000000e+04 1.427519999999999900e+00 5.000000000000000000e+01
2.437100000000000000e+04 1.428530000000000078e+00 5.000000000000000000e+01
2.440700000000000000e+04 1.429550000000000098e+00 5.000000000000000000e+01
2.444100000000000000e+04 1.430560000000000054e+00 5.000000000000000000e+01
2.447700000000000000e+04 1.431580000000000075e+00 5.000000000000000000e+01
2.451300000000000000e+04 1.432609999999999939e+00 5.000000000000000000e+01
2.454700000000000000e+04 1.433619999999999894e+00 5.000000000000000000e+01
2.458000000000000000e+04 1.434620000000000006e+00 5.000000000000000000e+01
2.461400000000000000e+04 1.435659999999999936e+00 5.000000000000000000e+01
2.464700000000000000e+04 1.436669999999999892e+00 5.000000000000000000e+01
2.468000000000000000e+04 1.437680000000000069e+00 5.000000000000000000e+01
2.471300000000000000e+04 1.438700000000000090e+00 5.000000000000000000e+01
2.474500000000000000e+04 1.439729999999999954e+00 5.000000000000000000e+01
2.477600000000000000e+04 1.440739999999999910e+00 5.000000000000000000e+01
2.480800000000000000e+04 1.441740000000000022e+00 5.000000000000000000e+01
2.484000000000000000e+04 1.442779999999999951e+00 5.000000000000000000e+01
2.487200000000000000e+04 1.443789999999999907e+00 5.000000000000000000e+01
2.490300000000000000e+04 1.444790000000000019e+00 5.000000000000000000e+01
2.493400000000000000e+04 1.445820000000000105e+00 5.000000000000000000e+01
2.496700000000000000e+04 1.446839999999999904e+00 5.000000000000000000e+01
2.499800000000000000e+04 1.447840000000000016e+00 5.000000000000000000e+01
2.503000000000000000e+04 1.448879999999999946e+00 5.000000000000000000e+01
2.506100000000000000e+04 1.449880000000000058e+00 5.000000000000000000e+01
2.509300000000000000e+04 1.450909999999999922e+00 5.000000000000000000e+01
2.512400000000000000e+04 1.451929999999999943e+00 5.000000000000000000e+01
2.515500000000000000e+04 1.452930000000000055e+00 5.000000000000000000e+01
2.518700000000000000e+04 1.453940000000000010e+00 5.000000000000000000e+01
2.521900000000000000e+04 1.454970000000000097e+00 5.000000000000000000e+01
2.525000000000000000e+04 1.455999999999999961e+00 5.000000000000000000e+01
2.528100000000000000e+04 1.457030000000000047e+00 5.000000000000000000e+01
2.531200000000000000e+04 1.458050000000000068e+00 5.000000000000000000e+01
2.534200000000000000e+04 1.459060000000000024e+00 5.000000000000000000e+01
2.537300000000000000e+04 1.460090000000000110e+00 5.000000000000000000e+01
2.540200000000000000e+04 1.461100000000000065e+00 5.000000000000000000e+01
2.543200000000000000e+04 1.462110000000000021e+00 5.000000000000000000e+01
2.546300000000000000e+04 1.463140000000000107e+00 5.000000000000000000e+01
2.549300000000000000e+04 1.464159999999999906e+00 5.000000000000000000e+01
2.552300000000000000e+04 1.465160000000000018e+00 5.000000000000000000e+01
2.555300000000000000e+04 1.466169999999999973e+00 5.000000000000000000e+01
2.558300000000000000e+04 1.467179999999999929e+00 5.000000000000000000e+01
2.561300000000000000e+04 1.468190000000000106e+00 5.000000000000000000e+01
2.564400000000000000e+04 1.469219999999999970e+00 5.000000000000000000e+01
2.567300000000000000e+04 1.470239999999999991e+00 5.000000000000000000e+01
2.570200000000000000e+04 1.471240000000000103e+00 5.000000000000000000e+01
2.573200000000000000e+04 1.472280000000000033e+00 5.000000000000000000e+01
2.576400000000000000e+04 1.473309999999999897e+00 5.000000000000000000e+01
2.579300000000000000e+04 1.474310000000000009e+00 5.000000000000000000e+01
2.582200000000000000e+04 1.475330000000000030e+00 5.000000000000000000e+01
2.585300000000000000e+04 1.476359999999999895e+00 5.000000000000000000e+01
2.588300000000000000e+04 1.477389999999999981e+00 5.000000000000000000e+01
2.591400000000000000e+04 1.478410000000000002e+00 5.000000000000000000e+01
2.594500000000000000e+04 1.479440000000000088e+00 5.000000000000000000e+01
2.597500000000000000e+04 1.480469999999999953e+00 5.000000000000000000e+01
2.600500000000000000e+04 1.481489999999999974e+00 5.000000000000000000e+01
2.603400000000000000e+04 1.482520000000000060e+00 5.000000000000000000e+01
2.606200000000000000e+04 1.483530000000000015e+00 5.000000000000000000e+01
2.609100000000000000e+04 1.484569999999999945e+00 5.000000000000000000e+01
2.612000000000000000e+04 1.485589999999999966e+00 5.000000000000000000e+01
2.614700000000000000e+04 1.486609999999999987e+00 5.000000000000000000e+01
2.617500000000000000e+04 1.487640000000000073e+00 5.000000000000000000e+01
2.619800000000000000e+04 1.488669999999999938e+00 5.000000000000000000e+01
2.622500000000000000e+04 1.489700000000000024e+00 5.000000000000000000e+01
2.625200000000000000e+04 1.490720000000000045e+00 5.000000000000000000e+01
2.627800000000000000e+04 1.491730000000000000e+00 5.000000000000000000e+01
2.630500000000000000e+04 1.492760000000000087e+00 5.000000000000000000e+01
2.633200000000000000e+04 1.493780000000000108e+00 5.000000000000000000e+01
2.636000000000000000e+04 1.494820000000000038e+00 5.000000000000000000e+01
2.638700000000000000e+04 1.495859999999999967e+00 5.000000000000000000e+01
2.641300000000000000e+04 1.496860000000000079e+00 5.000000000000000000e+01
2.643900000000000000e+04 1.497870000000000035e+00 5.000000000000000000e+01
2.646500000000000000e+04 1.498879999999999990e+00 5.000000000000000000e+01
2.649100000000000000e+04 1.499889999999999946e+00 5.000000000000000000e+01
2.651700000000000000e+04 1.500909999999999966e+00 5.000000000000000000e+01
2.654300000000000000e+04 1.501910000000000078e+00 5.000000000000000000e+01
2.656900000000000000e+04 1.502930000000000099e+00 5.000000000000000000e+01
2.659500000000000000e+04 1.503959999999999964e+00 5.000000000000000000e+01
2.662100000000000000e+04 1.504990000000000050e+00 5.000000000000000000e+01
2.664700000000000000e+04 1.506010000000000071e+00 5.000000000000000000e+01
2.667200000000000000e+04 1.507020000000000026e+00 5.000000000000000000e+01
2.669700000000000000e+04 1.508040000000000047e+00 5.000000000000000000e+01
2.672200000000000000e+04 1.509069999999999911e+00 5.000000000000000000e+01
2.674700000000000000e+04 1.510089999999999932e+00 5.000000000000000000e+01
2.677200000000000000e+04 1.511109999999999953e+00 5.000000000000000000e+01
2.679600000000000000e+04 1.512110000000000065e+00 5.000000000000000000e+01
2.682100000000000000e+04 1.513139999999999930e+00 5.000000000000000000e+01
2.684500000000000000e+04 1.514150000000000107e+00 5.000000000000000000e+01
2.686900000000000000e+04 1.515160000000000062e+00 5.000000000000000000e+01
2.689300000000000000e+04 1.516170000000000018e+00 5.000000000000000000e+01
2.691700000000000000e+04 1.517200000000000104e+00 5.000000000000000000e+01
2.694100000000000000e+04 1.518240000000000034e+00 5.000000000000000000e+01
2.696500000000000000e+04 1.519279999999999964e+00 5.000000000000000000e+01
2.698800000000000000e+04 1.520299999999999985e+00 5.000000000000000000e+01
2.701100000000000000e+04 1.521309999999999940e+00 5.000000000000000000e+01
2.703400000000000000e+04 1.522340000000000027e+00 5.000000000000000000e+01
2.705700000000000000e+04 1.523369999999999891e+00 5.000000000000000000e+01
2.708000000000000000e+04 1.524410000000000043e+00 5.000000000000000000e+01
2.710300000000000000e+04 1.525449999999999973e+00 5.000000000000000000e+01
2.712500000000000000e+04 1.526450000000000085e+00 5.000000000000000000e+01
2.714700000000000000e+04 1.527470000000000105e+00 5.000000000000000000e+01
2.716900000000000000e+04 1.528489999999999904e+00 5.000000000000000000e+01
2.719100000000000000e+04 1.529509999999999925e+00 5.000000000000000000e+01
2.721300000000000000e+04 1.530550000000000077e+00 5.000000000000000000e+01
2.723500000000000000e+04 1.531560000000000032e+00 5.000000000000000000e+01
2.725700000000000000e+04 1.532589999999999897e+00 5.000000000000000000e+01
2.727900000000000000e+04 1.533630000000000049e+00 5.000000000000000000e+01
2.730000000000000000e+04 1.534650000000000070e+00 5.000000000000000000e+01
2.732100000000000000e+04 1.535660000000000025e+00 5.000000000000000000e+01
2.734200000000000000e+04 1.536689999999999889e+00 5.000000000000000000e+01
2.736300000000000000e+04 1.537730000000000041e+00 5.000000000000000000e+01
2.738400000000000000e+04 1.538780000000000037e+00 5.000000000000000000e+01
2.740500000000000000e+04 1.539830000000000032e+00 5.000000000000000000e+01
2.742500000000000000e+04 1.540850000000000053e+00 5.000000000000000000e+01
2.744500000000000000e+04 1.541889999999999983e+00 5.000000000000000000e+01
2.746400000000000000e+04 1.542910000000000004e+00 5.000000000000000000e+01
2.748300000000000000e+04 1.543930000000000025e+00 5.000000000000000000e+01
2.750200000000000000e+04 1.544969999999999954e+00 5.000000000000000000e+01
2.752100000000000000e+04 1.546000000000000041e+00 5.000000000000000000e+01
2.753900000000000000e+04 1.547029999999999905e+00 5.000000000000000000e+01
2.755700000000000000e+04 1.548070000000000057e+00 5.000000000000000000e+01
2.757500000000000000e+04 1.549129999999999896e+00 5.000000000000000000e+01
2.759200000000000000e+04 1.550149999999999917e+00 5.000000000000000000e+01
2.760900000000000000e+04 1.551190000000000069e+00 5.000000000000000000e+01
2.762600000000000000e+04 1.552240000000000064e+00 5.000000000000000000e+01
2.764200000000000000e+04 1.553260000000000085e+00 5.000000000000000000e+01
2.765800000000000000e+04 1.554270000000000040e+00 5.000000000000000000e+01
2.767400000000000000e+04 1.555299999999999905e+00 5.000000000000000000e+01
2.769000000000000000e+04 1.556340000000000057e+00 5.000000000000000000e+01
2.770600000000000000e+04 1.557369999999999921e+00 5.000000000000000000e+01
2.772100000000000000e+04 1.558370000000000033e+00 5.000000000000000000e+01
2.773700000000000000e+04 1.559430000000000094e+00 5.000000000000000000e+01
2.775200000000000000e+04 1.560440000000000049e+00 5.000000000000000000e+01
2.776700000000000000e+04 1.561450000000000005e+00 5.000000000000000000e+01
2.778200000000000000e+04 1.562470000000000026e+00 5.000000000000000000e+01
2.779700000000000000e+04 1.563490000000000046e+00 5.000000000000000000e+01
2.781200000000000000e+04 1.564519999999999911e+00 5.000000000000000000e+01
2.782700000000000000e+04 1.565560000000000063e+00 5.000000000000000000e+01
2.784200000000000000e+04 1.566610000000000058e+00 5.000000000000000000e+01
2.785700000000000000e+04 1.567649999999999988e+00 5.000000000000000000e+01
2.787200000000000000e+04 1.568699999999999983e+00 5.000000000000000000e+01
2.788700000000000000e+04 1.569760000000000044e+00 5.000000000000000000e+01
2.790200000000000000e+04 1.570829999999999949e+00 5.000000000000000000e+01
2.791700000000000000e+04 1.571890000000000009e+00 5.000000000000000000e+01
2.793200000000000000e+04 1.572950000000000070e+00 5.000000000000000000e+01
2.794700000000000000e+04 1.573990000000000000e+00 5.000000000000000000e+01
2.796200000000000000e+04 1.575050000000000061e+00 5.000000000000000000e+01
2.797700000000000000e+04 1.576109999999999900e+00 5.000000000000000000e+01
2.799200000000000000e+04 1.577169999999999961e+00 5.000000000000000000e+01
2.800700000000000000e+04 1.578219999999999956e+00 5.000000000000000000e+01
2.802200000000000000e+04 1.579280000000000017e+00 5.000000000000000000e+01
2.803700000000000000e+04 1.580319999999999947e+00 5.000000000000000000e+01
2.805200000000000000e+04 1.581380000000000008e+00 5.000000000000000000e+01
2.806700000000000000e+04 1.582430000000000003e+00 5.000000000000000000e+01
2.808200000000000000e+04 1.583490000000000064e+00 5.000000000000000000e+01
2.809700000000000000e+04 1.584540000000000060e+00 5.000000000000000000e+01
2.811200000000000000e+04 1.585569999999999924e+00 5.000000000000000000e+01
2.812700000000000000e+04 1.586610000000000076e+00 5.000000000000000000e+01
2.814200000000000000e+04 1.587650000000000006e+00 5.000000000000000000e+01
2.815600000000000000e+04 1.588659999999999961e+00 5.000000000000000000e+01
2.817000000000000000e+04 1.589660000000000073e+00 5.000000000000000000e+01
2.818500000000000000e+04 1.590740000000000043e+00 5.000000000000000000e+01
2.820000000000000000e+04 1.591800000000000104e+00 5.000000000000000000e+01
2.821400000000000000e+04 1.592810000000000059e+00 5.000000000000000000e+01
2.822800000000000000e+04 1.593830000000000080e+00 5.000000000000000000e+01
2.824200000000000000e+04 1.594870000000000010e+00 5.000000000000000000e+01
2.825600000000000000e+04 1.595900000000000096e+00 5.000000000000000000e+01
2.827000000000000000e+04 1.596919999999999895e+00 5.000000000000000000e+01
2.828400000000000000e+04 1.597960000000000047e+00 5.000000000000000000e+01
2.829800000000000000e+04 1.599010000000000042e+00 5.000000000000000000e+01
2.831200000000000000e+04 1.600070000000000103e+00 5.000000000000000000e+01
2.832600000000000000e+04 1.601150000000000073e+00 5.000000000000000000e+01
2.834000000000000000e+04 1.602219999999999978e+00 5.000000000000000000e+01
2.835300000000000000e+04 1.603229999999999933e+00 5.000000000000000000e+01
2.836600000000000000e+04 1.604249999999999954e+00 5.000000000000000000e+01
2.837900000000000000e+04 1.605269999999999975e+00 5.000000000000000000e+01
2.839200000000000000e+04 1.606309999999999905e+00 5.000000000000000000e+01
2.840500000000000000e+04 1.607369999999999965e+00 5.000000000000000000e+01
2.841800000000000000e+04 1.608440000000000092e+00 5.000000000000000000e+01
2.843100000000000000e+04 1.609509999999999996e+00 5.000000000000000000e+01
2.844300000000000000e+04 1.610530000000000017e+00 5.000000000000000000e+01
2.845500000000000000e+04 1.611560000000000104e+00 5.000000000000000000e+01
2.846700000000000000e+04 1.612570000000000059e+00 5.000000000000000000e+01
2.847900000000000000e+04 1.613599999999999923e+00 5.000000000000000000e+01
2.849100000000000000e+04 1.614619999999999944e+00 5.000000000000000000e+01
2.850300000000000000e+04 1.615639999999999965e+00 5.000000000000000000e+01
2.851500000000000000e+04 1.616649999999999920e+00 5.000000000000000000e+01
2.852700000000000000e+04 1.617690000000000072e+00 5.000000000000000000e+01
2.853900000000000000e+04 1.618700000000000028e+00 5.000000000000000000e+01
2.855100000000000000e+04 1.619720000000000049e+00 5.000000000000000000e+01
2.856400000000000000e+04 1.620800000000000018e+00 5.000000000000000000e+01
2.857600000000000000e+04 1.621820000000000039e+00 5.000000000000000000e+01
2.858800000000000000e+04 1.622849999999999904e+00 5.000000000000000000e+01
2.860000000000000000e+04 1.623899999999999899e+00 5.000000000000000000e+01
2.861200000000000000e+04 1.624949999999999894e+00 5.000000000000000000e+01
2.862400000000000000e+04 1.626009999999999955e+00 5.000000000000000000e+01
2.863600000000000000e+04 1.627089999999999925e+00 5.000000000000000000e+01
2.864800000000000000e+04 1.628169999999999895e+00 5.000000000000000000e+01
2.865900000000000000e+04 1.629170000000000007e+00 5.000000000000000000e+01
2.867000000000000000e+04 1.630200000000000093e+00 5.000000000000000000e+01
2.868100000000000000e+04 1.631219999999999892e+00 5.000000000000000000e+01
2.869200000000000000e+04 1.632249999999999979e+00 5.000000000000000000e+01
2.870300000000000000e+04 1.633289999999999909e+00 5.000000000000000000e+01
2.871400000000000000e+04 1.634319999999999995e+00 5.000000000000000000e+01
2.872500000000000000e+04 1.635369999999999990e+00 5.000000000000000000e+01
2.873600000000000000e+04 1.636430000000000051e+00 5.000000000000000000e+01
2.874700000000000000e+04 1.637510000000000021e+00 5.000000000000000000e+01
2.875800000000000000e+04 1.638589999999999991e+00 5.000000000000000000e+01
2.876800000000000000e+04 1.639590000000000103e+00 5.000000000000000000e+01
2.877800000000000000e+04 1.640609999999999902e+00 5.000000000000000000e+01
2.878800000000000000e+04 1.641629999999999923e+00 5.000000000000000000e+01
2.879800000000000000e+04 1.642689999999999984e+00 5.000000000000000000e+01
2.880800000000000000e+04 1.643720000000000070e+00 5.000000000000000000e+01
2.881800000000000000e+04 1.644760000000000000e+00 5.000000000000000000e+01
2.882800000000000000e+04 1.645820000000000061e+00 5.000000000000000000e+01
2.883800000000000000e+04 1.646859999999999991e+00 5.000000000000000000e+01
2.884800000000000000e+04 1.647920000000000051e+00 5.000000000000000000e+01
2.885800000000000000e+04 1.648970000000000047e+00 5.000000000000000000e+01
2.886800000000000000e+04 1.650030000000000108e+00 5.000000000000000000e+01
2.887800000000000000e+04 1.651080000000000103e+00 5.000000000000000000e+01
2.888800000000000000e+04 1.652139999999999942e+00 5.000000000000000000e+01
2.889800000000000000e+04 1.653210000000000068e+00 5.000000000000000000e+01
2.890800000000000000e+04 1.654279999999999973e+00 5.000000000000000000e+01
2.891800000000000000e+04 1.655370000000000008e+00 5.000000000000000000e+01
2.892800000000000000e+04 1.656439999999999912e+00 5.000000000000000000e+01
2.893800000000000000e+04 1.657529999999999948e+00 5.000000000000000000e+01
2.894800000000000000e+04 1.658619999999999983e+00 5.000000000000000000e+01
2.895700000000000000e+04 1.659629999999999939e+00 5.000000000000000000e+01
2.896600000000000000e+04 1.660639999999999894e+00 5.000000000000000000e+01
2.897500000000000000e+04 1.661650000000000071e+00 5.000000000000000000e+01
2.898400000000000000e+04 1.662679999999999936e+00 5.000000000000000000e+01
2.899300000000000000e+04 1.663729999999999931e+00 5.000000000000000000e+01
2.900200000000000000e+04 1.664770000000000083e+00 5.000000000000000000e+01
2.901100000000000000e+04 1.665829999999999922e+00 5.000000000000000000e+01
2.902000000000000000e+04 1.666909999999999892e+00 5.000000000000000000e+01
2.902900000000000000e+04 1.668029999999999902e+00 5.000000000000000000e+01
2.903700000000000000e+04 1.669040000000000079e+00 5.000000000000000000e+01
2.904600000000000000e+04 1.670160000000000089e+00 5.000000000000000000e+01
2.905400000000000000e+04 1.671180000000000110e+00 5.000000000000000000e+01
2.906300000000000000e+04 1.672299999999999898e+00 5.000000000000000000e+01
2.907100000000000000e+04 1.673319999999999919e+00 5.000000000000000000e+01
2.907900000000000000e+04 1.674350000000000005e+00 5.000000000000000000e+01
2.908700000000000000e+04 1.675389999999999935e+00 5.000000000000000000e+01
2.909500000000000000e+04 1.676420000000000021e+00 5.000000000000000000e+01
2.910300000000000000e+04 1.677470000000000017e+00 5.000000000000000000e+01
2.911100000000000000e+04 1.678520000000000012e+00 5.000000000000000000e+01
2.911900000000000000e+04 1.679580000000000073e+00 5.000000000000000000e+01
2.912700000000000000e+04 1.680639999999999912e+00 5.000000000000000000e+01
2.913500000000000000e+04 1.681699999999999973e+00 5.000000000000000000e+01
2.914300000000000000e+04 1.682790000000000008e+00 5.000000000000000000e+01
2.915100000000000000e+04 1.683859999999999912e+00 5.000000000000000000e+01
2.915900000000000000e+04 1.684949999999999948e+00 5.000000000000000000e+01
2.916700000000000000e+04 1.686029999999999918e+00 5.000000000000000000e+01
2.917500000000000000e+04 1.687149999999999928e+00 5.000000000000000000e+01
2.918300000000000000e+04 1.688269999999999937e+00 5.000000000000000000e+01
2.919000000000000000e+04 1.689270000000000049e+00 5.000000000000000000e+01
2.919700000000000000e+04 1.690299999999999914e+00 5.000000000000000000e+01
2.920400000000000000e+04 1.691330000000000000e+00 5.000000000000000000e+01
2.921100000000000000e+04 1.692379999999999995e+00 5.000000000000000000e+01
2.921800000000000000e+04 1.693410000000000082e+00 5.000000000000000000e+01
2.922500000000000000e+04 1.694469999999999921e+00 5.000000000000000000e+01
2.923200000000000000e+04 1.695540000000000047e+00 5.000000000000000000e+01
2.923900000000000000e+04 1.696620000000000017e+00 5.000000000000000000e+01
2.924600000000000000e+04 1.697729999999999961e+00 5.000000000000000000e+01
2.925300000000000000e+04 1.698839999999999906e+00 5.000000000000000000e+01
2.926000000000000000e+04 1.699980000000000047e+00 5.000000000000000000e+01
2.926700000000000000e+04 1.701130000000000031e+00 5.000000000000000000e+01
2.927400000000000000e+04 1.702290000000000081e+00 5.000000000000000000e+01
2.928100000000000000e+04 1.703449999999999909e+00 5.000000000000000000e+01
2.928700000000000000e+04 1.704469999999999930e+00 5.000000000000000000e+01
2.929300000000000000e+04 1.705489999999999950e+00 5.000000000000000000e+01
2.929900000000000000e+04 1.706539999999999946e+00 5.000000000000000000e+01
2.930500000000000000e+04 1.707580000000000098e+00 5.000000000000000000e+01
2.931100000000000000e+04 1.708620000000000028e+00 5.000000000000000000e+01
2.931700000000000000e+04 1.709680000000000089e+00 5.000000000000000000e+01
2.932300000000000000e+04 1.710739999999999927e+00 5.000000000000000000e+01
2.932900000000000000e+04 1.711810000000000054e+00 5.000000000000000000e+01
2.933500000000000000e+04 1.712879999999999958e+00 5.000000000000000000e+01
2.934100000000000000e+04 1.713969999999999994e+00 5.000000000000000000e+01
2.934700000000000000e+04 1.715060000000000029e+00 5.000000000000000000e+01
2.935300000000000000e+04 1.716180000000000039e+00 5.000000000000000000e+01
2.935900000000000000e+04 1.717270000000000074e+00 5.000000000000000000e+01
2.936500000000000000e+04 1.718390000000000084e+00 5.000000000000000000e+01
2.937100000000000000e+04 1.719530000000000003e+00 5.000000000000000000e+01
2.937700000000000000e+04 1.720679999999999987e+00 5.000000000000000000e+01
2.938300000000000000e+04 1.721850000000000103e+00 5.000000000000000000e+01
2.938900000000000000e+04 1.723030000000000062e+00 5.000000000000000000e+01
2.939500000000000000e+04 1.724229999999999929e+00 5.000000000000000000e+01
2.940000000000000000e+04 1.725330000000000030e+00 5.000000000000000000e+01
2.940500000000000000e+04 1.726369999999999960e+00 5.000000000000000000e+01
2.941000000000000000e+04 1.727409999999999890e+00 5.000000000000000000e+01
2.941500000000000000e+04 1.728469999999999951e+00 5.000000000000000000e+01
2.942000000000000000e+04 1.729530000000000012e+00 5.000000000000000000e+01
2.942500000000000000e+04 1.730609999999999982e+00 5.000000000000000000e+01
2.943000000000000000e+04 1.731689999999999952e+00 5.000000000000000000e+01
2.943500000000000000e+04 1.732769999999999921e+00 5.000000000000000000e+01
2.944000000000000000e+04 1.733880000000000088e+00 5.000000000000000000e+01
2.944500000000000000e+04 1.734990000000000032e+00 5.000000000000000000e+01
2.945000000000000000e+04 1.736120000000000108e+00 5.000000000000000000e+01
2.945500000000000000e+04 1.737270000000000092e+00 5.000000000000000000e+01
2.946000000000000000e+04 1.738429999999999920e+00 5.000000000000000000e+01
2.946500000000000000e+04 1.739589999999999970e+00 5.000000000000000000e+01
2.947000000000000000e+04 1.740769999999999929e+00 5.000000000000000000e+01
2.947500000000000000e+04 1.741970000000000018e+00 5.000000000000000000e+01
2.948000000000000000e+04 1.743179999999999952e+00 5.000000000000000000e+01
2.948500000000000000e+04 1.744399999999999951e+00 5.000000000000000000e+01
2.949000000000000000e+04 1.745610000000000106e+00 5.000000000000000000e+01
2.949500000000000000e+04 1.746860000000000079e+00 5.000000000000000000e+01
2.950000000000000000e+04 1.748119999999999896e+00 5.000000000000000000e+01
2.950400000000000000e+04 1.749149999999999983e+00 5.000000000000000000e+01
2.950800000000000000e+04 1.750189999999999912e+00 5.000000000000000000e+01
2.951200000000000000e+04 1.751249999999999973e+00 5.000000000000000000e+01
2.951600000000000000e+04 1.752340000000000009e+00 5.000000000000000000e+01
2.952000000000000000e+04 1.753449999999999953e+00 5.000000000000000000e+01
2.952400000000000000e+04 1.754580000000000028e+00 5.000000000000000000e+01
2.952800000000000000e+04 1.755719999999999947e+00 5.000000000000000000e+01
2.953200000000000000e+04 1.756879999999999997e+00 5.000000000000000000e+01
2.953600000000000000e+04 1.758059999999999956e+00 5.000000000000000000e+01
2.954000000000000000e+04 1.759279999999999955e+00 5.000000000000000000e+01
2.954400000000000000e+04 1.760499999999999954e+00 5.000000000000000000e+01
2.954800000000000000e+04 1.761749999999999927e+00 5.000000000000000000e+01
2.955200000000000000e+04 1.763039999999999941e+00 5.000000000000000000e+01
2.955600000000000000e+04 1.764359999999999928e+00 5.000000000000000000e+01
2.956000000000000000e+04 1.765670000000000073e+00 5.000000000000000000e+01
2.956400000000000000e+04 1.767020000000000035e+00 5.000000000000000000e+01
2.956700000000000000e+04 1.768040000000000056e+00 5.000000000000000000e+01
2.957000000000000000e+04 1.769079999999999986e+00 5.000000000000000000e+01
2.957300000000000000e+04 1.770159999999999956e+00 5.000000000000000000e+01
2.957600000000000000e+04 1.771239999999999926e+00 5.000000000000000000e+01
2.957900000000000000e+04 1.772329999999999961e+00 5.000000000000000000e+01
2.958200000000000000e+04 1.773419999999999996e+00 5.000000000000000000e+01
2.958500000000000000e+04 1.774529999999999941e+00 5.000000000000000000e+01
2.958800000000000000e+04 1.775630000000000042e+00 5.000000000000000000e+01
2.959100000000000000e+04 1.776750000000000052e+00 5.000000000000000000e+01
2.959400000000000000e+04 1.777889999999999970e+00 5.000000000000000000e+01
2.959700000000000000e+04 1.779050000000000020e+00 5.000000000000000000e+01
2.960000000000000000e+04 1.780219999999999914e+00 5.000000000000000000e+01
2.960300000000000000e+04 1.781409999999999938e+00 5.000000000000000000e+01
2.960600000000000000e+04 1.782620000000000093e+00 5.000000000000000000e+01
2.960900000000000000e+04 1.783830000000000027e+00 5.000000000000000000e+01
2.961200000000000000e+04 1.785090000000000066e+00 5.000000000000000000e+01
2.961500000000000000e+04 1.786359999999999948e+00 5.000000000000000000e+01
2.961800000000000000e+04 1.787660000000000027e+00 5.000000000000000000e+01
2.962100000000000000e+04 1.788969999999999949e+00 5.000000000000000000e+01
2.962400000000000000e+04 1.790280000000000094e+00 5.000000000000000000e+01
2.962700000000000000e+04 1.791630000000000056e+00 5.000000000000000000e+01
2.963000000000000000e+04 1.792990000000000084e+00 5.000000000000000000e+01
2.963300000000000000e+04 1.794370000000000021e+00 5.000000000000000000e+01
2.963600000000000000e+04 1.795779999999999932e+00 5.000000000000000000e+01
2.963900000000000000e+04 1.797180000000000000e+00 5.000000000000000000e+01
2.964200000000000000e+04 1.798589999999999911e+00 5.000000000000000000e+01
2.964500000000000000e+04 1.800040000000000084e+00 5.000000000000000000e+01
2.964800000000000000e+04 1.801509999999999945e+00 5.000000000000000000e+01
2.965100000000000000e+04 1.803010000000000002e+00 5.000000000000000000e+01
2.965400000000000000e+04 1.804529999999999967e+00 5.000000000000000000e+01
2.965600000000000000e+04 1.805560000000000054e+00 5.000000000000000000e+01
2.965800000000000000e+04 1.806599999999999984e+00 5.000000000000000000e+01
2.966000000000000000e+04 1.807660000000000045e+00 5.000000000000000000e+01
2.966200000000000000e+04 1.808740000000000014e+00 5.000000000000000000e+01
2.966400000000000000e+04 1.809839999999999893e+00 5.000000000000000000e+01
2.966600000000000000e+04 1.810950000000000060e+00 5.000000000000000000e+01
2.966800000000000000e+04 1.812060000000000004e+00 5.000000000000000000e+01
2.967000000000000000e+04 1.813190000000000079e+00 5.000000000000000000e+01
2.967200000000000000e+04 1.814319999999999933e+00 5.000000000000000000e+01
2.967400000000000000e+04 1.815479999999999983e+00 5.000000000000000000e+01
2.967600000000000000e+04 1.816659999999999942e+00 5.000000000000000000e+01
2.967800000000000000e+04 1.817839999999999900e+00 5.000000000000000000e+01
2.968000000000000000e+04 1.819039999999999990e+00 5.000000000000000000e+01
2.968200000000000000e+04 1.820259999999999989e+00 5.000000000000000000e+01
2.968400000000000000e+04 1.821479999999999988e+00 5.000000000000000000e+01
2.968600000000000000e+04 1.822719999999999896e+00 5.000000000000000000e+01
2.968800000000000000e+04 1.823990000000000000e+00 5.000000000000000000e+01
2.969000000000000000e+04 1.825250000000000039e+00 5.000000000000000000e+01
2.969200000000000000e+04 1.826529999999999987e+00 5.000000000000000000e+01
2.969400000000000000e+04 1.827820000000000000e+00 5.000000000000000000e+01
2.969600000000000000e+04 1.829129999999999923e+00 5.000000000000000000e+01
2.969800000000000000e+04 1.830470000000000041e+00 5.000000000000000000e+01
2.970000000000000000e+04 1.831830000000000069e+00 5.000000000000000000e+01
2.970200000000000000e+04 1.833190000000000097e+00 5.000000000000000000e+01
2.970400000000000000e+04 1.834589999999999943e+00 5.000000000000000000e+01
2.970600000000000000e+04 1.836009999999999920e+00 5.000000000000000000e+01
2.970800000000000000e+04 1.837460000000000093e+00 5.000000000000000000e+01
2.971000000000000000e+04 1.838940000000000019e+00 5.000000000000000000e+01
2.971200000000000000e+04 1.840419999999999945e+00 5.000000000000000000e+01
2.971400000000000000e+04 1.841930000000000067e+00 5.000000000000000000e+01
2.971600000000000000e+04 1.843499999999999917e+00 5.000000000000000000e+01
2.971800000000000000e+04 1.845110000000000028e+00 5.000000000000000000e+01
2.972000000000000000e+04 1.846770000000000023e+00 5.000000000000000000e+01
2.972200000000000000e+04 1.848440000000000083e+00 5.000000000000000000e+01
2.972400000000000000e+04 1.850139999999999896e+00 5.000000000000000000e+01
2.972600000000000000e+04 1.851849999999999996e+00 5.000000000000000000e+01
2.972800000000000000e+04 1.853590000000000071e+00 5.000000000000000000e+01
2.973000000000000000e+04 1.855339999999999989e+00 5.000000000000000000e+01
2.973200000000000000e+04 1.857099999999999973e+00 5.000000000000000000e+01
2.973400000000000000e+04 1.858880000000000088e+00 5.000000000000000000e+01
2.973600000000000000e+04 1.860700000000000021e+00 5.000000000000000000e+01
2.973800000000000000e+04 1.862549999999999928e+00 5.000000000000000000e+01
2.974000000000000000e+04 1.864430000000000032e+00 5.000000000000000000e+01
2.974200000000000000e+04 1.866349999999999953e+00 5.000000000000000000e+01
2.974400000000000000e+04 1.868309999999999915e+00 5.000000000000000000e+01
2.974500000000000000e+04 1.869320000000000093e+00 5.000000000000000000e+01
2.974700000000000000e+04 1.871340000000000003e+00 5.000000000000000000e+01
2.974800000000000000e+04 1.872379999999999933e+00 5.000000000000000000e+01
2.974900000000000000e+04 1.873420000000000085e+00 5.000000000000000000e+01
2.975000000000000000e+04 1.874479999999999924e+00 5.000000000000000000e+01
2.975100000000000000e+04 1.875550000000000050e+00 5.000000000000000000e+01
2.975200000000000000e+04 1.876630000000000020e+00 5.000000000000000000e+01
2.975300000000000000e+04 1.877720000000000056e+00 5.000000000000000000e+01
2.975400000000000000e+04 1.878830000000000000e+00 5.000000000000000000e+01
2.975500000000000000e+04 1.879930000000000101e+00 5.000000000000000000e+01
2.975600000000000000e+04 1.881059999999999954e+00 5.000000000000000000e+01
2.975700000000000000e+04 1.882200000000000095e+00 5.000000000000000000e+01
2.975800000000000000e+04 1.883340000000000014e+00 5.000000000000000000e+01
2.975900000000000000e+04 1.884489999999999998e+00 5.000000000000000000e+01
2.976000000000000000e+04 1.885659999999999892e+00 5.000000000000000000e+01
2.976100000000000000e+04 1.886830000000000007e+00 5.000000000000000000e+01
2.976200000000000000e+04 1.888009999999999966e+00 5.000000000000000000e+01
2.976300000000000000e+04 1.889219999999999899e+00 5.000000000000000000e+01
2.976400000000000000e+04 1.890439999999999898e+00 5.000000000000000000e+01
2.976500000000000000e+04 1.891669999999999963e+00 5.000000000000000000e+01
2.976600000000000000e+04 1.892919999999999936e+00 5.000000000000000000e+01
2.976700000000000000e+04 1.894179999999999975e+00 5.000000000000000000e+01
2.976800000000000000e+04 1.895459999999999923e+00 5.000000000000000000e+01
2.976900000000000000e+04 1.896770000000000067e+00 5.000000000000000000e+01
2.977000000000000000e+04 1.898090000000000055e+00 5.000000000000000000e+01
2.977100000000000000e+04 1.899440000000000017e+00 5.000000000000000000e+01
2.977200000000000000e+04 1.900800000000000045e+00 5.000000000000000000e+01
2.977300000000000000e+04 1.902199999999999891e+00 5.000000000000000000e+01
2.977400000000000000e+04 1.903620000000000090e+00 5.000000000000000000e+01
2.977500000000000000e+04 1.905070000000000041e+00 5.000000000000000000e+01
2.977600000000000000e+04 1.906539999999999901e+00 5.000000000000000000e+01
2.977700000000000000e+04 1.908039999999999958e+00 5.000000000000000000e+01
2.977800000000000000e+04 1.909550000000000081e+00 5.000000000000000000e+01
2.977900000000000000e+04 1.911079999999999890e+00 5.000000000000000000e+01
2.978000000000000000e+04 1.912630000000000052e+00 5.000000000000000000e+01
2.978100000000000000e+04 1.914199999999999902e+00 5.000000000000000000e+01
2.978200000000000000e+04 1.915790000000000104e+00 5.000000000000000000e+01
2.978300000000000000e+04 1.917389999999999928e+00 5.000000000000000000e+01
2.978400000000000000e+04 1.919010000000000105e+00 5.000000000000000000e+01
2.978500000000000000e+04 1.920639999999999903e+00 5.000000000000000000e+01
2.978600000000000000e+04 1.922299999999999898e+00 5.000000000000000000e+01
2.978700000000000000e+04 1.923980000000000024e+00 5.000000000000000000e+01
2.978800000000000000e+04 1.925710000000000033e+00 5.000000000000000000e+01
2.978900000000000000e+04 1.927459999999999951e+00 5.000000000000000000e+01
2.979000000000000000e+04 1.929249999999999909e+00 5.000000000000000000e+01
2.979100000000000000e+04 1.931079999999999908e+00 5.000000000000000000e+01
2.979200000000000000e+04 1.932940000000000103e+00 5.000000000000000000e+01
2.979300000000000000e+04 1.934819999999999984e+00 5.000000000000000000e+01
2.979400000000000000e+04 1.936749999999999972e+00 5.000000000000000000e+01
2.979500000000000000e+04 1.938700000000000090e+00 5.000000000000000000e+01
2.979600000000000000e+04 1.940669999999999895e+00 5.000000000000000000e+01
2.979700000000000000e+04 1.942679999999999962e+00 5.000000000000000000e+01
2.979800000000000000e+04 1.944720000000000004e+00 5.000000000000000000e+01
2.979900000000000000e+04 1.946790000000000020e+00 5.000000000000000000e+01
2.980000000000000000e+04 1.948900000000000077e+00 5.000000000000000000e+01
2.980100000000000000e+04 1.951060000000000016e+00 5.000000000000000000e+01
2.980200000000000000e+04 1.953259999999999996e+00 5.000000000000000000e+01
2.980300000000000000e+04 1.955500000000000016e+00 5.000000000000000000e+01
2.980400000000000000e+04 1.957810000000000050e+00 5.000000000000000000e+01
2.980500000000000000e+04 1.960169999999999968e+00 5.000000000000000000e+01
2.980600000000000000e+04 1.962550000000000017e+00 5.000000000000000000e+01
2.980700000000000000e+04 1.965090000000000003e+00 5.000000000000000000e+01
2.980800000000000000e+04 1.967700000000000005e+00 5.000000000000000000e+01
2.980900000000000000e+04 1.970369999999999955e+00 5.000000000000000000e+01
2.981000000000000000e+04 1.973119999999999985e+00 5.000000000000000000e+01
2.981100000000000000e+04 1.975919999999999899e+00 5.000000000000000000e+01
2.981200000000000000e+04 1.978769999999999918e+00 5.000000000000000000e+01
2.981300000000000000e+04 1.981700000000000017e+00 5.000000000000000000e+01
2.981400000000000000e+04 1.984739999999999949e+00 5.000000000000000000e+01
2.981500000000000000e+04 1.987929999999999975e+00 5.000000000000000000e+01
2.981600000000000000e+04 1.991239999999999899e+00 5.000000000000000000e+01
2.981700000000000000e+04 1.994639999999999969e+00 5.000000000000000000e+01
2.981800000000000000e+04 1.998170000000000002e+00 5.000000000000000000e+01
2.981900000000000000e+04 2.001809999999999867e+00 5.000000000000000000e+01
2.982000000000000000e+04 2.005539999999999878e+00 5.000000000000000000e+01
2.982100000000000000e+04 2.009349999999999969e+00 5.000000000000000000e+01
2.982200000000000000e+04 2.013259999999999827e+00 5.000000000000000000e+01
2.982300000000000000e+04 2.017300000000000093e+00 5.000000000000000000e+01
2.982400000000000000e+04 2.021510000000000140e+00 5.000000000000000000e+01
2.982500000000000000e+04 2.025910000000000100e+00 5.000000000000000000e+01
2.982600000000000000e+04 2.030409999999999826e+00 5.000000000000000000e+01
2.982700000000000000e+04 2.034949999999999815e+00 5.000000000000000000e+01
2.982800000000000000e+04 2.039559999999999818e+00 5.000000000000000000e+01
2.982900000000000000e+04 2.044299999999999784e+00 5.000000000000000000e+01
2.983000000000000000e+04 2.049339999999999939e+00 5.000000000000000000e+01
2.983100000000000000e+04 2.054650000000000087e+00 5.000000000000000000e+01
2.983200000000000000e+04 2.060169999999999835e+00 5.000000000000000000e+01
2.983300000000000000e+04 2.065859999999999808e+00 5.000000000000000000e+01
2.983400000000000000e+04 2.071750000000000203e+00 5.000000000000000000e+01
2.983500000000000000e+04 2.077920000000000211e+00 5.000000000000000000e+01
2.983600000000000000e+04 2.084410000000000096e+00 5.000000000000000000e+01
2.983700000000000000e+04 2.091190000000000104e+00 5.000000000000000000e+01
2.983800000000000000e+04 2.098640000000000061e+00 5.000000000000000000e+01
2.983900000000000000e+04 2.106360000000000010e+00 5.000000000000000000e+01
2.984000000000000000e+04 2.114500000000000046e+00 5.000000000000000000e+01
2.984100000000000000e+04 2.123769999999999936e+00 5.000000000000000000e+01
2.984200000000000000e+04 2.134830000000000005e+00 5.000000000000000000e+01
2.984300000000000000e+04 2.148390000000000022e+00 5.000000000000000000e+01
2.984400000000000000e+04 2.164179999999999993e+00 5.000000000000000000e+01
2.984500000000000000e+04 2.182640000000000136e+00 5.000000000000000000e+01
2.984600000000000000e+04 2.204140000000000210e+00 5.000000000000000000e+01
2.984700000000000000e+04 2.228670000000000151e+00 5.000000000000000000e+01
2.984800000000000000e+04 2.251939999999999831e+00 5.000000000000000000e+01
2.984900000000000000e+04 2.273340000000000138e+00 5.000000000000000000e+01
2.985000000000000000e+04 2.294249999999999901e+00 5.000000000000000000e+01
2.985100000000000000e+04 2.315650000000000208e+00 5.000000000000000000e+01
2.985200000000000000e+04 2.338379999999999903e+00 5.000000000000000000e+01
2.985300000000000000e+04 2.362719999999999931e+00 5.000000000000000000e+01
2.985400000000000000e+04 2.388430000000000053e+00 5.000000000000000000e+01
2.985500000000000000e+04 2.415490000000000137e+00 5.000000000000000000e+01
2.985600000000000000e+04 2.444310000000000205e+00 5.000000000000000000e+01
2.985700000000000000e+04 2.476090000000000124e+00 5.000000000000000000e+01
2.985800000000000000e+04 2.510860000000000092e+00 5.000000000000000000e+01
2.985900000000000000e+04 2.549009999999999998e+00 5.000000000000000000e+01
2.986000000000000000e+04 2.591699999999999893e+00 5.000000000000000000e+01
2.986100000000000000e+04 2.640050000000000008e+00 5.000000000000000000e+01
2.986200000000000000e+04 2.694580000000000197e+00 5.000000000000000000e+01
2.986300000000000000e+04 2.758270000000000000e+00 5.000000000000000000e+01
2.986400000000000000e+04 2.834750000000000103e+00 5.000000000000000000e+01
2.986500000000000000e+04 2.932479999999999976e+00 5.000000000000000000e+01
2.986600000000000000e+04 3.066790000000000127e+00 5.000000000000000000e+01
2.986600000000000000e+04 3.066790000000000127e+00 5.000000000000000000e+01
