5.022265376502494614e-05 1.537315841584225609e+03
8.370442294170823679e-05 9.156207920792492132e+02
1.171861921183915342e-04 7.345336633663624752e+02
1.506679612950748452e-04 6.204920792079566354e+02
1.841497304717581291e-04 5.382891089109100449e+02
2.176314996484414129e-04 4.828722772277484410e+02
2.511132688251247239e-04 4.422920792079352168e+02
2.845950380018080349e-04 4.154257425742727605e+02
3.180768071784912917e-04 3.837475247524953375e+02
3.515585763551746026e-04 3.548762376237790477e+02
3.850403455318579136e-04 3.303356435643697182e+02
4.185221147085412246e-04 3.115693069307089900e+02
4.520038838852244814e-04 2.994594059406085194e+02
4.854856530619077923e-04 2.877504950495115850e+02
5.189674222385910491e-04 2.754000000000160071e+02
5.524491914152743601e-04 2.635306930693194545e+02
5.859309605919576711e-04 2.531049504950645144e+02
6.194127297686409820e-04 2.417970297029801543e+02
6.528944989453242930e-04 2.319326732673374352e+02
6.863762681220076040e-04 2.242336633663393002e+02
7.198580372986909150e-04 2.162940594059549824e+02
7.533398064753741175e-04 2.106801980198060562e+02
7.868215756520574285e-04 2.049059405940752754e+02
8.203033448287407395e-04 1.989712871287180747e+02
8.537851140054240505e-04 1.952821782178276067e+02
8.872668831821073614e-04 1.919138613861542524e+02
9.207486523587906724e-04 1.859792079207970801e+02
9.542304215354739834e-04 1.810871287128778704e+02
9.877121907121571859e-04 1.759544554455546574e+02
1.021193959888840605e-03 1.696990099009981350e+02
1.054675729065523808e-03 1.648871287128743006e+02
1.088157498242207010e-03 1.606366336633715832e+02
1.121639267418890430e-03 1.560653465346606197e+02
1.155121036595573632e-03 1.524564356435744230e+02
1.188602805772257052e-03 1.495693069307001224e+02
1.222084574948940254e-03 1.476445544554505886e+02
1.255566344125623674e-03 1.451584158415888339e+02
1.289048113302306876e-03 1.430732673267396251e+02
1.322529882478990296e-03 1.402663366336695958e+02
1.356011651655673498e-03 1.379405940594164406e+02
1.389493420832356701e-03 1.352138613861418150e+02
1.422975190009040120e-03 1.324069306930717858e+02
1.456456959185723323e-03 1.296000000000106809e+02
1.489938728362406742e-03 1.279158415841651077e+02
1.523420497539089945e-03 1.253495049504990675e+02
1.556902266715773364e-03 1.227029702970376377e+02
1.590384035892456567e-03 1.198158415841633371e+02
1.623865805069139769e-03 1.180514851485134784e+02
1.657347574245823189e-03 1.160465346534774511e+02
1.690829343422506391e-03 1.140415841584147216e+02
1.724311112599189811e-03 1.129990099009945794e+02
1.757792881775873013e-03 1.104326732673374352e+02
1.791274650952556433e-03 1.089089108910915371e+02
1.824756420129239635e-03 1.081871287128796411e+02
1.858238189305922838e-03 1.062623762376211971e+02
1.891719958482606257e-03 1.050594059406013798e+02
1.925201727659289460e-03 1.029742574257521568e+02
1.958683496835972662e-03 1.020118811881184939e+02
1.992165266012656082e-03 1.018514851485188188e+02
2.025647035189339501e-03 1.006485148514900771e+02
2.059128804366022487e-03 9.992673267326928510e+01
2.092610573542705906e-03 9.936534653465706413e+01
2.126092342719389326e-03 9.760099009901610145e+01
2.159574111896072745e-03 9.583663366337515299e+01
2.193055881072755731e-03 9.391188118811670904e+01
2.226537650249439150e-03 9.278910891090117730e+01
2.260019419426122569e-03 9.174653465346321468e+01
2.293501188602805989e-03 9.030297029703942258e+01
2.326982957779488975e-03 8.885940594059781006e+01
2.360464726956172394e-03 8.669405940594431570e+01
2.393946496132855813e-03 8.629306930693176980e+01
2.427428265309538799e-03 8.444851485148652159e+01
2.460910034486222218e-03 8.332574257426207964e+01
2.494391803662905638e-03 8.212277227723335216e+01
2.527873572839589057e-03 8.156138613862111697e+01
2.578096226604613753e-03 7.963663366336713523e+01
2.645059764957980591e-03 7.783217821782848489e+01
2.712023303311346997e-03 7.731089108910950358e+01
2.778986841664713402e-03 7.558663366337070499e+01
2.845950380018080240e-03 7.454405940594163837e+01
2.912913918371446646e-03 7.334108910891735889e+01
2.979877456724813484e-03 7.193762376237789624e+01
3.046840995078179889e-03 7.093514851485544170e+01
3.113804533431546728e-03 6.941138613861845386e+01
3.180768071784913133e-03 6.732623762376479704e+01
3.247731610138279539e-03 6.672475247525042619e+01
3.314695148491646377e-03 6.504059405940930105e+01
3.381658686845012782e-03 6.371732673267413816e+01
3.448622225198379621e-03 6.279504950495151405e+01
3.515585763551746026e-03 6.143168316832310438e+01
3.582549301905112865e-03 6.042920792079173964e+01
3.649512840258479270e-03 5.934653465346944756e+01
3.716476378611845675e-03 5.858465346535094653e+01
3.783439916965212514e-03 5.730148514851347130e+01
3.850403455318578919e-03 5.649950495049728971e+01
3.917366993671945324e-03 5.565742574257895825e+01
3.984330532025312163e-03 5.485544554455831445e+01
4.051294070378679002e-03 5.421386138613735284e+01
4.118257608732044973e-03 5.333168316832132660e+01
4.185221147085411812e-03 5.269009900990481299e+01
4.252184685438778651e-03 5.938663366336713523e+01
4.319148223792145490e-03 5.232920792079441696e+01
4.386111762145511461e-03 5.172772277228004612e+01
4.453075300498878300e-03 5.112623762376568237e+01
4.520038838852245139e-03 5.024405940594075304e+01
4.587002377205611978e-03 4.912128712871631109e+01
4.653965915558977949e-03 4.876039603960590796e+01
4.720929453912344788e-03 4.779801980198114109e+01
4.787892992265711627e-03 4.707623762376478993e+01
4.854856530619077598e-03 4.591336633663820521e+01
4.921820068972444437e-03 4.503118811881327588e+01
4.988783607325811276e-03 4.455000000000089244e+01
5.055747145679178114e-03 4.358762376237611846e+01
5.122710684032544086e-03 4.314653465347033290e+01
5.189674222385910925e-03 4.254504950495151405e+01
5.256637760739277763e-03 4.202376237623698785e+01
5.323601299092643735e-03 4.150247524752690964e+01
5.390564837446010574e-03 4.126188118812294192e+01
5.457528375799377413e-03 4.037970297029801259e+01
5.524491914152744251e-03 4.013910891089405197e+01
5.608196337094452366e-03 3.996534653465587894e+01
5.708641644624501757e-03 3.940396039604068079e+01
5.809086952154552015e-03 3.868217821782285171e+01
5.909532259684601406e-03 3.822772277228004612e+01
6.009977567214651664e-03 3.737227722772470173e+01
6.110422874744701922e-03 3.686435643564273335e+01
6.210868182274751313e-03 3.662376237624173569e+01
6.311313489804801571e-03 3.574158415841532133e+01
6.411758797334850962e-03 3.536732673267680838e+01
6.512204104864901220e-03 3.459207920791981650e+01
6.612649412394950611e-03 3.445841584158823423e+01
6.713094719925000869e-03 3.389702970297008022e+01
6.813540027455051128e-03 3.296138613861637623e+01
6.913985334985100518e-03 3.256039603960383033e+01
7.014430642515150777e-03 3.178514851485277148e+01
7.114875950045200168e-03 3.165148514851822625e+01
7.215321257575250426e-03 3.106336633663493885e+01
7.315766565105299817e-03 3.052871287128784417e+01
7.416211872635350075e-03 3.020792079207958736e+01
7.516657180165400333e-03 2.991386138613943046e+01
7.617102487695449724e-03 2.943267326732853206e+01
7.717547795225499982e-03 2.900495049505085277e+01
7.817993102755549373e-03 2.863069306930937330e+01
7.918438410285598764e-03 2.841683168316756891e+01
8.018883717815649889e-03 2.863069306930937330e+01
8.119329025345699280e-03 2.774851485148593255e+01
8.219774332875748671e-03 2.750792079208196483e+01
8.320219640405799796e-03 2.713366336633751530e+01
8.420664947935849187e-03 2.689306930693057751e+01
8.521110255465898578e-03 2.673267326732793947e+01
8.638296447584290980e-03 2.640519801980340020e+01
8.772223524291022922e-03 2.632500000000133511e+01
8.906150600997756600e-03 2.606435643564407201e+01
9.040077677704490278e-03 2.584381188118895167e+01
9.174004754411223955e-03 2.554306930693399380e+01
9.307931831117955898e-03 2.498168316831732128e+01
9.441858907824689576e-03 2.438019801980295398e+01
9.575785984531423253e-03 2.383886138613957684e+01
9.709713061238155196e-03 2.365841584158437882e+01
9.843640137944888874e-03 2.281633663366381981e+01
9.977567214651622551e-03 2.249554455445779055e+01
1.011149429135835623e-02 2.241534653465350146e+01
1.024542136806508817e-02 2.163341584158616016e+01
1.037934844477182185e-02 2.151311881188194874e+01
1.051327552147855553e-02 2.115222772277377672e+01
1.064720259818528747e-02 2.093168316831642883e+01
1.078112967489202115e-02 2.067103960396139328e+01
1.091505675159875483e-02 2.045049504950627295e+01
1.104898382830548850e-02 2.025000000000000000e+01
1.119965178960056172e-02 2.000138613861471271e+01
1.136706063548397969e-02 1.964851485148652444e+01
1.153446948136739592e-02 1.947207920792242675e+01
1.170187832725081215e-02 1.948811881188150608e+01
1.186928717313422837e-02 1.937584158415905833e+01
1.203669601901764460e-02 1.892673267326928155e+01
1.220410486490106083e-02 1.858990099009838914e+01
1.237151371078447706e-02 1.870217821782261325e+01
1.253892255666789503e-02 1.839742574257521568e+01
1.270633140255131126e-02 1.793227722772457966e+01
1.287374024843472749e-02 1.772376237623699069e+01
1.304114909431814372e-02 1.749920792079388221e+01
1.320855794020155995e-02 1.714633663366391048e+01
1.337596678608497618e-02 1.703405940594146628e+01
1.354337563196839241e-02 1.695386138613895355e+01
1.371078447785181037e-02 1.658495049504990604e+01
1.387819332373522660e-02 1.624811881188257345e+01
1.406234305420698411e-02 1.581237623762506317e+01
1.426323366926708462e-02 1.601287128712836960e+01
1.446412428432718340e-02 1.570544554455564601e+01
1.466501489938728392e-02 1.545148514851614685e+01
1.486590551444738270e-02 1.543811881188061541e+01
1.506679612950748322e-02 1.510396039604127871e+01
1.526768674456758373e-02 1.463613861386146020e+01
1.546857735962768252e-02 1.443564356435667051e+01
1.566946797468778130e-02 1.443564356435815377e+01
1.587035858974788355e-02 1.432871287128725157e+01
1.607124920480798233e-02 1.404801980198114109e+01
1.627213981986808111e-02 1.382079207920825503e+01
1.647303043492817989e-02 1.387425742574296628e+01
1.667392104998828214e-02 1.371386138613883787e+01
1.687481166504838093e-02 1.341980198019867743e+01
1.709244316469682098e-02 1.323267326732751314e+01
1.731007466434526451e-02 1.337970297029801614e+01
1.752770616399370457e-02 1.314101838755372675e+01
1.776207854823048937e-02 1.306082036775197963e+01
1.799645093246727071e-02 1.304936350777993681e+01
1.823082331670405551e-02 1.256817538896691921e+01
1.846519570094083684e-02 1.270565770862887156e+01
1.869956808517762165e-02 1.254526166902538087e+01
1.893394046941440298e-02 1.243069306930751061e+01
1.916831285365118778e-02 1.205261669024031868e+01
1.940268523788796912e-02 1.185785007072197494e+01
1.963705762212475392e-02 1.175473833097614573e+01
1.988817089094987653e-02 1.124777227722889528e+01
2.015602504436334388e-02 1.120767326732675073e+01
2.042387919777681124e-02 1.096707920792167101e+01
2.069173335119027859e-02 1.086683168316853454e+01
2.095958750460374248e-02 1.079665841584200692e+01
2.122744165801720984e-02 1.068638613861444675e+01
2.149529581143067719e-02 1.070643564356440613e+01
2.176314996484414108e-02 1.030544554455519979e+01
2.203100411825760843e-02 1.033551980198069664e+01
2.229885827167107579e-02 1.025532178217863155e+01
2.256671242508454314e-02 1.017512376237656824e+01
2.285130746308634830e-02 9.882178217822456645e+00
2.315264338567649821e-02 9.882178217822456645e+00
2.345397930826664812e-02 9.757425742574307392e+00
2.375531523085679803e-02 9.597029702970672815e+00
2.405665115344694793e-02 9.588118811881306769e+00
2.435798707603709784e-02 9.525742574257726858e+00
2.465932299862724775e-02 9.311881188119878416e+00
2.496065892121739765e-02 9.240594059405944805e+00
2.526199484380754756e-02 9.008910891089366046e+00
2.556333076639769747e-02 8.973267326733882499e+00
2.586466668898784738e-02 8.973267326732893068e+00
2.618274349616633856e-02 8.821782178218130710e+00
2.651756118793317102e-02 8.877920792079352807e+00
2.685237887970000348e-02 8.773663366337336456e+00
2.718719657146683594e-02 8.573168316831955238e+00
2.752201426323366840e-02 8.452871287129081423e+00
2.785683195500050086e-02 8.300495049505382639e+00
2.819164964676733678e-02 8.228316831683303079e+00
2.854320822312251052e-02 7.968766876688097689e+00
2.889476679947768425e-02 8.051881188119207167e+00
2.924632537583285799e-02 7.873987398740002419e+00
2.961462483677637647e-02 7.706300630063161350e+00
2.998292429771989148e-02 7.684428442844619234e+00
3.035122375866340649e-02 7.604230423042757536e+00
3.071952321960692497e-02 7.472997299730693932e+00
3.108782268055043999e-02 7.458415841584459471e+00
3.145612214149395847e-02 7.370927092709480100e+00
3.182442160243747348e-02 7.370927092709480100e+00
3.220946194796932976e-02 7.144306930693296032e+00
3.261124317808952733e-02 7.137623762377013570e+00
3.301302440820973183e-02 7.003960396039498271e+00
3.341480563832992939e-02 7.057425742574949368e+00
3.381658686845012696e-02 6.883663366336772782e+00
3.421836809857033146e-02 7.090841584158585675e+00
3.462014932869052902e-02 6.897029702970820964e+00
3.502193055881072659e-02 6.803465346534708580e+00
3.542371178893092415e-02 6.776732673267354734e+00
3.582549301905112865e-02 6.689851485149008070e+00
3.622727424917132621e-02 6.723267326733386895e+00
3.662905547929152378e-02 6.709900990099338713e+00
3.704757759400006956e-02 6.483701447067533152e+00
3.748284059329694967e-02 6.489870525514702670e+00
3.791810359259382979e-02 6.335643564356716162e+00
3.835336659189071684e-02 6.323305407463748473e+00
3.880537047577593823e-02 6.089321074965114988e+00
3.927411524424950784e-02 5.963295615275839623e+00
3.974286001272307051e-02 5.900282885432155844e+00
4.021160478119664011e-02 5.969024045261861033e+00
4.068034954967020278e-02 5.837270155587200193e+00
4.116583520273211366e-02 5.704752475247992116e+00
4.165132085579401761e-02 5.797171145685690696e+00
4.213680650885592849e-02 5.587128712871927583e+00
4.263903304650618065e-02 5.533663366336921463e+00
4.314125958415642587e-02 5.549702970297185622e+00
4.364348612180667802e-02 5.421386138613883965e+00
4.414571265945692324e-02 5.405346534653618917e+00
4.464793919710717540e-02 5.410693069307238368e+00
4.516690661934576884e-02 5.298081683168423872e+00
4.570261492617269661e-02 5.318131188119496144e+00
4.623832323299963132e-02 5.313118811881171411e+00
4.677403153982656603e-02 5.247957920792411635e+00
4.730973984665349380e-02 5.182797029703095859e+00
4.784544815348042851e-02 5.042450495050040615e+00
4.838115646030736322e-02 5.042450495049483727e+00
4.891686476713429793e-02 5.072524752475535692e+00
4.946931395854956698e-02 4.972277227722988968e+00
5.003850403455318424e-02 4.915666860803884930e+00
5.060769411055680150e-02 4.892079207920794204e+00
5.117688418656041877e-02 4.934536983110253239e+00
5.174607426256403603e-02 4.745835760047096841e+00
5.231526433856765329e-02 4.807163657542400159e+00
5.290119529915960489e-02 4.575742574257628092e+00
5.348712625975156343e-02 4.755270821200019427e+00
5.407305722034352197e-02 4.633663366337020584e+00
5.469246995011216306e-02 4.377123501823867890e+00
5.531188267988080415e-02 4.531188118812284671e+00
5.591455452506110396e-02 4.544554455445343422e+00
5.653396725482974505e-02 4.368681605003301271e+00
5.717012086918672742e-02 4.347576862949072307e+00
5.780627448354370979e-02 4.220948410631195635e+00
5.845916898248903343e-02 4.210396039604128227e+00
5.912880436602269835e-02 4.170297029702873637e+00
5.979843974955636327e-02 4.170297029702873637e+00
6.045133424850169385e-02 4.263157894737779507e+00
6.110422874744701749e-02 4.170297029702873637e+00
6.179060501556902368e-02 3.933521923621436933e+00
6.247698128369102988e-02 4.090099009900364457e+00
6.314661666722469480e-02 4.090099009901254412e+00
6.383299293534670793e-02 3.933521923621436933e+00
6.453611008805705540e-02 3.933521923621436933e+00
6.523922724076740287e-02 3.971711456859879252e+00
6.585863997053603702e-02 5.212871287128591824e+00
6.646131181571633684e-02 4.049999999999999822e+00
6.713094719925000176e-02 4.009900990099635187e+00
6.783406435196036310e-02 3.827632763276480166e+00
6.855392238925904491e-02 3.933521923621436933e+00
6.927378042655774060e-02 3.754725472546926124e+00
6.999363846385643628e-02 3.818953323904414887e+00
7.071349650115511809e-02 3.791179117911702701e+00
7.145009542304214811e-02 3.718271827182958678e+00
7.218669434492919201e-02 3.718271827182958678e+00
7.294003415140455637e-02 3.556607834696743353e+00
7.369337395787993461e-02 3.681818181818181657e+00
7.446345464894364718e-02 3.475247524752394401e+00
7.525027622459570797e-02 3.486870426173596549e+00
7.603709780024776876e-02 3.475247524752394401e+00
7.684066026048816389e-02 3.408415841584378825e+00
7.764422272072855902e-02 3.408415841584378825e+00
7.844778518096896802e-02 3.441831683168015577e+00
7.926808852579769749e-02 3.304158415842007201e+00
8.010513275521478904e-02 3.240000000000000213e+00
8.094217698463186672e-02 3.272079207921003707e+00
8.177922121404894440e-02 3.272079207921003707e+00
8.261626544346603596e-02 3.272079207921003707e+00
8.345330967288311363e-02 3.240000000000000213e+00
8.430709478688853953e-02 3.177075399848083848e+00
8.517762078548229976e-02 3.177075399847399062e+00
8.603140589948772565e-02 3.207920792079708594e+00
8.688519101349315155e-02 3.115384615384614975e+00
8.775571701208691178e-02 3.177075399848083848e+00
8.864298389526902022e-02 3.089108910891016802e+00
8.953025077845112867e-02 3.146230007616349411e+00
9.041751766163323711e-02 3.059405940593791229e+00
9.130478454481534556e-02 3.115384615385300204e+00
9.219205142799745401e-02 3.000000000000000000e+00
9.309605919576791067e-02 3.000000000000000000e+00
9.401680784812670166e-02 2.921499292786610358e+00
9.495429738507382700e-02 2.978783592644909106e+00
9.589178692202096621e-02 2.950141442716077922e+00
9.682927645896809155e-02 2.921499292786610358e+00
9.780024776509191331e-02 2.753465346534412550e+00
9.877121907121572120e-02 2.921499292786610358e+00
9.972544949275119475e-02 2.848412427450006223e+00
1.007131616834633508e-01 2.753465346535005853e+00
1.017176147587638552e-01 2.753465346534412550e+00
1.027220678340643456e-01 2.726732673267503237e+00
1.037265209093648499e-01 2.726732673267503237e+00
1.047309739846653542e-01 2.699999999999999734e+00
1.057354270599658447e-01 2.699999999999999734e+00
1.067566210198546833e-01 2.612903225807026164e+00
1.077778149797435359e-01 2.699999999999999734e+00
1.087822680550440263e-01 2.753465346534412550e+00
1.098034620149328650e-01 2.612903225807026164e+00
1.108581377439983862e-01 2.531250000000000000e+00
1.119128134730639212e-01 2.638773554775002861e+00
1.129674892021294424e-01 2.556311881188284119e+00
1.140221649311949637e-01 2.612903225806451513e+00
1.150935815448488331e-01 2.503150315031284379e+00
1.161649981585026886e-01 2.638773554775002861e+00
1.172196738875682237e-01 2.506188118812272325e+00
1.183078313858104275e-01 2.478847884788638822e+00
1.193792479994642969e-01 2.612903225806451513e+00
1.204506646131181524e-01 2.503150315031823947e+00
1.215388221113603701e-01 2.556311881187727675e+00
1.226269796096025738e-01 2.478847884788638822e+00
1.237318779924331258e-01 2.430243024302809474e+00
1.248367763752636639e-01 2.454545454545454142e+00
1.259416747580942297e-01 2.430243024302809474e+00
1.270633140255131022e-01 2.429528246942128433e+00
1.282184350621086710e-01 2.337199434229288109e+00
1.293902969832926020e-01 2.291371994342648932e+00
1.305621589044765052e-01 2.314285714285714057e+00
1.317340208256604361e-01 2.360113154172353678e+00
1.329058827468443393e-01 2.314285714286222984e+00
1.340944855526166046e-01 2.294554455445343422e+00
1.353165701275655386e-01 2.210864329676353712e+00
1.365553955871028347e-01 2.189189189189189033e+00
1.377774801620517686e-01 2.250000000000494715e+00
1.389995647370007026e-01 2.189189189189189033e+00
1.402383901965379986e-01 2.189189189189189033e+00
1.414939565406636013e-01 2.152683689421712732e+00
1.427495228847892317e-01 2.210864329676353712e+00
1.439883483443265277e-01 2.189189189189189033e+00
1.452271738038637960e-01 2.189189189189189033e+00
1.464827401479894264e-01 2.131578947368421240e+00
1.477383064921150568e-01 2.167514048702505747e+00
1.490273546054173559e-01 2.065099009900809079e+00
1.503331436033079893e-01 2.131578947368889754e+00
1.516221917166103161e-01 2.097486671744233089e+00
1.529112398299126152e-01 2.131578947368421240e+00
1.542170288278032486e-01 2.045049504950627206e+00
1.555395587102822441e-01 2.076923076923077094e+00
1.568453477081729053e-01 2.118050266564932560e+00
1.581511367060635387e-01 2.076923076923533618e+00
1.594736665885425342e-01 2.045049504950627206e+00
1.608296782401981984e-01 2.014730741366643318e+00
1.621689490072655560e-01 2.076923076923077094e+00
1.635082197743328858e-01 1.995170248732319296e+00
1.648809723105768843e-01 1.956049263463236931e+00
1.662537248468209106e-01 1.975609756097560954e+00
1.676432182676532712e-01 1.966760961810718467e+00
1.690661934576623004e-01 1.883720930232558155e+00
1.704891686476713297e-01 1.947666195191073424e+00
1.719121438376803868e-01 1.902371632512211308e+00
1.733351190276894160e-01 1.947666195191073424e+00
1.747580942176984731e-01 1.883720930232558155e+00
1.761978102922958367e-01 1.902371632512211308e+00
1.776710081360698967e-01 1.817821782178335344e+00
1.791776877490206532e-01 1.817821782177939438e+00
1.806508855927947133e-01 1.883720930232972268e+00
1.821073425519804390e-01 1.859135913591479339e+00
1.835972812803428611e-01 1.835643564356275181e+00
1.850872200087052555e-01 1.840909090909090828e+00
1.865604178524793155e-01 1.822682268227107105e+00
1.880336156962534033e-01 1.859135913591479339e+00
1.895402953092041320e-01 1.778303917348371677e+00
1.910469749221548885e-01 1.859135913591479339e+00
1.925703954196939793e-01 1.723404255319148870e+00
1.940770750326447358e-01 1.902371632512211308e+00
1.955670137610071302e-01 1.795738269478964533e+00
1.970904342585462210e-01 1.800000000000000044e+00
1.986138547560853118e-01 1.778303917348371677e+00
2.001372752536244026e-01 1.782178217822060429e+00
2.016774366357518278e-01 1.740467663787768071e+00
2.032678206716442837e-01 1.704207920792189412e+00
2.048582047075367396e-01 1.740467663787768071e+00
2.064318478588408612e-01 1.740467663787388819e+00
2.080054910101449828e-01 1.706340846850908699e+00
2.095958750460374387e-01 1.720915841584378825e+00
2.112029999665182289e-01 1.687500000000000000e+00
2.127933840024106849e-01 1.740467663787768071e+00
2.144172498074798372e-01 1.636039603960501854e+00
2.160913382663139926e-01 1.620000000000000107e+00
2.177319449559714792e-01 1.687500000000000000e+00
2.193725516456289659e-01 1.620000000000000107e+00
2.210633809890514556e-01 1.572510192195935463e+00
2.227207285632972766e-01 1.687500000000000000e+00
2.243948170221314597e-01 1.557692307692307487e+00
2.261023872501422838e-01 1.620000000000000107e+00
2.277932165935648012e-01 1.588235294117996244e+00
2.294840459369873187e-01 1.620000000000000107e+00
2.312083570495865048e-01 1.543433588641982990e+00
2.329661499313623596e-01 1.573115003808174706e+00
2.346737201593732114e-01 1.636039603960145472e+00
2.363812903873840632e-01 1.557692307692650102e+00
2.381223423845716114e-01 1.573115003808174706e+00
2.399136170355241626e-01 1.487308730872859863e+00
2.417048916864767139e-01 1.557692307692650102e+00
2.434459436836642343e-01 1.573115003808174706e+00
2.452037365654401169e-01 1.543433588641646814e+00
2.469447885626276373e-01 1.572510192195935463e+00
2.487025814444035199e-01 1.529702970297225573e+00
2.505105969799444332e-01 1.500000000000000000e+00
2.523353534000736809e-01 1.472727272727272885e+00
2.541601098202028730e-01 1.514851485148612786e+00
2.559848662403321207e-01 1.472727272727272885e+00
2.578096226604613683e-01 1.500000000000000000e+00
2.596343790805906160e-01 1.472727272727272885e+00
2.614926172698965323e-01 1.432107496464155583e+00
2.633675963437908107e-01 1.446428571428571397e+00
2.652090936485083650e-01 1.500000000000000000e+00
2.670673318378143368e-01 1.421052631579259762e+00
2.689757926808852839e-01 1.421052631578947345e+00
2.708675126393678689e-01 1.460749646393305179e+00
2.727927143670271781e-01 1.372881355932203284e+00
2.747179160946864318e-01 1.446428571428571397e+00
2.766263769377573789e-01 1.396551724137931050e+00
2.785683195500049947e-01 1.382724479344701995e+00
2.804767803930759973e-01 1.446428571428571397e+00
2.823517594669702202e-01 1.446428571428571397e+00
2.842937020792178915e-01 1.349999999999999867e+00
2.862523855760538138e-01 1.406982803543731952e+00
2.882110690728897917e-01 1.349999999999999867e+00
2.902032343389024938e-01 1.359288471220215566e+00
2.922121404895034469e-01 1.327868852459016313e+00
2.942043057555161489e-01 1.396551724137931050e+00
2.961462483677637647e-01 1.396551724137931050e+00
2.981049318645997426e-01 1.372881355932203284e+00
3.000803562460240270e-01 1.359288471220215566e+00
3.020557806274483670e-01 1.372881355932203284e+00
3.040144641242843448e-01 1.396551724137931050e+00
3.059731476211203227e-01 1.372881355932203284e+00
3.079987946563096379e-01 1.306451612903513082e+00
3.100746643452639839e-01 1.319386777387501430e+00
3.121505340342183854e-01 1.306451612903225756e+00
3.141929219539960627e-01 1.349999999999999867e+00
3.162353098737737400e-01 1.306451612903225756e+00
3.182776977935514173e-01 1.336633663366545210e+00
3.203033448287407325e-01 1.327868852459016313e+00
3.223792145176951340e-01 1.298444130127382357e+00
3.245387886295911795e-01 1.227272727272727071e+00
3.267318445106639491e-01 1.246153846153845945e+00
3.288579368533833258e-01 1.306451612903225756e+00
3.309672883115143960e-01 1.253094059406136163e+00
3.331268624234104414e-01 1.246153846153845945e+00
3.352696956507181802e-01 1.272984441301471481e+00
3.374460106472025878e-01 1.208955223880596952e+00
3.396892891820403881e-01 1.208955223880596952e+00
3.419158268322898264e-01 1.227272727272727071e+00
3.440921418287742339e-01 1.253094059406136163e+00
3.462684568252586415e-01 1.227272727272727071e+00
3.484782535909197176e-01 1.239423942394319411e+00
3.507047912411691559e-01 1.220925077582464047e+00
3.529480697760069563e-01 1.220925077582464047e+00
3.552248300800214253e-01 1.185535944898914229e+00
3.574848494994475323e-01 1.239423942394049627e+00
3.596779053805203019e-01 1.233815689261426263e+00
3.619379247999464089e-01 1.157142857142857029e+00
3.641644624501958472e-01 1.272984441301471481e+00
3.663407774466803102e-01 1.208955223880596952e+00
3.686175377506947237e-01 1.173913043478260754e+00
3.709110389392975549e-01 1.191176470588235281e+00
3.731375765895469931e-01 1.233815689261426263e+00
3.753306324706197628e-01 1.227272727272727071e+00
3.776073927746342318e-01 1.157142857142857029e+00
3.799343757324136761e-01 1.162290142057865516e+00
3.822780995747815380e-01 1.152140566169367331e+00
3.846050825325610378e-01 1.202970297029518854e+00
3.869655472595172063e-01 1.098603010986201500e+00
3.893929755248267122e-01 1.125000000000000000e+00
3.917032175980179054e-01 1.215121512151404737e+00
3.939632370174440124e-01 1.185535944898914229e+00
3.963404426289885429e-01 1.109589041095890405e+00
3.988013526634747175e-01 1.094594594594594517e+00
4.012287809287842788e-01 1.140845070422535246e+00
4.035725047711520852e-01 1.173913043478260754e+00
4.058994877289315850e-01 1.145685997171324466e+00
4.083101751096527843e-01 1.094594594594594517e+00
4.106706398366089528e-01 1.196985370178995867e+00
4.130311045635651213e-01 1.105432164837936160e+00
4.155254963672280200e-01 1.069306930693236124e+00
4.179864064017142500e-01 1.125000000000000000e+00
4.204138346670238113e-01 1.098603010986201500e+00
4.228412629323333172e-01 1.125000000000000000e+00
4.249506143904643873e-01 1.500000000000000000e+00
4.270097431948304267e-01 1.173913043478260754e+00
4.293869488063749018e-01 1.098603010986201500e+00
4.317976361870961011e-01 1.152140566169367331e+00
4.341915826832289937e-01 1.136138613861459534e+00
4.365687882947734688e-01 1.168599717114389813e+00
4.389627347909063615e-01 1.109589041096134432e+00
4.413901630562158673e-01 1.125000000000000000e+00
4.438343322061137908e-01 1.094594594594594517e+00
4.463622057789533581e-01 1.051948051948051965e+00
4.488565975826162568e-01 1.113861386138787601e+00
4.513007667325141248e-01 1.094594594594594517e+00
4.537449358824120482e-01 1.136138613861459534e+00
4.561891050323099162e-01 1.094594594594594517e+00
4.587169786051494835e-01 1.051948051948051965e+00
4.612448521779891064e-01 1.094594594594594517e+00
4.637225030970636430e-01 1.083757024351252873e+00
4.661834131315498730e-01 1.109589041095890405e+00
4.687447684735661646e-01 1.002475247524908797e+00
4.714065691231124622e-01 1.035468103772469561e+00
4.739679244651287537e-01 1.094594594594594517e+00
4.764790571533799590e-01 1.065789473684210620e+00
4.790738942645729193e-01 1.025316455696202445e+00
4.816687313757658795e-01 1.065789473684210620e+00
4.842133458331938090e-01 1.055237102657798909e+00
4.867579602906217384e-01 1.065789473684210620e+00
4.893193156326380300e-01 1.041532724701204060e+00
4.918137074363009287e-01 1.125000000000000000e+00
4.943248401245521895e-01 1.048743335872116544e+00
4.969196772357451497e-01 1.062363379195131019e+00
4.994810325777613857e-01 1.065789473684210620e+00
5.020423879197777328e-01 1.051948051948051965e+00
5.045870023772056623e-01 1.079999999999999849e+00
5.071650986038102049e-01 1.025316455696202445e+00
5.097431948304148586e-01 1.080000000000237437e+00
5.122878092878427880e-01 1.062363379194899871e+00
5.149161281682124169e-01 1.002475247524908797e+00
5.175444470485820458e-01 1.051948051948051965e+00
5.201058023905983374e-01 1.055237102657798909e+00
5.226838986172028800e-01 1.048743335872116544e+00
5.252285130746308095e-01 1.094594594594594517e+00
5.278233501858238252e-01 1.000000000000000000e+00
5.304684099507818162e-01 1.051948051948051965e+00
5.330297652927981078e-01 1.055237102657798909e+00
5.356413432885793746e-01 1.022524752475313603e+00
5.383366257073023409e-01 1.009900990098855367e+00
5.409984263568486940e-01 1.028179741051188589e+00
5.435765225834533476e-01 1.065789473684210620e+00
5.461546188100578902e-01 1.028179741051188589e+00
5.488164194596042433e-01 1.000000000000000000e+00
5.514279974553855102e-01 1.090693069307001162e+00
5.540228345665785259e-01 1.022524752475313603e+00
5.567013761007131301e-01 1.022524752475313603e+00
5.593296949810827590e-01 1.051948051948051965e+00
5.619077912076874126e-01 1.051948051948051965e+00
5.644691465497037042e-01 1.076341844710856366e+00
5.670305018917199957e-01 1.051948051948051965e+00
5.696755616566779867e-01 1.000000000000000000e+00
5.723373623062242288e-01 1.028179741051188589e+00
5.749489403020056066e-01 1.048743335872116544e+00
5.775270365286101493e-01 1.065789473684210620e+00
5.800549101014497166e-01 1.090693069307001162e+00
5.825158201359359467e-01 1.125000000000000000e+00
5.850102119395989009e-01 1.051948051948051965e+00
5.875883081662035545e-01 1.051948051948051965e+00
5.901664043928080972e-01 1.051948051948283114e+00
5.927445006194127508e-01 1.051948051948051965e+00
5.952891150768406803e-01 1.079999999999999849e+00
5.978337295342686097e-01 1.041532724701204060e+00
6.004453075300498766e-01 1.025316455696202445e+00
6.030568855258311434e-01 1.051948051948051965e+00
6.056349817524357970e-01 1.051948051948051965e+00
6.081795962098637265e-01 1.069306930693236124e+00
6.107242106672916560e-01 1.051948051948051965e+00
6.133357886630729228e-01 1.035468103772469561e+00
6.159306257742659385e-01 1.065789473684210620e+00
6.185254628854588432e-01 1.025316455696202445e+00
6.210868182274751348e-01 1.094594594594594517e+00
6.235979509157263401e-01 1.055237102657798909e+00
6.261258244885660185e-01 1.079999999999999849e+00
6.286704389459939479e-01 1.051948051948051965e+00
6.312317942880101285e-01 1.055237102657798909e+00
6.337261860916730827e-01 1.109589041095890405e+00
6.362038370107476748e-01 1.079999999999999849e+00
6.387149696989988801e-01 1.069306930693236124e+00
6.411758797334851101e-01 1.125000000000000000e+00
6.436033079987946159e-01 1.109589041095890405e+00
6.460642180332808460e-01 1.083757024351252873e+00
6.484916462985904628e-01 1.152140566169116642e+00
6.508855927947232445e-01 1.125000000000247358e+00
6.532962801754444992e-01 1.125000000000000000e+00
6.556902266715772809e-01 1.140845070422535246e+00
6.580339505139451983e-01 1.173913043478260754e+00
6.604111561254896179e-01 1.109589041095890405e+00
6.627883617370341485e-01 1.162290142057865516e+00
6.651655673485786791e-01 1.109589041095890405e+00
6.675427729601232096e-01 1.162290142057865516e+00
6.698864968024910160e-01 1.152140566169367331e+00
6.722637024140355466e-01 1.152140566169116642e+00
6.746409080255800772e-01 1.129549574675953627e+00
6.770181136371246078e-01 1.140845070422535246e+00
6.793953192486691384e-01 1.140845070422535246e+00
6.817390430910369448e-01 1.162290142057865516e+00
6.840827669334047512e-01 1.152140566169367331e+00
6.864264907757725576e-01 1.185535944898914229e+00
6.887702146181404750e-01 1.152140566169367331e+00
6.911139384605082814e-01 1.173913043478260754e+00
6.934074396491111125e-01 1.191176470588235281e+00
6.956841999531254706e-01 1.191176470588235281e+00
6.979274784879633264e-01 1.215121512151404737e+00
7.002209796765661576e-01 1.152140566169367331e+00
7.024977399805806266e-01 1.258492003046265850e+00
7.046907958616532852e-01 1.227272727272997077e+00
7.069005926273144169e-01 1.227272727272727071e+00
7.091103893929755486e-01 1.227272727272727071e+00
7.112532226202832319e-01 1.293516448419237408e+00
7.134295376167676395e-01 1.202970297029518854e+00
7.156058526132520470e-01 1.293516448419237408e+00
7.176649814176181419e-01 1.327868852459016313e+00
7.197241102219841258e-01 1.306451612903225756e+00
7.217999799109384718e-01 1.306451612903513082e+00
7.238423678307162046e-01 1.349999999999999867e+00
7.259014966350821885e-01 1.285714285714285809e+00
7.279941072086248965e-01 1.306451612903225756e+00
7.300364951284026294e-01 1.349999999999999867e+00
7.319951786252385517e-01 1.406982803543731952e+00
7.339538621220745851e-01 1.349999999999999867e+00
7.359962500418522069e-01 1.293516448419237408e+00
7.380721197308065529e-01 1.319386777387214105e+00
7.400977667659959236e-01 1.359288471220215566e+00
7.421066729165969322e-01 1.327868852459016313e+00
7.440653564134328546e-01 1.432107496464155583e+00
7.459905581410921638e-01 1.386474240644493205e+00
7.479492416379281972e-01 1.396551724137931050e+00
7.499246660193524816e-01 1.349999999999999867e+00
7.519335721699534902e-01 1.363366336633751619e+00
7.538922556667894126e-01 1.421052631578947345e+00
7.557839756252719976e-01 1.446428571428571397e+00
7.576924364683429447e-01 1.396551724137931050e+00
7.595841564268256407e-01 1.472727272727596404e+00
7.614758763853082257e-01 1.410378968931466970e+00
7.633341145746140866e-01 1.528301886792452713e+00
7.651421301101549721e-01 1.472727272727272885e+00
7.669836274148725819e-01 1.487308730873183382e+00
7.687916429504134674e-01 1.543433588641982990e+00
7.705829176013661019e-01 1.514851485148612786e+00
7.723741922523186254e-01 1.528301886792452713e+00
7.741152442495061736e-01 1.588235294117646967e+00
7.758228144775169977e-01 1.588235294117646967e+00
7.774969029363512085e-01 1.636694281673320761e+00
7.791375096260085842e-01 1.653061224489795755e+00
7.807446345464894577e-01 1.723404255319148870e+00
7.823350185823818581e-01 1.670792079208181402e+00
7.839421435028627316e-01 1.704207920792189412e+00
7.855660093079318562e-01 1.669428167306271193e+00
7.871396524592358945e-01 1.782178217822060429e+00
7.886295911875983444e-01 1.840909090909090828e+00
7.901530116851374075e-01 1.723404255319148870e+00
7.917099139518531947e-01 1.743435213086798274e+00
7.932165935648040067e-01 1.859135913591479339e+00
7.946897914085779835e-01 1.877362736273463062e+00
7.961462483677637092e-01 1.883720930232972268e+00
7.976027053269494349e-01 1.877362736273463062e+00
7.990424214015469095e-01 1.909476661952207444e+00
8.004486557069675490e-01 1.928571428571428603e+00
8.018716308969765505e-01 1.883720930232558155e+00
8.032778652023973009e-01 1.956049263463236931e+00
8.046840995078179404e-01 1.921022334791450570e+00
8.061405564670036661e-01 1.859135913591479339e+00
8.075300498878360544e-01 2.056359482102377179e+00
8.088525797703151055e-01 2.045049504950627206e+00
8.101918505373824075e-01 2.024999999999999911e+00
8.114976395352730965e-01 2.131578947368421240e+00
8.127866876485753123e-01 2.118050266565389084e+00
8.140924766464660012e-01 2.097486671743776565e+00
8.153647838751799659e-01 2.189189189189670426e+00
8.165868684501289554e-01 2.272277227722919068e+00
8.177587303713128586e-01 2.382352941176470562e+00
8.189305922924967618e-01 2.272277227722919068e+00
8.201359359828573892e-01 2.294554455445343422e+00
8.213077979040412924e-01 2.382352941176470562e+00
8.224294371714601093e-01 2.430243024302809474e+00
8.235510764388790372e-01 2.453115899825219604e+00
8.246727157062979652e-01 2.454545454545454142e+00
8.257776140891284200e-01 2.454545454545994154e+00
8.268825124719589859e-01 2.478847884788638822e+00
8.279706699702011896e-01 2.581373762376011793e+00
8.290253456992667802e-01 2.612903225806451513e+00
8.300800214283322598e-01 2.506188118812272325e+00
8.311514380419861014e-01 2.606435643564295912e+00
8.322228546556400541e-01 2.531250000000000000e+00
8.332775303847055337e-01 2.587032896838474816e+00
8.343154652291827622e-01 2.664643883743554653e+00
8.353868818428366039e-01 2.478847884788099254e+00
8.364582984564904455e-01 2.587032896838474816e+00
8.375129741855559251e-01 2.606435643564295912e+00
8.385676499146215157e-01 2.587032896838474816e+00
8.396223256436869953e-01 2.581373762376011793e+00
8.406770013727525859e-01 2.638773554775002861e+00
8.417149362172297034e-01 2.587032896838474816e+00
8.427696119462952939e-01 2.531250000000000000e+00
8.438410285599491356e-01 2.581373762376568237e+00
8.448957042890146152e-01 2.664643883742980002e+00
8.459336391334918437e-01 2.664643883743554653e+00
8.469715739779689612e-01 2.638773554775002861e+00
8.479927679378578276e-01 2.699999999999999734e+00
8.490139618977466940e-01 2.664643883743554653e+00
8.500184149730471983e-01 2.793103448275862100e+00
8.510061271637593405e-01 2.699999999999999734e+00
8.520273211236482069e-01 2.664643883743554653e+00
8.530485150835369623e-01 2.726732673266909490e+00
8.540529681588374666e-01 2.673267326733090421e+00
8.550574212341379710e-01 2.699999999999999734e+00
8.560618743094384753e-01 2.699999999999999734e+00
8.570663273847389796e-01 2.700000000000593481e+00
8.580875213446278460e-01 2.664643883742980002e+00
8.590919744199283503e-01 2.820757937862933939e+00
8.600629457260521304e-01 2.765448958689403991e+00
8.610506579167642727e-01 2.780198019801915166e+00
8.620885927612415012e-01 2.581373762376011793e+00
8.631097867211303676e-01 2.765448958689403991e+00
8.640807580272541477e-01 2.820757937862933939e+00
8.650852111025546520e-01 2.664643883742980002e+00
8.661064050624435184e-01 2.753465346535005853e+00
8.671275990223323848e-01 2.638773554775002861e+00
8.681655338668095023e-01 2.664643883743554653e+00
8.691867278266983687e-01 2.753465346534412550e+00
8.701911809019988731e-01 2.726732673267503237e+00
8.711788930927110153e-01 2.848412427450006223e+00
8.721331235142465443e-01 2.892857142857142794e+00
8.730873539357819624e-01 2.876066917036463888e+00
8.740583252419057425e-01 2.820757937862933939e+00
8.749958147788529095e-01 3.029702970297225573e+00
8.759165634312117144e-01 2.950141442716077922e+00
8.767703485452171819e-01 3.591476538957929066e+00
8.776073927746341763e-01 3.059405940594451145e+00
8.785114005424046191e-01 3.029702970297225573e+00
8.793986674255868108e-01 3.115384615384614975e+00
8.802859343087688915e-01 3.059405940594451145e+00
8.811899420765393343e-01 3.029702970297225573e+00
8.821106907288981391e-01 2.978783592644909106e+00
8.830314393812569440e-01 3.089108910891016802e+00
8.839187062644390247e-01 3.084539223153565768e+00
8.847892322630327433e-01 3.115384615384614975e+00
8.856597582616265729e-01 3.115384615384614975e+00
8.865302842602202915e-01 3.115384615384614975e+00
8.874008102588141211e-01 3.146230007616349411e+00
8.882713362574078397e-01 3.084539223153565768e+00
8.891418622560015583e-01 3.146230007616349411e+00
8.900123882545953879e-01 3.177075399847399062e+00
8.908829142531891065e-01 3.177075399848083848e+00
8.917534402517829362e-01 3.146230007616349411e+00
8.926072253657882927e-01 3.240000000000000213e+00
8.934442695952053981e-01 3.272079207921003707e+00
8.942813138246225035e-01 3.304158415841295326e+00
8.951183580540396090e-01 3.272079207921003707e+00
8.959554022834566034e-01 3.272079207921003707e+00
8.967757056282853467e-01 3.341584158416362804e+00
8.975960089731140901e-01 3.304158415841295326e+00
8.984163123179428334e-01 3.375000000000741629e+00
8.992198747781833257e-01 3.375000000000000000e+00
9.000234372384237069e-01 3.375000000000000000e+00
9.008269996986640882e-01 3.441831683168757650e+00
9.016305621589044694e-01 3.475247524752394401e+00
9.024341246191448507e-01 3.475247524752394401e+00
9.032209461947969809e-01 3.556607834696743353e+00
9.039910268858606379e-01 3.521739130434782261e+00
9.047611075769244060e-01 3.591476538958703557e+00
9.055311882679880631e-01 3.591476538957929066e+00
9.063012689590518312e-01 3.626345243220663761e+00
9.070713496501154882e-01 3.626345243219890158e+00
9.078246894565908942e-01 3.645364536454214210e+00
9.085612883784779381e-01 3.718271827182958678e+00
9.092978873003649820e-01 3.718271827182149103e+00
9.100344862222520259e-01 3.718271827182958678e+00
9.107710851441390698e-01 3.791179117912512719e+00
9.115076840660260027e-01 3.681818181818181657e+00
9.122442829879130466e-01 3.754725472546926124e+00
9.129808819098000905e-01 3.791179117912512719e+00
9.137007399470987723e-01 3.895332390382146848e+00
9.144038570998092030e-01 3.857142857142857206e+00
9.151069742525195228e-01 3.933521923620589167e+00
9.158100914052298425e-01 3.971711456860727019e+00
9.165132085579401622e-01 4.009900990099168894e+00
9.172163257106505929e-01 4.009900990099168894e+00
9.179027019787725505e-01 4.090099009901254412e+00
9.185723373623062571e-01 4.170297029702873637e+00
9.192252318612516016e-01 4.305367378843425463e+00
9.198613854756085839e-01 4.305367378843425463e+00
9.204975390899655663e-01 4.389786347055656179e+00
9.211336927043225486e-01 4.347576862950009335e+00
9.217531054340911689e-01 4.589108910890686843e+00
9.223557772792714271e-01 4.633663366337515299e+00
9.229584491244516853e-01 4.722772277227213600e+00
9.235443800850436924e-01 4.811881188119122577e+00
9.241135701610473374e-01 4.906231799651487258e+00
9.246827602370508714e-01 4.953407105416620659e+00
9.252352094284661543e-01 5.112623762376568237e+00
9.257709177352931862e-01 5.062500000000000000e+00
9.263066260421201070e-01 5.162747524752023587e+00
9.268423343489470279e-01 5.212871287129704712e+00
9.273780426557739487e-01 5.162747524752023587e+00
9.278970100780125074e-01 5.346534653466180842e+00
9.284159775002510662e-01 5.313118811881728298e+00
9.289349449224897359e-01 5.399999999999999467e+00
9.294371714601399326e-01 5.399999999999999467e+00
9.299393979977902402e-01 5.453465346535006475e+00
9.304416245354404369e-01 5.453465346535006475e+00
9.309438510730907446e-01 5.506930693068825100e+00
9.314460776107409412e-01 5.560396039605018714e+00
9.319483041483912489e-01 5.613861386138837339e+00
9.324505306860414455e-01 5.560396039603830332e+00
9.329527572236917532e-01 5.613861386138837339e+00
9.334549837613419498e-01 5.667326732673842571e+00
9.339572102989921465e-01 5.720792079207662084e+00
9.344594368366424542e-01 5.667326732673842571e+00
9.349616633742926508e-01 5.667326732673842571e+00
9.354638899119429585e-01 5.560396039603830332e+00
9.359661164495931551e-01 5.667326732673842571e+00
9.364683429872434628e-01 5.667326732672655965e+00
9.369705695248936594e-01 5.667326732673842571e+00
9.374727960625439671e-01 5.613861386138837339e+00
9.379750226001941638e-01 5.667326732673842571e+00
9.384772491378444714e-01 5.560396039603830332e+00
9.389794756754946681e-01 5.667326732673842571e+00
9.394817022131449757e-01 5.613861386138837339e+00
9.399839287507951724e-01 5.667326732673842571e+00
9.404861552884454801e-01 5.613861386138837339e+00
9.409883818260956767e-01 5.506930693068825100e+00
9.414906083637459844e-01 5.560396039605018714e+00
9.419928349013961810e-01 5.560396039603830332e+00
9.424783205544581266e-01 5.785714285714285587e+00
9.429470653229317101e-01 5.728429985856622331e+00
9.434325509759935446e-01 5.774257425742668204e+00
9.439347775136438523e-01 5.667326732673842571e+00
9.444202631667056869e-01 5.785714285714285587e+00
9.448890079351792703e-01 5.842998585573220716e+00
9.453577527036528538e-01 5.957567185289818212e+00
9.458264974721264373e-01 5.900282885432155844e+00
9.462952422406000208e-01 5.842998585571948844e+00
9.467639870090736043e-01 5.957567185291090972e+00
9.472327317775470767e-01 6.014851485148754229e+00
9.477014765460206602e-01 6.072135785007689357e+00
9.481702213144942437e-01 6.186704384724286854e+00
9.486389660829678272e-01 6.129420084865352614e+00
9.490909699668530486e-01 6.230769230769229949e+00
9.495262329661499079e-01 6.292460015232698822e+00
9.499614959654467672e-01 6.292460015232698822e+00
9.503967589647437375e-01 6.415841584158266109e+00
9.508320219640405968e-01 6.539223153085203855e+00
9.512672849633374561e-01 6.600913937548672727e+00
9.517025479626343154e-01 6.600913937547302268e+00
9.521210700773429236e-01 6.816831683168757650e+00
9.525228513074630587e-01 6.883663366337515299e+00
9.529246325375833049e-01 6.750000000000000000e+00
9.533264137677034400e-01 6.883663366336031153e+00
9.537281949978236861e-01 6.816831683168757650e+00
9.541299762279439323e-01 6.816831683168757650e+00
9.545317574580640674e-01 6.750000000000000000e+00
9.549335386881843135e-01 6.950495049506272949e+00
9.553353199183044486e-01 6.750000000000000000e+00
9.557371011484246948e-01 6.816831683168757650e+00
9.561556232631331920e-01 6.662604722010770253e+00
9.565741453778418002e-01 6.816831683168757650e+00
9.569759266079619353e-01 6.883663366336031153e+00
9.573777078380821814e-01 7.017326732673546452e+00
9.577794890682023166e-01 7.017326732673546452e+00
9.581812702983225627e-01 7.084158415842304102e+00
9.585830515284428088e-01 7.217821782178335255e+00
9.589848327585629439e-01 7.217821782178335255e+00
9.593698731040948280e-01 7.290729072908428421e+00
9.597381725650383499e-01 7.509450945095470509e+00
9.601064720259818719e-01 7.436543654364298206e+00
9.604747714869253938e-01 7.509450945095470509e+00
9.608430709478689158e-01 7.582358235823405401e+00
9.612113704088124377e-01 7.509450945095470509e+00
9.615796698697559597e-01 7.655265526552960331e+00
9.619479693306994816e-01 7.728172817282513485e+00
9.623162687916430036e-01 7.873987398740002419e+00
9.626845682525864145e-01 7.873987398740002419e+00
9.630361268289416854e-01 8.019801980199270375e+00
9.633709445207084832e-01 8.180198019800728915e+00
9.637057622124752809e-01 8.180198019802508824e+00
9.640405799042421897e-01 8.500990099010763856e+00
9.643753975960089875e-01 8.260396039605018004e+00
9.647102152877757852e-01 8.340594059405747274e+00
9.650450329795426940e-01 8.500990099010763856e+00
9.653798506713094918e-01 8.340594059405747274e+00
9.657146683630762896e-01 8.500990099010763856e+00
9.660494860548430873e-01 8.420792079208256453e+00
9.663843037466099961e-01 8.500990099010763856e+00
9.667191214383767939e-01 8.420792079208256453e+00
9.670539391301435916e-01 8.500990099008983947e+00
9.673887568219105004e-01 8.581188118813274812e+00
9.677235745136772982e-01 8.581188118811493126e+00
9.680583922054440960e-01 8.741584158416511485e+00
9.683932098972110047e-01 8.581188118811493126e+00
9.687280275889778025e-01 8.741584158416511485e+00
9.690628452807446003e-01 8.741584158416511485e+00
9.693809220879231470e-01 9.000000000000000000e+00
9.696822580105132205e-01 9.000000000000000000e+00
9.699835939331034051e-01 9.000000000001978862e+00
9.702849298556935898e-01 9.178217821781373686e+00
9.705862657782837744e-01 9.356435643564728011e+00
9.708876017008738479e-01 9.267326732675030598e+00
9.711889376234640325e-01 9.445544554454427200e+00
9.714902735460542171e-01 9.623762376237779748e+00
9.717916094686442907e-01 9.980198019802509535e+00
9.720762045066461132e-01 1.012500000000222578e+01
9.723607995446479357e-01 9.980198019802509535e+00
9.726453945826497582e-01 1.022524752475313647e+01
9.729299896206515808e-01 9.980198019800528897e+00
9.732145846586534033e-01 1.022524752475313647e+01
9.734824388120668637e-01 1.032549504950627295e+01
9.737502929654803241e-01 1.042574257425718365e+01
9.740181471188937845e-01 1.032549504950627295e+01
9.742860012723072449e-01 1.052599009901032012e+01
9.745538554257207053e-01 1.052599009901032012e+01
9.748217095791341658e-01 1.062623762376345660e+01
9.750895637325476262e-01 1.062623762376123082e+01
9.753574178859610866e-01 1.062623762376345660e+01
9.756252720393745470e-01 1.092698019802063847e+01
9.758931261927880074e-01 1.072648514851436552e+01
9.761609803462014678e-01 1.092698019802063847e+01
9.764288344996149283e-01 1.082673267326750199e+01
9.766966886530283887e-01 1.122772277227782212e+01
9.769645428064418491e-01 1.122772277227782212e+01
9.772156560752670584e-01 1.145685997171324466e+01
9.774500284595037947e-01 1.180056577086176617e+01
9.776844008437405309e-01 1.180056577086431169e+01
9.779187732279773781e-01 1.202970297029750846e+01
9.781531456122141144e-01 1.180056577086431169e+01
9.783875179964509616e-01 1.214427157001283497e+01
9.786218903806876979e-01 1.225884016973324897e+01
9.788562627649245451e-01 1.237340876944857371e+01
9.790906351491612813e-01 1.271711456859964251e+01
9.793250075333980176e-01 1.271711456859964251e+01
9.795593799176348648e-01 1.306082036775325150e+01
9.797937523018716011e-01 1.317538896746857802e+01
9.800281246861084483e-01 1.328995756718644827e+01
9.802624970703451845e-01 1.328995756718390275e+01
9.804801285699936697e-01 1.363366336633751530e+01
9.806810191850537928e-01 1.363366336633751530e+01
9.808819098001138048e-01 1.403465346534709290e+01
9.810828004151739279e-01 1.390099009901254590e+01
9.812836910302340510e-01 1.390099009900957761e+01
9.814845816452941740e-01 1.416831683168460820e+01
9.816854722603541861e-01 1.416831683168163991e+01
9.818863628754143091e-01 1.430198019802212350e+01
9.820872534904744322e-01 1.430198019801915521e+01
9.822881441055345553e-01 1.456930693069418403e+01
9.824890347205946783e-01 1.456930693069418403e+01
9.826899253356546904e-01 1.497029702970376341e+01
9.828908159507148135e-01 1.456930693069418403e+01
9.830917065657749365e-01 1.497029702970376341e+01
9.832925971808350596e-01 1.523762376237582572e+01
9.834934877958951827e-01 1.537128712871334102e+01
9.836943784109551947e-01 1.563861386138837162e+01
9.838952690260153178e-01 1.577227722772291862e+01
9.840961596410754408e-01 1.603960396039498093e+01
9.842803093715472018e-01 1.764356435643804133e+01
9.844477182174306007e-01 1.668118811881149455e+01
9.846151270633139996e-01 1.668118811881149455e+01
9.847825359091973985e-01 1.700198019802152771e+01
9.849499447550809084e-01 1.700198019802152771e+01
9.851173536009643072e-01 1.732277227722800461e+01
9.852847624468477061e-01 1.732277227722800461e+01
9.854521712927311050e-01 1.732277227722800461e+01
9.856195801386145039e-01 1.780396039604305969e+01
9.857869889844979028e-01 1.780396039603949632e+01
9.859543978303814127e-01 1.812475247524953659e+01
9.861218066762648116e-01 1.844554455445600993e+01
9.862892155221482104e-01 1.860594059405746847e+01
9.864566243680316093e-01 1.860594059406102829e+01
9.866240332139150082e-01 1.892673267326750164e+01
9.867914420597984071e-01 1.924752475247753836e+01
9.869588509056818060e-01 1.940792079207899690e+01
9.871262597515653159e-01 1.956831683168401526e+01
9.872936685974487148e-01 1.940792079208255672e+01
9.874610774433321136e-01 2.004950495049551051e+01
9.876284862892155125e-01 2.020990099009696195e+01
9.877791542505105493e-01 2.065099009901254590e+01
9.879130813272173350e-01 2.085148514851436730e+01
9.880470084039240097e-01 2.125247524752691319e+01
9.881809354806307955e-01 2.185396039604127694e+01
9.883148625573375812e-01 2.225495049504937128e+01
9.884487896340442559e-01 2.265594059406191718e+01
9.885827167107510416e-01 2.285643564356373858e+01
9.887166437874577163e-01 2.325742574257628448e+01
9.888505708641645020e-01 2.365841584158437882e+01
9.889844979408711767e-01 2.446039603960501907e+01
9.891184250175779624e-01 2.446039603960501907e+01
9.892523520942846371e-01 2.506188118811938281e+01
9.893862791709914228e-01 2.586386138614002306e+01
9.895202062476980975e-01 2.646534653465439035e+01
9.896541333244048833e-01 2.626485148515256896e+01
9.897880604011115580e-01 2.706683168316875765e+01
9.899052465932299816e-01 2.726732673267503060e+01
9.900056919007600431e-01 2.780198019801915521e+01
9.901061372082901046e-01 2.887128712871334102e+01
9.902065825158201662e-01 2.887128712871334102e+01
9.903070278233502277e-01 2.913861386138836806e+01
9.904074731308802892e-01 2.913861386138836806e+01
9.905079184384102398e-01 2.967326732673249623e+01
9.906083637459403013e-01 2.940594059406339866e+01
9.907088090534703628e-01 2.994059405940752683e+01
9.908092543610004244e-01 3.047524752475165144e+01
9.909096996685304859e-01 3.100990099010171264e+01
9.910101449760605474e-01 3.127722772277080665e+01
9.911105902835906090e-01 3.181188118812086785e+01
9.912110355911206705e-01 3.234653465347092549e+01
9.913114808986507320e-01 3.234653465346499246e+01
9.914119262061806825e-01 3.368316831683421242e+01
9.915123715137107441e-01 3.395049504950330288e+01
9.916128168212408056e-01 3.475247524752839468e+01
9.917132621287708671e-01 3.501980198019749224e+01
9.918137074363009287e-01 3.501980198020342527e+01
9.919141527438309902e-01 3.608910891089167450e+01
9.920145980513610517e-01 3.635643564356670510e+01
9.921150433588911133e-01 3.689108910891083326e+01
9.922154886664211748e-01 3.769306930692998492e+01
9.923159339739512363e-01 3.742574257426088735e+01
9.924163792814811869e-01 3.769306930692998492e+01
9.925168245890112484e-01 3.876237623763010731e+01
9.926172698965413099e-01 3.929702970296830244e+01
9.927177152040713715e-01 4.009900990099339424e+01
9.928181605116014330e-01 4.063366336633751530e+01
9.929018649345431324e-01 4.130198019802509179e+01
9.929688284728964698e-01 4.170297029702873459e+01
9.930357920112499182e-01 4.250495049505382639e+01
9.931027555496032555e-01 4.330693069307000798e+01
9.931697190879565929e-01 4.410891089108619667e+01
9.932366826263099302e-01 4.450990099010764567e+01
9.933036461646633786e-01 4.450990099009874257e+01
9.933706097030167159e-01 4.531188118812383436e+01
9.934375732413700533e-01 4.531188118811493126e+01
9.935045367797233906e-01 4.651485148515256896e+01
9.935715003180768390e-01 4.731683168316875765e+01
9.936384638564301763e-01 4.731683168316875765e+01
9.937054273947835137e-01 4.811881188119384944e+01
9.937723909331369621e-01 4.892079207921003814e+01
9.938393544714902994e-01 4.892079207921003814e+01
9.939063180098436368e-01 4.972277227722621973e+01
9.939732815481969741e-01 5.092574257426385742e+01
9.940402450865504225e-01 5.052475247525131152e+01
9.941072086249037598e-01 5.132673267326750022e+01
9.941741721632570972e-01 5.172772277228004612e+01
9.942411357016104345e-01 5.252970297029623481e+01
9.943080992399638829e-01 5.373267326733387250e+01
9.943750627783172202e-01 5.453465346535006120e+01
9.944420263166705576e-01 5.453465346535006120e+01
9.945089898550238949e-01 5.613861386138243148e+01
9.945759533933773433e-01 5.694059405940752328e+01
9.946429169317306807e-01 5.814356435644516097e+01
9.947098804700840180e-01 5.934653465346499246e+01
9.947768440084373553e-01 5.934653465346499246e+01
9.948438075467908037e-01 6.054950495050263015e+01
9.949107710851441411e-01 6.295544554455118913e+01
9.949777346234974784e-01 6.455940594060137983e+01
9.950446981618509268e-01 6.656435643564628890e+01
9.951116617002042641e-01 6.696534653465883480e+01
9.951786252385576015e-01 6.816831683167866629e+01
9.952455887769109388e-01 6.856930693070012239e+01
9.953125523152643872e-01 6.977227722772884988e+01
9.953795158536177246e-01 7.017326732673249978e+01
9.954464793919710619e-01 7.057425742574504568e+01
9.955134429303243992e-01 7.137623762377013747e+01
9.955804064686778476e-01 7.298019801980250065e+01
9.956473700070311850e-01 7.418316831683124235e+01
9.957143335453845223e-01 7.538613861386888004e+01
9.957812970837378597e-01 7.699009900990125743e+01
9.958482606220913080e-01 7.859405940594253082e+01
9.958984832758562833e-01 8.100000000001780620e+01
9.959487059296213696e-01 8.100000000000000000e+01
9.959989285833863448e-01 8.340594059405746918e+01
9.960324103525630690e-01 8.340594059407527538e+01
9.960658921217396822e-01 8.500990099008984657e+01
9.960993738909164064e-01 8.581188118813274457e+01
9.961328556600931305e-01 8.661386138614001595e+01
9.961663374292697437e-01 8.741584158416510775e+01
9.961998191984464679e-01 8.901980198019748514e+01
9.962333009676230811e-01 8.821782178219019954e+01
9.962667827367998052e-01 9.062376237622986253e+01
9.963002645059765294e-01 9.142574257427276052e+01
9.963337462751531426e-01 9.142574257425495432e+01
9.963672280443298668e-01 9.222772277228004612e+01
9.964007098135065910e-01 9.383168316831242350e+01
9.964341915826832041e-01 9.383168316833022971e+01
9.964676733518599283e-01 9.463366336633751530e+01
9.965011551210365415e-01 9.703960396039498448e+01
9.965346368902132657e-01 9.784158415842007628e+01
9.965681186593899898e-01 9.864356435644516807e+01
9.966016004285666030e-01 1.002475247524775313e+02
9.966350821977433272e-01 1.010495049505026230e+02
9.966685639669200514e-01 1.026534653465350004e+02
9.967020457360966645e-01 1.050594059406102758e+02
9.967355275052733887e-01 1.058613861386175614e+02
9.967690092744501129e-01 1.082673267326750306e+02
9.968024910436267261e-01 1.090693069307001224e+02
9.968359728128034503e-01 1.122772277227648630e+02
9.968694545819800634e-01 1.138811881188328528e+02
9.969029363511567876e-01 1.162871287128725157e+02
9.969364181203335118e-01 1.178910891089048931e+02
9.969698998895101250e-01 1.202970297029801685e+02
9.970033816586868491e-01 1.210990099010052603e+02
9.970368634278635733e-01 1.227029702970198315e+02
9.970703451970401865e-01 1.243069306930878213e+02
9.971038269662169107e-01 1.259108910891023783e+02
9.971373087353935238e-01 1.275148514851703681e+02
9.971707905045702480e-01 1.283168316831598474e+02
9.972042722737469722e-01 1.299207920792278514e+02
9.972377540429235854e-01 1.307227722772173308e+02
9.972712358121003096e-01 1.331287128712925778e+02
9.973047175812770337e-01 1.347326732673427614e+02
9.973381993504536469e-01 1.387425742574326080e+02
9.973716811196303711e-01 1.403465346534649996e+02
9.974051628888070953e-01 1.435544554455475463e+02
9.974386446579837084e-01 1.467623762376300931e+02
9.974721264271604326e-01 1.491683168317053685e+02
9.975056081963370458e-01 1.507722772277199397e+02
9.975390899655137700e-01 1.547821782178276067e+02
9.975725717346904942e-01 1.563861386138777902e+02
9.976060535038671073e-01 1.579900990098923330e+02
9.976395352730438315e-01 1.611980198019927002e+02
9.976730170422205557e-01 1.636039603960501836e+02
9.977064988113971689e-01 1.660099009901076386e+02
9.977399805805738930e-01 1.692178217821902138e+02
9.977734623497505062e-01 1.732277227722800319e+02
9.978069441189272304e-01 1.764356435643626071e+02
9.978404258881039546e-01 1.796435643564451539e+02
9.978739076572805677e-01 1.852574257425851840e+02
9.979073894264572919e-01 1.892673267326750306e+02
9.979408711956340161e-01 1.908712871287252142e+02
9.979743529648106293e-01 2.037029702970376377e+02
9.980078347339873535e-01 2.093168316831776679e+02
9.980413165031640776e-01 2.141287128712925778e+02
9.980747982723406908e-01 2.205445544554576998e+02
9.981082800415174150e-01 2.245544554455475463e+02
9.981417618106940282e-01 2.285643564356551849e+02
9.981752435798707523e-01 2.349801980198203069e+02
9.982087253490474765e-01 2.438019801980250918e+02
9.982422071182240897e-01 2.558316831683302155e+02
9.982756888874008139e-01 2.654554455445600638e+02
9.983091706565775381e-01 2.726732673267503060e+02
9.983426524257541512e-01 2.830990099010052745e+02
9.983761341949308754e-01 2.919207920792100026e+02
9.984096159641074886e-01 2.991386138614002448e+02
9.984430977332842128e-01 3.055544554455653383e+02
9.984765795024609369e-01 3.135742574257450315e+02
9.985100612716375501e-01 3.240000000000355840e+02
9.985435430408142743e-01 3.376336633663553357e+02
9.985770248099909985e-01 3.528712871287252142e+02
9.986105065791676116e-01 3.608910891089049073e+02
9.986439883483443358e-01 3.640990099010052745e+02
9.986774701175210600e-01 3.697128712871452763e+02
9.987109518866976732e-01 3.801386138614002448e+02
9.987444336558743974e-01 4.041980198020104922e+02
9.987779154250510105e-01 4.258514851485455210e+02
9.988113971942277347e-01 4.426930693069299991e+02
9.988448789634044589e-01 4.563267326732852780e+02
9.988783607325810721e-01 4.723663366337158891e+02
9.989118425017577962e-01 4.948217821782403689e+02
9.989453242709345204e-01 5.204851485148652728e+02
9.989788060401111336e-01 5.437425742574504284e+02
9.990122878092878578e-01 5.974752475247753409e+02
9.990457695784644709e-01 6.191287128713104266e+02
9.990792513476411951e-01 6.528118811881505508e+02
9.991127331168179193e-01 7.434356435643803707e+02
9.991462148859945325e-01 8.869900990099457658e+02
9.991796966551712567e-01 1.087485148514900857e+03
9.992131784243479808e-01 1.266326732673320976e+03
9.992466601935245940e-01 1.480455445544631402e+03
9.992801419627013182e-01 1.724257425742656324e+03
9.993136237318780424e-01 1.967257425742656324e+03
9.993471055010546555e-01 1.866207920792135837e+03
9.993805872702313797e-01 1.716237623762476687e+03
9.994140690394079929e-01 1.676940594059460864e+03
9.994475508085847171e-01 1.716237623762476687e+03
9.994810325777614413e-01 1.822900990099065893e+03
9.995145143469380544e-01 1.952019801980286502e+03
9.995479961161147786e-01 2.061891089109011773e+03
9.995814778852915028e-01 2.170158415841686747e+03
9.996149596544681160e-01 2.311306930693176582e+03
9.996484414236448401e-01 2.548693069307036694e+03
9.996819231928214533e-01 2.788485148514972025e+03
9.997154049619981775e-01 3.059554455445671920e+03
9.997488867311749017e-01 3.423653465346677422e+03
9.997823685003515148e-01 3.877574257425922951e+03
9.998158502695282390e-01 4.373198019802188355e+03
9.998493320387049632e-01 5.107811881188328698e+03
9.998828138078815764e-01 6.133544554455725120e+03
9.999162955770583006e-01 7.837752475247860275e+03
9.999497773462350247e-01 1.077139603960444765e+04
9.999665182308232758e-01 nan
