5.000000000000000000e+00 4.746279999999999943e-01 3.999989999999999668e+01
1.000000000000000000e+01 4.988400000000000056e-01 3.999989999999999668e+01
1.500000000000000000e+01 5.152600000000000513e-01 3.999989999999999668e+01
2.000000000000000000e+01 5.279369999999999896e-01 3.999989999999999668e+01
2.500000000000000000e+01 5.387370000000000214e-01 3.999989999999999668e+01
3.000000000000000000e+01 5.479920000000000346e-01 3.999989999999999668e+01
3.500000000000000000e+01 5.562319999999999487e-01 3.999989999999999668e+01
4.000000000000000000e+01 5.643460000000000143e-01 3.999989999999999668e+01
4.500000000000000000e+01 5.713939999999999575e-01 3.999989999999999668e+01
5.000000000000000000e+01 5.777189999999999825e-01 3.999989999999999668e+01
5.500000000000000000e+01 5.835759999999999836e-01 3.999989999999999668e+01
6.000000000000000000e+01 5.891579999999999595e-01 3.999989999999999668e+01
6.500000000000000000e+01 5.944300000000000139e-01 3.999989999999999668e+01
7.000000000000000000e+01 5.993880000000000319e-01 3.999989999999999668e+01
7.500000000000000000e+01 6.040400000000000214e-01 3.999989999999999668e+01
8.000000000000000000e+01 6.084429999999999561e-01 3.999989999999999668e+01
8.500000000000000000e+01 6.126460000000000239e-01 3.999989999999999668e+01
9.000000000000000000e+01 6.166989999999999972e-01 3.999989999999999668e+01
9.500000000000000000e+01 6.206249999999999822e-01 3.999989999999999668e+01
1.000000000000000000e+02 6.244459999999999456e-01 3.999989999999999668e+01
1.050000000000000000e+02 6.281039999999999957e-01 3.999989999999999668e+01
1.100000000000000000e+02 6.315770000000000550e-01 3.999989999999999668e+01
1.150000000000000000e+02 6.348859999999999504e-01 3.999989999999999668e+01
1.200000000000000000e+02 6.380719999999999725e-01 3.999989999999999668e+01
1.250000000000000000e+02 6.411489999999999689e-01 3.999989999999999668e+01
1.300000000000000000e+02 6.441550000000000331e-01 3.999989999999999668e+01
1.350000000000000000e+02 6.471090000000000453e-01 3.999989999999999668e+01
1.400000000000000000e+02 6.499770000000000270e-01 3.999989999999999668e+01
1.450000000000000000e+02 6.527770000000000516e-01 3.999989999999999668e+01
1.500000000000000000e+02 6.554950000000000498e-01 3.999989999999999668e+01
1.550000000000000000e+02 6.581139999999999768e-01 3.999989999999999668e+01
1.600000000000000000e+02 6.606670000000000043e-01 3.999989999999999668e+01
1.650000000000000000e+02 6.631390000000000340e-01 3.999989999999999668e+01
1.700000000000000000e+02 6.655419999999999670e-01 3.999989999999999668e+01
1.750000000000000000e+02 6.678889999999999549e-01 3.999989999999999668e+01
1.800000000000000000e+02 6.701869999999999772e-01 3.999989999999999668e+01
1.850000000000000000e+02 6.724390000000000089e-01 3.999989999999999668e+01
1.900000000000000000e+02 6.746389999999999887e-01 3.999989999999999668e+01
1.950000000000000000e+02 6.768049999999999899e-01 3.999989999999999668e+01
2.000000000000000000e+02 6.789450000000000207e-01 3.999989999999999668e+01
2.050000000000000000e+02 6.810570000000000235e-01 3.999989999999999668e+01
2.100000000000000000e+02 6.831380000000000230e-01 3.999989999999999668e+01
2.150000000000000000e+02 6.851779999999999538e-01 3.999989999999999668e+01
2.200000000000000000e+02 6.871639999999999970e-01 3.999989999999999668e+01
2.250000000000000000e+02 6.891100000000000003e-01 3.999989999999999668e+01
2.300000000000000000e+02 6.910070000000000379e-01 3.999989999999999668e+01
2.350000000000000000e+02 6.928339999999999499e-01 3.999989999999999668e+01
2.400000000000000000e+02 6.946269999999999945e-01 3.999989999999999668e+01
2.450000000000000000e+02 6.963890000000000358e-01 3.999989999999999668e+01
2.500000000000000000e+02 6.981180000000000163e-01 3.999989999999999668e+01
2.550000000000000000e+02 6.998140000000000471e-01 3.999989999999999668e+01
2.600000000000000000e+02 7.014909999999999757e-01 3.999989999999999668e+01
2.650000000000000000e+02 7.031450000000000200e-01 3.999989999999999668e+01
2.700000000000000000e+02 7.047949999999999493e-01 3.999989999999999668e+01
2.750000000000000000e+02 7.064179999999999904e-01 3.999989999999999668e+01
2.800000000000000000e+02 7.080030000000000490e-01 3.999989999999999668e+01
2.850000000000000000e+02 7.095719999999999805e-01 3.999989999999999668e+01
2.900000000000000000e+02 7.111300000000000399e-01 3.999989999999999668e+01
2.950000000000000000e+02 7.126630000000000464e-01 3.999989999999999668e+01
3.000000000000000000e+02 7.141619999999999635e-01 3.999989999999999668e+01
3.050000000000000000e+02 7.156350000000000211e-01 3.999989999999999668e+01
3.100000000000000000e+02 7.170769999999999644e-01 3.999989999999999668e+01
3.150000000000000000e+02 7.185059999999999780e-01 3.999989999999999668e+01
3.200000000000000000e+02 7.199069999999999636e-01 3.999989999999999668e+01
3.250000000000000000e+02 7.212720000000000242e-01 3.999989999999999668e+01
3.300000000000000000e+02 7.226280000000000481e-01 3.999989999999999668e+01
3.350000000000000000e+02 7.239759999999999529e-01 3.999989999999999668e+01
3.400000000000000000e+02 7.253070000000000350e-01 3.999989999999999668e+01
3.450000000000000000e+02 7.266110000000000069e-01 3.999989999999999668e+01
3.500000000000000000e+02 7.279020000000000490e-01 3.999989999999999668e+01
3.550000000000000000e+02 7.291790000000000216e-01 3.999989999999999668e+01
3.600000000000000000e+02 7.304389999999999494e-01 3.999989999999999668e+01
3.650000000000000000e+02 7.316810000000000258e-01 3.999989999999999668e+01
3.700000000000000000e+02 7.329109999999999792e-01 3.999989999999999668e+01
3.750000000000000000e+02 7.341320000000000068e-01 3.999989999999999668e+01
3.800000000000000000e+02 7.353279999999999816e-01 3.999989999999999668e+01
3.850000000000000000e+02 7.365289999999999893e-01 3.999989999999999668e+01
3.900000000000000000e+02 7.377280000000000504e-01 3.999989999999999668e+01
3.950000000000000000e+02 7.389139999999999597e-01 3.999989999999999668e+01
4.000000000000000000e+02 7.400719999999999521e-01 3.999989999999999668e+01
4.050000000000000000e+02 7.412269999999999692e-01 3.999989999999999668e+01
4.100000000000000000e+02 7.423689999999999456e-01 3.999989999999999668e+01
4.150000000000000000e+02 7.434990000000000210e-01 3.999989999999999668e+01
4.200000000000000000e+02 7.446190000000000309e-01 3.999989999999999668e+01
4.250000000000000000e+02 7.457240000000000535e-01 3.999989999999999668e+01
4.300000000000000000e+02 7.468150000000000066e-01 3.999989999999999668e+01
4.350000000000000000e+02 7.478949999999999765e-01 3.999989999999999668e+01
4.400000000000000000e+02 7.489660000000000206e-01 3.999989999999999668e+01
4.450000000000000000e+02 7.500029999999999752e-01 3.999989999999999668e+01
4.500000000000000000e+02 7.510160000000000169e-01 3.999989999999999668e+01
4.550000000000000000e+02 7.520210000000000505e-01 3.999989999999999668e+01
4.650000000000000000e+02 7.540120000000000156e-01 3.999989999999999668e+01
4.750000000000000000e+02 7.559550000000000436e-01 3.999989999999999668e+01
4.850000000000000000e+02 7.578570000000000029e-01 3.999989999999999668e+01
4.950000000000000000e+02 7.597270000000000412e-01 3.999989999999999668e+01
5.050000000000000000e+02 7.615699999999999692e-01 3.999989999999999668e+01
5.150000000000000000e+02 7.633849999999999802e-01 3.999989999999999668e+01
5.250000000000000000e+02 7.651829999999999465e-01 3.999989999999999668e+01
5.350000000000000000e+02 7.669550000000000534e-01 3.999989999999999668e+01
5.450000000000000000e+02 7.686929999999999596e-01 3.999989999999999668e+01
5.550000000000000000e+02 7.704119999999999857e-01 3.999989999999999668e+01
5.650000000000000000e+02 7.721029999999999838e-01 3.999989999999999668e+01
5.750000000000000000e+02 7.737640000000000073e-01 3.999989999999999668e+01
5.850000000000000000e+02 7.753809999999999869e-01 3.999989999999999668e+01
5.950000000000000000e+02 7.769660000000000455e-01 3.999989999999999668e+01
6.050000000000000000e+02 7.785349999999999770e-01 3.999989999999999668e+01
6.150000000000000000e+02 7.800679999999999836e-01 3.999989999999999668e+01
6.250000000000000000e+02 7.815659999999999830e-01 3.999989999999999668e+01
6.350000000000000000e+02 7.830439999999999623e-01 3.999989999999999668e+01
6.450000000000000000e+02 7.845130000000000159e-01 3.999989999999999668e+01
6.550000000000000000e+02 7.859549999999999592e-01 3.999989999999999668e+01
6.650000000000000000e+02 7.873660000000000103e-01 3.999989999999999668e+01
6.750000000000000000e+02 7.887570000000000414e-01 3.999989999999999668e+01
6.850000000000000000e+02 7.901420000000000110e-01 3.999989999999999668e+01
6.950000000000000000e+02 7.915189999999999726e-01 3.999989999999999668e+01
7.050000000000000000e+02 7.928770000000000540e-01 3.999989999999999668e+01
7.150000000000000000e+02 7.942069999999999963e-01 3.999989999999999668e+01
7.250000000000000000e+02 7.955320000000000169e-01 3.999989999999999668e+01
7.350000000000000000e+02 7.971780000000000532e-01 3.999989999999999668e+01
7.450000000000000000e+02 7.985229999999999828e-01 3.999989999999999668e+01
7.550000000000000000e+02 7.998349999999999627e-01 3.999989999999999668e+01
7.650000000000000000e+02 8.011300000000000088e-01 3.999989999999999668e+01
7.750000000000000000e+02 8.024050000000000349e-01 3.999989999999999668e+01
7.850000000000000000e+02 8.036609999999999587e-01 3.999989999999999668e+01
7.950000000000000000e+02 8.048920000000000519e-01 3.999989999999999668e+01
8.050000000000000000e+02 8.061059999999999892e-01 3.999989999999999668e+01
8.150000000000000000e+02 8.073080000000000256e-01 3.999989999999999668e+01
8.250000000000000000e+02 8.084759999999999724e-01 3.999989999999999668e+01
8.350000000000000000e+02 8.096389999999999976e-01 3.999989999999999668e+01
8.450000000000000000e+02 8.107790000000000274e-01 3.999989999999999668e+01
8.550000000000000000e+02 8.118840000000000501e-01 3.999989999999999668e+01
8.650000000000000000e+02 8.129819999999999824e-01 3.999989999999999668e+01
8.750000000000000000e+02 8.140939999999999843e-01 3.999989999999999668e+01
8.850000000000000000e+02 8.151730000000000365e-01 3.999989999999999668e+01
8.950000000000000000e+02 8.162359999999999616e-01 3.999989999999999668e+01
9.050000000000000000e+02 8.172840000000000105e-01 3.999989999999999668e+01
9.150000000000000000e+02 8.183249999999999691e-01 3.999989999999999668e+01
9.250000000000000000e+02 8.193740000000000467e-01 3.999989999999999668e+01
9.350000000000000000e+02 8.203960000000000141e-01 3.999989999999999668e+01
9.450000000000000000e+02 8.214019999999999655e-01 3.999989999999999668e+01
9.550000000000000000e+02 8.224270000000000191e-01 3.999989999999999668e+01
9.650000000000000000e+02 8.234489999999999865e-01 3.999989999999999668e+01
9.750000000000000000e+02 8.244550000000000489e-01 3.999989999999999668e+01
9.900000000000000000e+02 8.259260000000000490e-01 3.999989999999999668e+01
1.005000000000000000e+03 8.273779999999999468e-01 3.999989999999999668e+01
1.020000000000000000e+03 8.288240000000000052e-01 3.999989999999999668e+01
1.035000000000000000e+03 8.302429999999999533e-01 3.999989999999999668e+01
1.050000000000000000e+03 8.316500000000000004e-01 3.999989999999999668e+01
1.065000000000000000e+03 8.330469999999999819e-01 3.999989999999999668e+01
1.080000000000000000e+03 8.344270000000000298e-01 3.999989999999999668e+01
1.095000000000000000e+03 8.357609999999999761e-01 3.999989999999999668e+01
1.110000000000000000e+03 8.370769999999999600e-01 3.999989999999999668e+01
1.125000000000000000e+03 8.383789999999999853e-01 3.999989999999999668e+01
1.140000000000000000e+03 8.396540000000000115e-01 3.999989999999999668e+01
1.155000000000000000e+03 8.409100000000000463e-01 3.999989999999999668e+01
1.170000000000000000e+03 8.421469999999999789e-01 3.999989999999999668e+01
1.185000000000000000e+03 8.433920000000000305e-01 3.999989999999999668e+01
1.200000000000000000e+03 8.445949999999999847e-01 3.999989999999999668e+01
1.215000000000000000e+03 8.457789999999999475e-01 3.999989999999999668e+01
1.230000000000000000e+03 8.469680000000000542e-01 3.999989999999999668e+01
1.245000000000000000e+03 8.481349999999999723e-01 3.999989999999999668e+01
1.260000000000000000e+03 8.493169999999999886e-01 3.999989999999999668e+01
1.275000000000000000e+03 8.504909999999999970e-01 3.999989999999999668e+01
1.290000000000000000e+03 8.516289999999999694e-01 3.999989999999999668e+01
1.305000000000000000e+03 8.527599999999999625e-01 3.999989999999999668e+01
1.320000000000000000e+03 8.538810000000000011e-01 3.999989999999999668e+01
1.335000000000000000e+03 8.550060000000000437e-01 3.999989999999999668e+01
1.350000000000000000e+03 8.561180000000000456e-01 3.999989999999999668e+01
1.365000000000000000e+03 8.572159999999999780e-01 3.999989999999999668e+01
1.380000000000000000e+03 8.583129999999999926e-01 3.999989999999999668e+01
1.395000000000000000e+03 8.594019999999999992e-01 3.999989999999999668e+01
1.410000000000000000e+03 8.604549999999999699e-01 3.999989999999999668e+01
1.425000000000000000e+03 8.615239999999999565e-01 3.999989999999999668e+01
1.440000000000000000e+03 8.625690000000000301e-01 3.999989999999999668e+01
1.455000000000000000e+03 8.636000000000000343e-01 3.999989999999999668e+01
1.470000000000000000e+03 8.646279999999999522e-01 3.999989999999999668e+01
1.485000000000000000e+03 8.656479999999999730e-01 3.999989999999999668e+01
1.505000000000000000e+03 8.669780000000000264e-01 3.999989999999999668e+01
1.525000000000000000e+03 8.682919999999999527e-01 3.999989999999999668e+01
1.545000000000000000e+03 8.695629999999999749e-01 3.999989999999999668e+01
1.565000000000000000e+03 8.708339999999999970e-01 3.999989999999999668e+01
1.585000000000000000e+03 8.720809999999999951e-01 3.999989999999999668e+01
1.605000000000000000e+03 8.733090000000000019e-01 3.999989999999999668e+01
1.625000000000000000e+03 8.745349999999999513e-01 3.999989999999999668e+01
1.645000000000000000e+03 8.757279999999999509e-01 3.999989999999999668e+01
1.665000000000000000e+03 8.769010000000000415e-01 3.999989999999999668e+01
1.685000000000000000e+03 8.780700000000000172e-01 3.999989999999999668e+01
1.705000000000000000e+03 8.792240000000000055e-01 3.999989999999999668e+01
1.725000000000000000e+03 8.803729999999999611e-01 3.999989999999999668e+01
1.745000000000000000e+03 8.815439999999999943e-01 3.999989999999999668e+01
1.765000000000000000e+03 8.826950000000000074e-01 3.999989999999999668e+01
1.785000000000000000e+03 8.838310000000000333e-01 3.999989999999999668e+01
1.805000000000000000e+03 8.849460000000000104e-01 3.999989999999999668e+01
1.825000000000000000e+03 8.860609999999999875e-01 3.999989999999999668e+01
1.845000000000000000e+03 8.871539999999999981e-01 3.999989999999999668e+01
1.865000000000000000e+03 8.882489999999999553e-01 3.999989999999999668e+01
1.885000000000000000e+03 8.893400000000000194e-01 3.999989999999999668e+01
1.905000000000000000e+03 8.904100000000000348e-01 3.999989999999999668e+01
1.925000000000000000e+03 8.914640000000000342e-01 3.999989999999999668e+01
1.945000000000000000e+03 8.925239999999999840e-01 3.999989999999999668e+01
1.965000000000000000e+03 8.935570000000000457e-01 3.999989999999999668e+01
1.985000000000000000e+03 8.946020000000000083e-01 3.999989999999999668e+01
2.005000000000000000e+03 8.956180000000000252e-01 3.999989999999999668e+01
2.025000000000000000e+03 8.966199999999999726e-01 3.999989999999999668e+01
2.050000000000000000e+03 8.978589999999999627e-01 3.999989999999999668e+01
2.075000000000000000e+03 8.991029999999999855e-01 3.999989999999999668e+01
2.100000000000000000e+03 9.002970000000000139e-01 3.999989999999999668e+01
2.125000000000000000e+03 9.014919999999999600e-01 3.999989999999999668e+01
2.150000000000000000e+03 9.026669999999999972e-01 3.999989999999999668e+01
2.175000000000000000e+03 9.038540000000000463e-01 3.999989999999999668e+01
2.200000000000000000e+03 9.049880000000000146e-01 3.999989999999999668e+01
2.225000000000000000e+03 9.061519999999999575e-01 3.999989999999999668e+01
2.250000000000000000e+03 9.072850000000000081e-01 3.999989999999999668e+01
2.275000000000000000e+03 9.084320000000000173e-01 3.999989999999999668e+01
2.300000000000000000e+03 9.095370000000000399e-01 3.999989999999999668e+01
2.325000000000000000e+03 9.106459999999999555e-01 3.999989999999999668e+01
2.350000000000000000e+03 9.117629999999999901e-01 3.999989999999999668e+01
2.375000000000000000e+03 9.128770000000000495e-01 3.999989999999999668e+01
2.400000000000000000e+03 9.139479999999999826e-01 3.999989999999999668e+01
2.425000000000000000e+03 9.150420000000000220e-01 3.999989999999999668e+01
2.450000000000000000e+03 9.161219999999999919e-01 3.999989999999999668e+01
2.475000000000000000e+03 9.171899999999999498e-01 3.999989999999999668e+01
2.500000000000000000e+03 9.182700000000000307e-01 3.999989999999999668e+01
2.525000000000000000e+03 9.193270000000000053e-01 3.999989999999999668e+01
2.550000000000000000e+03 9.203630000000000422e-01 3.999989999999999668e+01
2.575000000000000000e+03 9.213959999999999928e-01 3.999989999999999668e+01
2.600000000000000000e+03 9.224419999999999842e-01 3.999989999999999668e+01
2.625000000000000000e+03 9.234700000000000131e-01 3.999989999999999668e+01
2.650000000000000000e+03 9.244830000000000547e-01 3.999989999999999668e+01
2.680000000000000000e+03 9.256680000000000463e-01 3.999989999999999668e+01
2.710000000000000000e+03 9.268459999999999477e-01 3.999989999999999668e+01
2.740000000000000000e+03 9.280080000000000551e-01 3.999989999999999668e+01
2.770000000000000000e+03 9.291460000000000274e-01 3.999989999999999668e+01
2.800000000000000000e+03 9.302880000000000038e-01 3.999989999999999668e+01
2.830000000000000000e+03 9.313879999999999937e-01 3.999989999999999668e+01
2.860000000000000000e+03 9.325120000000000076e-01 3.999989999999999668e+01
2.890000000000000000e+03 9.336100000000000509e-01 3.999989999999999668e+01
2.920000000000000000e+03 9.346999999999999753e-01 3.999989999999999668e+01
2.950000000000000000e+03 9.357689999999999619e-01 3.999989999999999668e+01
2.980000000000000000e+03 9.368539999999999646e-01 3.999989999999999668e+01
3.010000000000000000e+03 9.378919999999999479e-01 3.999989999999999668e+01
3.040000000000000000e+03 9.389530000000000376e-01 3.999989999999999668e+01
3.070000000000000000e+03 9.400039999999999507e-01 3.999989999999999668e+01
3.100000000000000000e+03 9.410560000000000036e-01 3.999989999999999668e+01
3.130000000000000000e+03 9.420739999999999670e-01 3.999989999999999668e+01
3.160000000000000000e+03 9.430950000000000166e-01 3.999989999999999668e+01
3.190000000000000000e+03 9.441349999999999465e-01 3.999989999999999668e+01
3.220000000000000000e+03 9.451840000000000241e-01 3.999989999999999668e+01
3.250000000000000000e+03 9.461840000000000250e-01 3.999989999999999668e+01
3.285000000000000000e+03 9.473390000000000422e-01 3.999989999999999668e+01
3.315000000000000000e+03 9.483500000000000263e-01 3.999989999999999668e+01
3.345000000000000000e+03 9.493519999999999737e-01 3.999989999999999668e+01
3.375000000000000000e+03 9.503530000000000033e-01 3.999989999999999668e+01
3.410000000000000000e+03 9.514960000000000084e-01 3.999989999999999668e+01
3.445000000000000000e+03 9.526210000000000511e-01 3.999989999999999668e+01
3.480000000000000000e+03 9.537459999999999827e-01 3.999989999999999668e+01
3.515000000000000000e+03 9.548550000000000093e-01 3.999989999999999668e+01
3.550000000000000000e+03 9.559410000000000407e-01 3.999989999999999668e+01
3.585000000000000000e+03 9.570109999999999451e-01 3.999989999999999668e+01
3.620000000000000000e+03 9.580720000000000347e-01 3.999989999999999668e+01
3.655000000000000000e+03 9.591520000000000046e-01 3.999989999999999668e+01
3.690000000000000000e+03 9.602140000000000120e-01 3.999989999999999668e+01
3.725000000000000000e+03 9.612429999999999586e-01 3.999989999999999668e+01
3.760000000000000000e+03 9.622870000000000035e-01 3.999989999999999668e+01
3.795000000000000000e+03 9.633089999999999709e-01 3.999989999999999668e+01
3.830000000000000000e+03 9.643329999999999957e-01 3.999989999999999668e+01
3.865000000000000000e+03 9.653819999999999624e-01 3.999989999999999668e+01
3.900000000000000000e+03 9.664120000000000488e-01 3.999989999999999668e+01
3.935000000000000000e+03 9.674230000000000329e-01 3.999989999999999668e+01
3.975000000000000000e+03 9.685300000000000020e-01 3.999989999999999668e+01
4.015000000000000000e+03 9.696590000000000487e-01 3.999989999999999668e+01
4.055000000000000000e+03 9.707550000000000345e-01 3.999989999999999668e+01
4.090000000000000000e+03 9.717569999999999819e-01 3.999989999999999668e+01
4.130000000000000000e+03 9.728769999999999918e-01 3.999989999999999668e+01
4.170000000000000000e+03 9.739769999999999817e-01 3.999989999999999668e+01
4.210000000000000000e+03 9.750980000000000203e-01 3.999989999999999668e+01
4.250000000000000000e+03 9.762089999999999934e-01 3.999989999999999668e+01
4.290000000000000000e+03 9.773089999999999833e-01 3.999989999999999668e+01
4.330000000000000000e+03 9.784260000000000179e-01 3.999989999999999668e+01
4.370000000000000000e+03 9.795019999999999838e-01 3.999989999999999668e+01
4.410000000000000000e+03 9.806059999999999777e-01 3.999989999999999668e+01
4.450000000000000000e+03 9.816970000000000418e-01 3.999989999999999668e+01
4.495000000000000000e+03 9.828120000000000189e-01 3.999989999999999668e+01
4.535000000000000000e+03 9.838369999999999616e-01 3.999989999999999668e+01
4.575000000000000000e+03 9.848850000000000104e-01 3.999989999999999668e+01
4.615000000000000000e+03 9.859189999999999898e-01 3.999989999999999668e+01
4.660000000000000000e+03 9.870529999999999582e-01 3.999989999999999668e+01
4.705000000000000000e+03 9.881699999999999928e-01 3.999989999999999668e+01
4.750000000000000000e+03 9.892859999999999987e-01 3.999989999999999668e+01
4.790000000000000000e+03 9.903070000000000483e-01 3.999989999999999668e+01
4.835000000000000000e+03 9.913199999999999790e-01 3.999989999999999668e+01
4.880000000000000000e+03 9.924119999999999608e-01 3.999989999999999668e+01
4.925000000000000000e+03 9.935100000000000042e-01 3.999989999999999668e+01
4.970000000000000000e+03 9.945599999999999996e-01 3.999989999999999668e+01
5.015000000000000000e+03 9.955990000000000117e-01 3.999989999999999668e+01
5.060000000000000000e+03 9.966709999999999736e-01 3.999989999999999668e+01
5.105000000000000000e+03 9.977019999999999778e-01 3.999989999999999668e+01
5.150000000000000000e+03 9.987740000000000506e-01 3.999989999999999668e+01
5.195000000000000000e+03 9.998259999999999925e-01 3.999989999999999668e+01
5.240000000000000000e+03 1.000839999999999952e+00 3.999989999999999668e+01
5.285000000000000000e+03 1.001859999999999973e+00 3.999989999999999668e+01
5.330000000000000000e+03 1.002899999999999903e+00 3.999989999999999668e+01
5.375000000000000000e+03 1.003949999999999898e+00 3.999989999999999668e+01
5.420000000000000000e+03 1.004950000000000010e+00 3.999989999999999668e+01
5.465000000000000000e+03 1.005980000000000096e+00 3.999989999999999668e+01
5.510000000000000000e+03 1.006999999999999895e+00 3.999989999999999668e+01
5.555000000000000000e+03 1.008010000000000073e+00 3.999989999999999668e+01
5.600000000000000000e+03 1.009060000000000068e+00 3.999989999999999668e+01
5.650000000000000000e+03 1.010099999999999998e+00 3.999989999999999668e+01
5.700000000000000000e+03 1.011160000000000059e+00 3.999989999999999668e+01
5.750000000000000000e+03 1.012240000000000029e+00 3.999989999999999668e+01
5.800000000000000000e+03 1.013349999999999973e+00 3.999989999999999668e+01
5.850000000000000000e+03 1.014399999999999968e+00 3.999989999999999668e+01
5.900000000000000000e+03 1.015470000000000095e+00 3.999989999999999668e+01
5.950000000000000000e+03 1.016489999999999894e+00 3.999989999999999668e+01
6.000000000000000000e+03 1.017549999999999955e+00 3.999989999999999668e+01
6.050000000000000000e+03 1.018590000000000106e+00 3.999989999999999668e+01
6.105000000000000000e+03 1.019679999999999920e+00 3.999989999999999668e+01
6.155000000000000000e+03 1.020710000000000006e+00 3.999989999999999668e+01
6.205000000000000000e+03 1.021719999999999962e+00 3.999989999999999668e+01
6.255000000000000000e+03 1.022729999999999917e+00 3.999989999999999668e+01
6.310000000000000000e+03 1.023819999999999952e+00 3.999989999999999668e+01
6.360000000000000000e+03 1.024829999999999908e+00 3.999989999999999668e+01
6.415000000000000000e+03 1.025889999999999969e+00 3.999989999999999668e+01
6.470000000000000000e+03 1.026960000000000095e+00 3.999989999999999668e+01
6.525000000000000000e+03 1.028019999999999934e+00 3.999989999999999668e+01
6.580000000000000000e+03 1.029079999999999995e+00 3.999989999999999668e+01
6.635000000000000000e+03 1.030149999999999899e+00 3.999989999999999668e+01
6.690000000000000000e+03 1.031239999999999934e+00 3.999989999999999668e+01
6.745000000000000000e+03 1.032259999999999955e+00 3.999989999999999668e+01
6.790000000000000000e+03 1.033320000000000016e+00 3.999989999999999668e+01
6.840000000000000000e+03 1.034340000000000037e+00 3.999989999999999668e+01
6.895000000000000000e+03 1.035369999999999902e+00 3.999989999999999668e+01
6.945000000000000000e+03 1.036370000000000013e+00 3.999989999999999668e+01
7.005000000000000000e+03 1.037449999999999983e+00 3.999989999999999668e+01
7.055000000000000000e+03 1.038450000000000095e+00 3.999989999999999668e+01
7.110000000000000000e+03 1.039500000000000091e+00 3.999989999999999668e+01
7.170000000000000000e+03 1.040580000000000060e+00 3.999989999999999668e+01
7.225000000000000000e+03 1.041630000000000056e+00 3.999989999999999668e+01
7.285000000000000000e+03 1.042680000000000051e+00 3.999989999999999668e+01
7.340000000000000000e+03 1.043719999999999981e+00 3.999989999999999668e+01
7.395000000000000000e+03 1.044740000000000002e+00 3.999989999999999668e+01
7.455000000000000000e+03 1.045779999999999932e+00 3.999989999999999668e+01
7.515000000000000000e+03 1.046829999999999927e+00 3.999989999999999668e+01
7.575000000000000000e+03 1.047879999999999923e+00 3.999989999999999668e+01
7.635000000000000000e+03 1.048929999999999918e+00 3.999989999999999668e+01
7.695000000000000000e+03 1.049940000000000095e+00 3.999989999999999668e+01
7.755000000000000000e+03 1.050999999999999934e+00 3.999989999999999668e+01
7.820000000000000000e+03 1.052049999999999930e+00 3.999989999999999668e+01
7.880000000000000000e+03 1.053069999999999951e+00 3.999989999999999668e+01
7.940000000000000000e+03 1.054100000000000037e+00 3.999989999999999668e+01
8.005000000000000000e+03 1.055160000000000098e+00 3.999989999999999668e+01
8.065000000000000000e+03 1.056170000000000053e+00 3.999989999999999668e+01
8.130000000000000000e+03 1.057229999999999892e+00 3.999989999999999668e+01
8.190000000000000000e+03 1.058249999999999913e+00 3.999989999999999668e+01
8.250000000000000000e+03 1.059260000000000090e+00 3.999989999999999668e+01
8.310000000000000000e+03 1.060319999999999929e+00 3.999989999999999668e+01
8.375000000000000000e+03 1.061369999999999925e+00 3.999989999999999668e+01
8.440000000000000000e+03 1.062419999999999920e+00 3.999989999999999668e+01
8.505000000000000000e+03 1.063450000000000006e+00 3.999989999999999668e+01
8.570000000000000000e+03 1.064510000000000067e+00 3.999989999999999668e+01
8.635000000000000000e+03 1.065539999999999932e+00 3.999989999999999668e+01
8.700000000000000000e+03 1.066589999999999927e+00 3.999989999999999668e+01
8.765000000000000000e+03 1.067609999999999948e+00 3.999989999999999668e+01
8.830000000000000000e+03 1.068650000000000100e+00 3.999989999999999668e+01
8.895000000000000000e+03 1.069669999999999899e+00 3.999989999999999668e+01
8.965000000000000000e+03 1.070740000000000025e+00 3.999989999999999668e+01
9.030000000000000000e+03 1.071779999999999955e+00 3.999989999999999668e+01
9.100000000000000000e+03 1.072840000000000016e+00 3.999989999999999668e+01
9.170000000000000000e+03 1.073909999999999920e+00 3.999989999999999668e+01
9.240000000000000000e+03 1.074929999999999941e+00 3.999989999999999668e+01
9.310000000000000000e+03 1.075990000000000002e+00 3.999989999999999668e+01
9.380000000000000000e+03 1.077069999999999972e+00 3.999989999999999668e+01
9.450000000000000000e+03 1.078100000000000058e+00 3.999989999999999668e+01
9.515000000000000000e+03 1.079139999999999988e+00 3.999989999999999668e+01
9.585000000000000000e+03 1.080160000000000009e+00 3.999989999999999668e+01
9.655000000000000000e+03 1.081169999999999964e+00 3.999989999999999668e+01
9.725000000000000000e+03 1.082209999999999894e+00 3.999989999999999668e+01
9.795000000000000000e+03 1.083239999999999981e+00 3.999989999999999668e+01
9.865000000000000000e+03 1.084270000000000067e+00 3.999989999999999668e+01
9.940000000000000000e+03 1.085320000000000062e+00 3.999989999999999668e+01
1.001500000000000000e+04 1.086379999999999901e+00 3.999989999999999668e+01
1.008500000000000000e+04 1.087429999999999897e+00 3.999989999999999668e+01
1.016000000000000000e+04 1.088449999999999918e+00 3.999989999999999668e+01
1.023500000000000000e+04 1.089499999999999913e+00 3.999989999999999668e+01
1.030500000000000000e+04 1.090519999999999934e+00 3.999989999999999668e+01
1.038000000000000000e+04 1.091529999999999889e+00 3.999989999999999668e+01
1.045000000000000000e+04 1.092530000000000001e+00 3.999989999999999668e+01
1.052000000000000000e+04 1.093539999999999957e+00 3.999989999999999668e+01
1.059000000000000000e+04 1.094540000000000068e+00 3.999989999999999668e+01
1.066500000000000000e+04 1.095579999999999998e+00 3.999989999999999668e+01
1.073500000000000000e+04 1.096589999999999954e+00 3.999989999999999668e+01
1.081000000000000000e+04 1.097609999999999975e+00 3.999989999999999668e+01
1.088500000000000000e+04 1.098659999999999970e+00 3.999989999999999668e+01
1.096000000000000000e+04 1.099720000000000031e+00 3.999989999999999668e+01
1.103500000000000000e+04 1.100770000000000026e+00 3.999989999999999668e+01
1.111500000000000000e+04 1.101809999999999956e+00 3.999989999999999668e+01
1.119000000000000000e+04 1.102829999999999977e+00 3.999989999999999668e+01
1.126500000000000000e+04 1.103830000000000089e+00 3.999989999999999668e+01
1.134000000000000000e+04 1.104840000000000044e+00 3.999989999999999668e+01
1.142000000000000000e+04 1.105869999999999909e+00 3.999989999999999668e+01
1.150000000000000000e+04 1.106899999999999995e+00 3.999989999999999668e+01
1.158000000000000000e+04 1.107960000000000056e+00 3.999989999999999668e+01
1.166500000000000000e+04 1.109019999999999895e+00 3.999989999999999668e+01
1.174500000000000000e+04 1.110039999999999916e+00 3.999989999999999668e+01
1.182500000000000000e+04 1.111050000000000093e+00 3.999989999999999668e+01
1.191000000000000000e+04 1.112109999999999932e+00 3.999989999999999668e+01
1.199000000000000000e+04 1.113129999999999953e+00 3.999989999999999668e+01
1.207000000000000000e+04 1.114149999999999974e+00 3.999989999999999668e+01
1.215500000000000000e+04 1.115159999999999929e+00 3.999989999999999668e+01
1.224000000000000000e+04 1.116209999999999924e+00 3.999989999999999668e+01
1.232500000000000000e+04 1.117269999999999985e+00 3.999989999999999668e+01
1.241000000000000000e+04 1.118270000000000097e+00 3.999989999999999668e+01
1.249000000000000000e+04 1.119280000000000053e+00 3.999989999999999668e+01
1.257500000000000000e+04 1.120339999999999892e+00 3.999989999999999668e+01
1.266000000000000000e+04 1.121380000000000043e+00 3.999989999999999668e+01
1.274500000000000000e+04 1.122389999999999999e+00 3.999989999999999668e+01
1.283000000000000000e+04 1.123450000000000060e+00 3.999989999999999668e+01
1.291000000000000000e+04 1.124479999999999924e+00 3.999989999999999668e+01
1.300000000000000000e+04 1.125529999999999919e+00 3.999989999999999668e+01
1.309000000000000000e+04 1.126570000000000071e+00 3.999989999999999668e+01
1.317500000000000000e+04 1.127620000000000067e+00 3.999989999999999668e+01
1.326500000000000000e+04 1.128679999999999906e+00 3.999989999999999668e+01
1.335500000000000000e+04 1.129720000000000057e+00 3.999989999999999668e+01
1.344500000000000000e+04 1.130770000000000053e+00 3.999989999999999668e+01
1.353000000000000000e+04 1.131780000000000008e+00 3.999989999999999668e+01
1.362000000000000000e+04 1.132789999999999964e+00 3.999989999999999668e+01
1.370500000000000000e+04 1.133790000000000076e+00 3.999989999999999668e+01
1.379500000000000000e+04 1.134830000000000005e+00 3.999989999999999668e+01
1.389500000000000000e+04 1.135880000000000001e+00 3.999989999999999668e+01
1.398500000000000000e+04 1.136919999999999931e+00 3.999989999999999668e+01
1.407500000000000000e+04 1.137950000000000017e+00 3.999989999999999668e+01
1.417000000000000000e+04 1.138989999999999947e+00 3.999989999999999668e+01
1.426000000000000000e+04 1.140009999999999968e+00 3.999989999999999668e+01
1.436000000000000000e+04 1.141049999999999898e+00 3.999989999999999668e+01
1.445000000000000000e+04 1.142050000000000010e+00 3.999989999999999668e+01
1.454500000000000000e+04 1.143100000000000005e+00 3.999989999999999668e+01
1.463500000000000000e+04 1.144130000000000091e+00 3.999989999999999668e+01
1.473000000000000000e+04 1.145170000000000021e+00 3.999989999999999668e+01
1.483000000000000000e+04 1.146209999999999951e+00 3.999989999999999668e+01
1.492500000000000000e+04 1.147250000000000103e+00 3.999989999999999668e+01
1.501500000000000000e+04 1.148269999999999902e+00 3.999989999999999668e+01
1.511500000000000000e+04 1.149310000000000054e+00 3.999989999999999668e+01
1.521000000000000000e+04 1.150330000000000075e+00 3.999989999999999668e+01
1.531000000000000000e+04 1.151380000000000070e+00 3.999989999999999668e+01
1.541000000000000000e+04 1.152439999999999909e+00 3.999989999999999668e+01
1.550500000000000000e+04 1.153440000000000021e+00 3.999989999999999668e+01
1.560000000000000000e+04 1.154509999999999925e+00 3.999989999999999668e+01
1.569500000000000000e+04 1.155520000000000103e+00 3.999989999999999668e+01
1.579000000000000000e+04 1.156530000000000058e+00 3.999989999999999668e+01
1.589500000000000000e+04 1.157580000000000053e+00 3.999989999999999668e+01
1.599500000000000000e+04 1.158619999999999983e+00 3.999989999999999668e+01
1.609000000000000000e+04 1.159640000000000004e+00 3.999989999999999668e+01
1.619500000000000000e+04 1.160700000000000065e+00 3.999989999999999668e+01
1.629500000000000000e+04 1.161729999999999929e+00 3.999989999999999668e+01
1.639500000000000000e+04 1.162730000000000041e+00 3.999989999999999668e+01
1.649500000000000000e+04 1.163769999999999971e+00 3.999989999999999668e+01
1.660000000000000000e+04 1.164809999999999901e+00 3.999989999999999668e+01
1.670000000000000000e+04 1.165850000000000053e+00 3.999989999999999668e+01
1.681000000000000000e+04 1.166879999999999917e+00 3.999989999999999668e+01
1.691500000000000000e+04 1.167880000000000029e+00 3.999989999999999668e+01
1.702000000000000000e+04 1.168900000000000050e+00 3.999989999999999668e+01
1.712500000000000000e+04 1.169910000000000005e+00 3.999989999999999668e+01
1.723000000000000000e+04 1.170930000000000026e+00 3.999989999999999668e+01
1.733000000000000000e+04 1.171939999999999982e+00 3.999989999999999668e+01
1.744000000000000000e+04 1.172989999999999977e+00 3.999989999999999668e+01
1.755000000000000000e+04 1.174020000000000064e+00 3.999989999999999668e+01
1.765500000000000000e+04 1.175040000000000084e+00 3.999989999999999668e+01
1.776500000000000000e+04 1.176080000000000014e+00 3.999989999999999668e+01
1.787000000000000000e+04 1.177089999999999970e+00 3.999989999999999668e+01
1.798000000000000000e+04 1.178120000000000056e+00 3.999989999999999668e+01
1.809500000000000000e+04 1.179149999999999920e+00 3.999989999999999668e+01
1.819500000000000000e+04 1.180160000000000098e+00 3.999989999999999668e+01
1.831500000000000000e+04 1.181189999999999962e+00 3.999989999999999668e+01
1.842000000000000000e+04 1.182199999999999918e+00 3.999989999999999668e+01
1.853000000000000000e+04 1.183249999999999913e+00 3.999989999999999668e+01
1.864000000000000000e+04 1.184279999999999999e+00 3.999989999999999668e+01
1.875500000000000000e+04 1.185319999999999929e+00 3.999989999999999668e+01
1.886000000000000000e+04 1.186330000000000107e+00 3.999989999999999668e+01
1.898000000000000000e+04 1.187370000000000037e+00 3.999989999999999668e+01
1.909000000000000000e+04 1.188390000000000057e+00 3.999989999999999668e+01
1.921000000000000000e+04 1.189429999999999987e+00 3.999989999999999668e+01
1.932000000000000000e+04 1.190430000000000099e+00 3.999989999999999668e+01
1.943500000000000000e+04 1.191480000000000095e+00 3.999989999999999668e+01
1.955500000000000000e+04 1.192520000000000024e+00 3.999989999999999668e+01
1.967000000000000000e+04 1.193559999999999954e+00 3.999989999999999668e+01
1.978500000000000000e+04 1.194600000000000106e+00 3.999989999999999668e+01
1.991000000000000000e+04 1.195640000000000036e+00 3.999989999999999668e+01
2.003000000000000000e+04 1.196679999999999966e+00 3.999989999999999668e+01
2.014000000000000000e+04 1.197689999999999921e+00 3.999989999999999668e+01
2.026500000000000000e+04 1.198730000000000073e+00 3.999989999999999668e+01
2.038000000000000000e+04 1.199740000000000029e+00 3.999989999999999668e+01
2.050000000000000000e+04 1.200769999999999893e+00 3.999989999999999668e+01
2.062000000000000000e+04 1.201789999999999914e+00 3.999989999999999668e+01
2.074000000000000000e+04 1.202809999999999935e+00 3.999989999999999668e+01
2.086000000000000000e+04 1.203840000000000021e+00 3.999989999999999668e+01
2.098500000000000000e+04 1.204860000000000042e+00 3.999989999999999668e+01
2.110500000000000000e+04 1.205869999999999997e+00 3.999989999999999668e+01
2.122500000000000000e+04 1.206870000000000109e+00 3.999989999999999668e+01
2.134000000000000000e+04 1.207910000000000039e+00 3.999989999999999668e+01
2.148000000000000000e+04 1.208949999999999969e+00 3.999989999999999668e+01
2.160500000000000000e+04 1.209969999999999990e+00 3.999989999999999668e+01
2.172000000000000000e+04 1.210970000000000102e+00 3.999989999999999668e+01
2.184500000000000000e+04 1.211989999999999901e+00 3.999989999999999668e+01
2.197000000000000000e+04 1.213019999999999987e+00 3.999989999999999668e+01
2.209000000000000000e+04 1.214040000000000008e+00 3.999989999999999668e+01
2.221000000000000000e+04 1.215049999999999963e+00 3.999989999999999668e+01
2.232500000000000000e+04 1.216050000000000075e+00 3.999989999999999668e+01
2.245500000000000000e+04 1.217090000000000005e+00 3.999989999999999668e+01
2.257500000000000000e+04 1.218099999999999961e+00 3.999989999999999668e+01
2.270000000000000000e+04 1.219100000000000072e+00 3.999989999999999668e+01
2.282500000000000000e+04 1.220129999999999937e+00 3.999989999999999668e+01
2.295500000000000000e+04 1.221139999999999892e+00 3.999989999999999668e+01
2.308000000000000000e+04 1.222169999999999979e+00 3.999989999999999668e+01
2.321000000000000000e+04 1.223209999999999908e+00 3.999989999999999668e+01
2.334000000000000000e+04 1.224220000000000086e+00 3.999989999999999668e+01
2.347500000000000000e+04 1.225270000000000081e+00 3.999989999999999668e+01
2.360500000000000000e+04 1.226280000000000037e+00 3.999989999999999668e+01
2.374000000000000000e+04 1.227300000000000058e+00 3.999989999999999668e+01
2.387500000000000000e+04 1.228320000000000078e+00 3.999989999999999668e+01
2.401000000000000000e+04 1.229360000000000008e+00 3.999989999999999668e+01
2.414500000000000000e+04 1.230410000000000004e+00 3.999989999999999668e+01
2.427500000000000000e+04 1.231419999999999959e+00 3.999989999999999668e+01
2.441000000000000000e+04 1.232429999999999914e+00 3.999989999999999668e+01
2.455500000000000000e+04 1.233460000000000001e+00 3.999989999999999668e+01
2.469500000000000000e+04 1.234469999999999956e+00 3.999989999999999668e+01
2.482500000000000000e+04 1.235470000000000068e+00 3.999989999999999668e+01
2.496000000000000000e+04 1.236490000000000089e+00 3.999989999999999668e+01
2.508500000000000000e+04 1.237500000000000044e+00 3.999989999999999668e+01
2.523000000000000000e+04 1.238520000000000065e+00 3.999989999999999668e+01
2.537000000000000000e+04 1.239549999999999930e+00 3.999989999999999668e+01
2.550500000000000000e+04 1.240580000000000016e+00 3.999989999999999668e+01
2.563500000000000000e+04 1.241600000000000037e+00 3.999989999999999668e+01
2.578500000000000000e+04 1.242629999999999901e+00 3.999989999999999668e+01
2.592500000000000000e+04 1.243640000000000079e+00 3.999989999999999668e+01
2.605500000000000000e+04 1.244650000000000034e+00 3.999989999999999668e+01
2.620000000000000000e+04 1.245670000000000055e+00 3.999989999999999668e+01
2.634000000000000000e+04 1.246690000000000076e+00 3.999989999999999668e+01
2.648500000000000000e+04 1.247719999999999940e+00 3.999989999999999668e+01
2.663000000000000000e+04 1.248720000000000052e+00 3.999989999999999668e+01
2.677000000000000000e+04 1.249749999999999917e+00 3.999989999999999668e+01
2.691000000000000000e+04 1.250769999999999937e+00 3.999989999999999668e+01
2.705500000000000000e+04 1.251789999999999958e+00 3.999989999999999668e+01
2.719500000000000000e+04 1.252820000000000045e+00 3.999989999999999668e+01
2.735000000000000000e+04 1.253830000000000000e+00 3.999989999999999668e+01
2.749500000000000000e+04 1.254839999999999955e+00 3.999989999999999668e+01
2.763500000000000000e+04 1.255840000000000067e+00 3.999989999999999668e+01
2.778500000000000000e+04 1.256869999999999932e+00 3.999989999999999668e+01
2.793500000000000000e+04 1.257880000000000109e+00 3.999989999999999668e+01
2.808000000000000000e+04 1.258920000000000039e+00 3.999989999999999668e+01
2.822500000000000000e+04 1.259940000000000060e+00 3.999989999999999668e+01
2.838000000000000000e+04 1.260969999999999924e+00 3.999989999999999668e+01
2.853000000000000000e+04 1.261970000000000036e+00 3.999989999999999668e+01
2.868000000000000000e+04 1.262979999999999992e+00 3.999989999999999668e+01
2.882500000000000000e+04 1.264000000000000012e+00 3.999989999999999668e+01
2.897000000000000000e+04 1.265039999999999942e+00 3.999989999999999668e+01
2.912500000000000000e+04 1.266040000000000054e+00 3.999989999999999668e+01
2.927500000000000000e+04 1.267069999999999919e+00 3.999989999999999668e+01
2.943000000000000000e+04 1.268089999999999939e+00 3.999989999999999668e+01
2.958500000000000000e+04 1.269109999999999960e+00 3.999989999999999668e+01
2.970500000000000000e+04 1.270140000000000047e+00 3.999989999999999668e+01
2.986000000000000000e+04 1.271169999999999911e+00 3.999989999999999668e+01
3.000000000000000000e+04 1.272180000000000089e+00 3.999989999999999668e+01
3.013500000000000000e+04 1.273220000000000018e+00 3.999989999999999668e+01
3.028000000000000000e+04 1.274240000000000039e+00 3.999989999999999668e+01
3.042500000000000000e+04 1.275279999999999969e+00 3.999989999999999668e+01
3.056500000000000000e+04 1.276299999999999990e+00 3.999989999999999668e+01
3.072000000000000000e+04 1.277330000000000076e+00 3.999989999999999668e+01
3.085500000000000000e+04 1.278350000000000097e+00 3.999989999999999668e+01
3.101000000000000000e+04 1.279379999999999962e+00 3.999989999999999668e+01
3.114500000000000000e+04 1.280380000000000074e+00 3.999989999999999668e+01
3.130000000000000000e+04 1.281409999999999938e+00 3.999989999999999668e+01
3.144000000000000000e+04 1.282419999999999893e+00 3.999989999999999668e+01
3.160500000000000000e+04 1.283439999999999914e+00 3.999989999999999668e+01
3.176000000000000000e+04 1.284459999999999935e+00 3.999989999999999668e+01
3.190500000000000000e+04 1.285469999999999891e+00 3.999989999999999668e+01
3.205500000000000000e+04 1.286480000000000068e+00 3.999989999999999668e+01
3.221500000000000000e+04 1.287519999999999998e+00 3.999989999999999668e+01
3.237000000000000000e+04 1.288540000000000019e+00 3.999989999999999668e+01
3.251500000000000000e+04 1.289560000000000040e+00 3.999989999999999668e+01
3.267000000000000000e+04 1.290589999999999904e+00 3.999989999999999668e+01
3.281500000000000000e+04 1.291590000000000016e+00 3.999989999999999668e+01
3.297500000000000000e+04 1.292620000000000102e+00 3.999989999999999668e+01
3.312500000000000000e+04 1.293649999999999967e+00 3.999989999999999668e+01
3.328000000000000000e+04 1.294659999999999922e+00 3.999989999999999668e+01
3.343500000000000000e+04 1.295679999999999943e+00 3.999989999999999668e+01
3.358500000000000000e+04 1.296699999999999964e+00 3.999989999999999668e+01
3.373500000000000000e+04 1.297709999999999919e+00 3.999989999999999668e+01
3.389000000000000000e+04 1.298740000000000006e+00 3.999989999999999668e+01
3.403500000000000000e+04 1.299760000000000026e+00 3.999989999999999668e+01
3.419000000000000000e+04 1.300789999999999891e+00 3.999989999999999668e+01
3.434500000000000000e+04 1.301809999999999912e+00 3.999989999999999668e+01
3.450000000000000000e+04 1.302829999999999933e+00 3.999989999999999668e+01
3.464000000000000000e+04 1.303830000000000044e+00 3.999989999999999668e+01
3.478500000000000000e+04 1.304840000000000000e+00 3.999989999999999668e+01
3.494000000000000000e+04 1.305879999999999930e+00 3.999989999999999668e+01
3.510000000000000000e+04 1.306890000000000107e+00 3.999989999999999668e+01
3.525000000000000000e+04 1.307900000000000063e+00 3.999989999999999668e+01
3.540000000000000000e+04 1.308929999999999927e+00 3.999989999999999668e+01
3.556500000000000000e+04 1.309949999999999948e+00 3.999989999999999668e+01
3.570500000000000000e+04 1.310959999999999903e+00 3.999989999999999668e+01
3.586000000000000000e+04 1.312000000000000055e+00 3.999989999999999668e+01
3.602000000000000000e+04 1.313029999999999919e+00 3.999989999999999668e+01
3.617500000000000000e+04 1.314030000000000031e+00 3.999989999999999668e+01
3.633000000000000000e+04 1.315059999999999896e+00 3.999989999999999668e+01
3.648500000000000000e+04 1.316060000000000008e+00 3.999989999999999668e+01
3.665000000000000000e+04 1.317069999999999963e+00 3.999989999999999668e+01
3.679500000000000000e+04 1.318079999999999918e+00 3.999989999999999668e+01
3.695000000000000000e+04 1.319090000000000096e+00 3.999989999999999668e+01
3.710500000000000000e+04 1.320140000000000091e+00 3.999989999999999668e+01
3.727500000000000000e+04 1.321169999999999956e+00 3.999989999999999668e+01
3.743500000000000000e+04 1.322189999999999976e+00 3.999989999999999668e+01
3.759000000000000000e+04 1.323190000000000088e+00 3.999989999999999668e+01
3.773500000000000000e+04 1.324200000000000044e+00 3.999989999999999668e+01
3.790000000000000000e+04 1.325209999999999999e+00 3.999989999999999668e+01
3.805000000000000000e+04 1.326240000000000085e+00 3.999989999999999668e+01
3.821500000000000000e+04 1.327260000000000106e+00 3.999989999999999668e+01
3.837500000000000000e+04 1.328270000000000062e+00 3.999989999999999668e+01
3.852500000000000000e+04 1.329299999999999926e+00 3.999989999999999668e+01
3.868500000000000000e+04 1.330300000000000038e+00 3.999989999999999668e+01
3.884500000000000000e+04 1.331329999999999902e+00 3.999989999999999668e+01
3.899500000000000000e+04 1.332330000000000014e+00 3.999989999999999668e+01
3.915500000000000000e+04 1.333339999999999970e+00 3.999989999999999668e+01
3.931000000000000000e+04 1.334340000000000082e+00 3.999989999999999668e+01
3.947000000000000000e+04 1.335369999999999946e+00 3.999989999999999668e+01
3.962500000000000000e+04 1.336400000000000032e+00 3.999989999999999668e+01
3.978000000000000000e+04 1.337420000000000053e+00 3.999989999999999668e+01
3.994000000000000000e+04 1.338459999999999983e+00 3.999989999999999668e+01
4.009000000000000000e+04 1.339469999999999938e+00 3.999989999999999668e+01
4.026000000000000000e+04 1.340479999999999894e+00 3.999989999999999668e+01
4.042500000000000000e+04 1.341509999999999980e+00 3.999989999999999668e+01
4.058500000000000000e+04 1.342530000000000001e+00 3.999989999999999668e+01
4.075000000000000000e+04 1.343569999999999931e+00 3.999989999999999668e+01
4.091000000000000000e+04 1.344580000000000108e+00 3.999989999999999668e+01
4.107500000000000000e+04 1.345620000000000038e+00 3.999989999999999668e+01
4.124000000000000000e+04 1.346649999999999903e+00 3.999989999999999668e+01
4.139500000000000000e+04 1.347660000000000080e+00 3.999989999999999668e+01
4.156000000000000000e+04 1.348700000000000010e+00 3.999989999999999668e+01
4.173000000000000000e+04 1.349739999999999940e+00 3.999989999999999668e+01
4.190000000000000000e+04 1.350749999999999895e+00 3.999989999999999668e+01
4.205500000000000000e+04 1.351769999999999916e+00 3.999989999999999668e+01
4.221500000000000000e+04 1.352770000000000028e+00 3.999989999999999668e+01
4.238000000000000000e+04 1.353790000000000049e+00 3.999989999999999668e+01
4.254000000000000000e+04 1.354819999999999913e+00 3.999989999999999668e+01
4.270500000000000000e+04 1.355839999999999934e+00 3.999989999999999668e+01
4.285500000000000000e+04 1.356840000000000046e+00 3.999989999999999668e+01
4.302000000000000000e+04 1.357850000000000001e+00 3.999989999999999668e+01
4.317500000000000000e+04 1.358859999999999957e+00 3.999989999999999668e+01
4.333000000000000000e+04 1.359869999999999912e+00 3.999989999999999668e+01
4.350000000000000000e+04 1.360880000000000090e+00 3.999989999999999668e+01
4.366000000000000000e+04 1.361890000000000045e+00 3.999989999999999668e+01
4.381500000000000000e+04 1.362910000000000066e+00 3.999989999999999668e+01
4.397500000000000000e+04 1.363920000000000021e+00 3.999989999999999668e+01
4.411000000000000000e+04 1.364940000000000042e+00 3.999989999999999668e+01
4.427000000000000000e+04 1.365960000000000063e+00 3.999989999999999668e+01
4.443000000000000000e+04 1.366999999999999993e+00 3.999989999999999668e+01
4.459000000000000000e+04 1.368020000000000014e+00 3.999989999999999668e+01
4.474000000000000000e+04 1.369040000000000035e+00 3.999989999999999668e+01
4.490000000000000000e+04 1.370069999999999899e+00 3.999989999999999668e+01
4.504500000000000000e+04 1.371070000000000011e+00 3.999989999999999668e+01
4.520500000000000000e+04 1.372079999999999966e+00 3.999989999999999668e+01
4.536000000000000000e+04 1.373099999999999987e+00 3.999989999999999668e+01
4.550500000000000000e+04 1.374100000000000099e+00 3.999989999999999668e+01
4.566500000000000000e+04 1.375119999999999898e+00 3.999989999999999668e+01
4.580000000000000000e+04 1.376160000000000050e+00 3.999989999999999668e+01
4.596000000000000000e+04 1.377180000000000071e+00 3.999989999999999668e+01
4.611000000000000000e+04 1.378190000000000026e+00 3.999989999999999668e+01
4.626000000000000000e+04 1.379210000000000047e+00 3.999989999999999668e+01
4.641500000000000000e+04 1.380230000000000068e+00 3.999989999999999668e+01
4.656000000000000000e+04 1.381250000000000089e+00 3.999989999999999668e+01
4.670500000000000000e+04 1.382260000000000044e+00 3.999989999999999668e+01
4.684500000000000000e+04 1.383270000000000000e+00 3.999989999999999668e+01
4.699000000000000000e+04 1.384300000000000086e+00 3.999989999999999668e+01
4.715000000000000000e+04 1.385329999999999950e+00 3.999989999999999668e+01
4.729500000000000000e+04 1.386339999999999906e+00 3.999989999999999668e+01
4.744500000000000000e+04 1.387340000000000018e+00 3.999989999999999668e+01
4.759500000000000000e+04 1.388390000000000013e+00 3.999989999999999668e+01
4.774000000000000000e+04 1.389420000000000099e+00 3.999989999999999668e+01
4.787500000000000000e+04 1.390460000000000029e+00 3.999989999999999668e+01
4.802500000000000000e+04 1.391499999999999959e+00 3.999989999999999668e+01
4.816500000000000000e+04 1.392509999999999915e+00 3.999989999999999668e+01
4.830000000000000000e+04 1.393510000000000026e+00 3.999989999999999668e+01
4.844500000000000000e+04 1.394530000000000047e+00 3.999989999999999668e+01
4.857500000000000000e+04 1.395559999999999912e+00 3.999989999999999668e+01
4.872500000000000000e+04 1.396589999999999998e+00 3.999989999999999668e+01
4.887000000000000000e+04 1.397620000000000084e+00 3.999989999999999668e+01
4.901000000000000000e+04 1.398630000000000040e+00 3.999989999999999668e+01
4.915500000000000000e+04 1.399659999999999904e+00 3.999989999999999668e+01
4.929500000000000000e+04 1.400660000000000016e+00 3.999989999999999668e+01
4.943500000000000000e+04 1.401669999999999972e+00 3.999989999999999668e+01
4.958000000000000000e+04 1.402670000000000083e+00 3.999989999999999668e+01
4.972000000000000000e+04 1.403690000000000104e+00 3.999989999999999668e+01
4.986500000000000000e+04 1.404700000000000060e+00 3.999989999999999668e+01
4.999500000000000000e+04 1.405720000000000081e+00 3.999989999999999668e+01
5.014000000000000000e+04 1.406749999999999945e+00 3.999989999999999668e+01
5.028000000000000000e+04 1.407750000000000057e+00 3.999989999999999668e+01
5.042000000000000000e+04 1.408789999999999987e+00 3.999989999999999668e+01
5.055500000000000000e+04 1.409799999999999942e+00 3.999989999999999668e+01
5.069000000000000000e+04 1.410830000000000028e+00 3.999989999999999668e+01
5.083000000000000000e+04 1.411859999999999893e+00 3.999989999999999668e+01
5.097000000000000000e+04 1.412889999999999979e+00 3.999989999999999668e+01
5.110500000000000000e+04 1.413910000000000000e+00 3.999989999999999668e+01
5.123500000000000000e+04 1.414949999999999930e+00 3.999989999999999668e+01
5.135000000000000000e+04 1.415950000000000042e+00 3.999989999999999668e+01
5.148500000000000000e+04 1.416979999999999906e+00 3.999989999999999668e+01
5.161000000000000000e+04 1.417999999999999927e+00 3.999989999999999668e+01
5.173000000000000000e+04 1.419010000000000105e+00 3.999989999999999668e+01
5.185500000000000000e+04 1.420039999999999969e+00 3.999989999999999668e+01
5.197500000000000000e+04 1.421049999999999924e+00 3.999989999999999668e+01
5.209500000000000000e+04 1.422069999999999945e+00 3.999989999999999668e+01
5.221000000000000000e+04 1.423079999999999901e+00 3.999989999999999668e+01
5.233000000000000000e+04 1.424080000000000013e+00 3.999989999999999668e+01
5.245000000000000000e+04 1.425100000000000033e+00 3.999989999999999668e+01
5.256500000000000000e+04 1.426129999999999898e+00 3.999989999999999668e+01
5.268000000000000000e+04 1.427149999999999919e+00 3.999989999999999668e+01
5.279000000000000000e+04 1.428160000000000096e+00 3.999989999999999668e+01
5.290000000000000000e+04 1.429179999999999895e+00 3.999989999999999668e+01
5.301000000000000000e+04 1.430180000000000007e+00 3.999989999999999668e+01
5.312500000000000000e+04 1.431240000000000068e+00 3.999989999999999668e+01
5.323500000000000000e+04 1.432250000000000023e+00 3.999989999999999668e+01
5.334000000000000000e+04 1.433270000000000044e+00 3.999989999999999668e+01
5.345000000000000000e+04 1.434299999999999908e+00 3.999989999999999668e+01
5.355500000000000000e+04 1.435310000000000086e+00 3.999989999999999668e+01
5.365500000000000000e+04 1.436330000000000107e+00 3.999989999999999668e+01
5.376500000000000000e+04 1.437370000000000037e+00 3.999989999999999668e+01
5.387000000000000000e+04 1.438390000000000057e+00 3.999989999999999668e+01
5.397500000000000000e+04 1.439419999999999922e+00 3.999989999999999668e+01
5.407500000000000000e+04 1.440430000000000099e+00 3.999989999999999668e+01
5.418000000000000000e+04 1.441480000000000095e+00 3.999989999999999668e+01
5.428000000000000000e+04 1.442509999999999959e+00 3.999989999999999668e+01
5.438000000000000000e+04 1.443540000000000045e+00 3.999989999999999668e+01
5.447500000000000000e+04 1.444579999999999975e+00 3.999989999999999668e+01
5.457500000000000000e+04 1.445580000000000087e+00 3.999989999999999668e+01
5.466500000000000000e+04 1.446630000000000082e+00 3.999989999999999668e+01
5.476000000000000000e+04 1.447659999999999947e+00 3.999989999999999668e+01
5.485000000000000000e+04 1.448679999999999968e+00 3.999989999999999668e+01
5.494000000000000000e+04 1.449740000000000029e+00 3.999989999999999668e+01
5.502500000000000000e+04 1.450769999999999893e+00 3.999989999999999668e+01
5.511000000000000000e+04 1.451780000000000070e+00 3.999989999999999668e+01
5.519500000000000000e+04 1.452800000000000091e+00 3.999989999999999668e+01
5.528000000000000000e+04 1.453829999999999956e+00 3.999989999999999668e+01
5.536500000000000000e+04 1.454860000000000042e+00 3.999989999999999668e+01
5.545000000000000000e+04 1.455899999999999972e+00 3.999989999999999668e+01
5.553000000000000000e+04 1.456919999999999993e+00 3.999989999999999668e+01
5.561500000000000000e+04 1.457950000000000079e+00 3.999989999999999668e+01
5.570500000000000000e+04 1.458990000000000009e+00 3.999989999999999668e+01
5.579000000000000000e+04 1.460029999999999939e+00 3.999989999999999668e+01
5.588000000000000000e+04 1.461070000000000091e+00 3.999989999999999668e+01
5.596500000000000000e+04 1.462089999999999890e+00 3.999989999999999668e+01
5.605000000000000000e+04 1.463090000000000002e+00 3.999989999999999668e+01
5.613500000000000000e+04 1.464150000000000063e+00 3.999989999999999668e+01
5.622500000000000000e+04 1.465209999999999901e+00 3.999989999999999668e+01
5.631500000000000000e+04 1.466229999999999922e+00 3.999989999999999668e+01
5.639500000000000000e+04 1.467230000000000034e+00 3.999989999999999668e+01
5.648500000000000000e+04 1.468259999999999899e+00 3.999989999999999668e+01
5.656500000000000000e+04 1.469270000000000076e+00 3.999989999999999668e+01
5.665000000000000000e+04 1.470299999999999940e+00 3.999989999999999668e+01
5.673500000000000000e+04 1.471319999999999961e+00 3.999989999999999668e+01
5.681500000000000000e+04 1.472339999999999982e+00 3.999989999999999668e+01
5.689500000000000000e+04 1.473370000000000068e+00 3.999989999999999668e+01
5.698000000000000000e+04 1.474380000000000024e+00 3.999989999999999668e+01
5.706000000000000000e+04 1.475419999999999954e+00 3.999989999999999668e+01
5.714000000000000000e+04 1.476450000000000040e+00 3.999989999999999668e+01
5.722000000000000000e+04 1.477470000000000061e+00 3.999989999999999668e+01
5.730500000000000000e+04 1.478529999999999900e+00 3.999989999999999668e+01
5.738500000000000000e+04 1.479530000000000012e+00 3.999989999999999668e+01
5.746500000000000000e+04 1.480580000000000007e+00 3.999989999999999668e+01
5.754000000000000000e+04 1.481600000000000028e+00 3.999989999999999668e+01
5.762000000000000000e+04 1.482660000000000089e+00 3.999989999999999668e+01
5.770000000000000000e+04 1.483700000000000019e+00 3.999989999999999668e+01
5.777500000000000000e+04 1.484739999999999949e+00 3.999989999999999668e+01
5.785500000000000000e+04 1.485759999999999970e+00 3.999989999999999668e+01
5.793000000000000000e+04 1.486790000000000056e+00 3.999989999999999668e+01
5.801000000000000000e+04 1.487859999999999960e+00 3.999989999999999668e+01
5.808500000000000000e+04 1.488879999999999981e+00 3.999989999999999668e+01
5.816000000000000000e+04 1.489910000000000068e+00 3.999989999999999668e+01
5.823500000000000000e+04 1.490930000000000089e+00 3.999989999999999668e+01
5.831000000000000000e+04 1.491980000000000084e+00 3.999989999999999668e+01
5.838500000000000000e+04 1.493009999999999948e+00 3.999989999999999668e+01
5.846000000000000000e+04 1.494070000000000009e+00 3.999989999999999668e+01
5.853500000000000000e+04 1.495090000000000030e+00 3.999989999999999668e+01
5.861000000000000000e+04 1.496140000000000025e+00 3.999989999999999668e+01
5.868000000000000000e+04 1.497160000000000046e+00 3.999989999999999668e+01
5.875000000000000000e+04 1.498180000000000067e+00 3.999989999999999668e+01
5.881500000000000000e+04 1.499200000000000088e+00 3.999989999999999668e+01
5.888500000000000000e+04 1.500210000000000043e+00 3.999989999999999668e+01
5.896000000000000000e+04 1.501270000000000104e+00 3.999989999999999668e+01
5.902500000000000000e+04 1.502289999999999903e+00 3.999989999999999668e+01
5.909500000000000000e+04 1.503349999999999964e+00 3.999989999999999668e+01
5.916000000000000000e+04 1.504420000000000091e+00 3.999989999999999668e+01
5.923000000000000000e+04 1.505479999999999929e+00 3.999989999999999668e+01
5.929500000000000000e+04 1.506510000000000016e+00 3.999989999999999668e+01
5.935500000000000000e+04 1.507519999999999971e+00 3.999989999999999668e+01
5.941500000000000000e+04 1.508529999999999927e+00 3.999989999999999668e+01
5.947500000000000000e+04 1.509549999999999947e+00 3.999989999999999668e+01
5.954000000000000000e+04 1.510610000000000008e+00 3.999989999999999668e+01
5.960000000000000000e+04 1.511649999999999938e+00 3.999989999999999668e+01
5.966000000000000000e+04 1.512709999999999999e+00 3.999989999999999668e+01
5.972000000000000000e+04 1.513740000000000085e+00 3.999989999999999668e+01
5.977500000000000000e+04 1.514769999999999950e+00 3.999989999999999668e+01
5.983000000000000000e+04 1.515779999999999905e+00 3.999989999999999668e+01
5.989000000000000000e+04 1.516820000000000057e+00 3.999989999999999668e+01
5.994500000000000000e+04 1.517870000000000053e+00 3.999989999999999668e+01
6.000000000000000000e+04 1.518899999999999917e+00 3.999989999999999668e+01
6.005500000000000000e+04 1.519959999999999978e+00 3.999989999999999668e+01
6.011000000000000000e+04 1.520979999999999999e+00 3.999989999999999668e+01
6.016500000000000000e+04 1.522019999999999929e+00 3.999989999999999668e+01
6.022000000000000000e+04 1.523030000000000106e+00 3.999989999999999668e+01
6.027500000000000000e+04 1.524070000000000036e+00 3.999989999999999668e+01
6.033000000000000000e+04 1.525109999999999966e+00 3.999989999999999668e+01
6.038500000000000000e+04 1.526170000000000027e+00 3.999989999999999668e+01
6.044000000000000000e+04 1.527199999999999891e+00 3.999989999999999668e+01
6.049500000000000000e+04 1.528240000000000043e+00 3.999989999999999668e+01
6.055000000000000000e+04 1.529290000000000038e+00 3.999989999999999668e+01
6.060500000000000000e+04 1.530389999999999917e+00 3.999989999999999668e+01
6.066000000000000000e+04 1.531460000000000043e+00 3.999989999999999668e+01
6.071000000000000000e+04 1.532489999999999908e+00 3.999989999999999668e+01
6.076000000000000000e+04 1.533519999999999994e+00 3.999989999999999668e+01
6.081500000000000000e+04 1.534610000000000030e+00 3.999989999999999668e+01
6.086000000000000000e+04 1.535619999999999985e+00 3.999989999999999668e+01
6.090500000000000000e+04 1.536620000000000097e+00 3.999989999999999668e+01
6.095500000000000000e+04 1.537679999999999936e+00 3.999989999999999668e+01
6.100500000000000000e+04 1.538780000000000037e+00 3.999989999999999668e+01
6.105000000000000000e+04 1.539789999999999992e+00 3.999989999999999668e+01
6.109500000000000000e+04 1.540839999999999987e+00 3.999989999999999668e+01
6.114000000000000000e+04 1.541870000000000074e+00 3.999989999999999668e+01
6.118500000000000000e+04 1.542929999999999913e+00 3.999989999999999668e+01
6.122500000000000000e+04 1.543930000000000025e+00 3.999989999999999668e+01
6.127000000000000000e+04 1.544999999999999929e+00 3.999989999999999668e+01
6.131500000000000000e+04 1.546100000000000030e+00 3.999989999999999668e+01
6.136000000000000000e+04 1.547220000000000040e+00 3.999989999999999668e+01
6.140500000000000000e+04 1.548289999999999944e+00 3.999989999999999668e+01
6.145000000000000000e+04 1.549369999999999914e+00 3.999989999999999668e+01
6.149500000000000000e+04 1.550450000000000106e+00 3.999989999999999668e+01
6.154000000000000000e+04 1.551579999999999959e+00 3.999989999999999668e+01
6.158000000000000000e+04 1.552610000000000046e+00 3.999989999999999668e+01
6.162500000000000000e+04 1.553719999999999990e+00 3.999989999999999668e+01
6.166500000000000000e+04 1.554729999999999945e+00 3.999989999999999668e+01
6.171000000000000000e+04 1.555830000000000046e+00 3.999989999999999668e+01
6.175000000000000000e+04 1.556850000000000067e+00 3.999989999999999668e+01
6.179500000000000000e+04 1.557960000000000012e+00 3.999989999999999668e+01
6.184000000000000000e+04 1.559099999999999930e+00 3.999989999999999668e+01
6.188500000000000000e+04 1.560200000000000031e+00 3.999989999999999668e+01
6.192500000000000000e+04 1.561209999999999987e+00 3.999989999999999668e+01
6.196500000000000000e+04 1.562219999999999942e+00 3.999989999999999668e+01
6.200500000000000000e+04 1.563290000000000068e+00 3.999989999999999668e+01
6.205000000000000000e+04 1.564400000000000013e+00 3.999989999999999668e+01
6.209000000000000000e+04 1.565409999999999968e+00 3.999989999999999668e+01
6.213000000000000000e+04 1.566470000000000029e+00 3.999989999999999668e+01
6.217000000000000000e+04 1.567539999999999933e+00 3.999989999999999668e+01
6.221000000000000000e+04 1.568610000000000060e+00 3.999989999999999668e+01
6.225000000000000000e+04 1.569649999999999990e+00 3.999989999999999668e+01
6.229000000000000000e+04 1.570719999999999894e+00 3.999989999999999668e+01
6.233000000000000000e+04 1.571800000000000086e+00 3.999989999999999668e+01
6.237000000000000000e+04 1.572880000000000056e+00 3.999989999999999668e+01
6.241000000000000000e+04 1.573979999999999935e+00 3.999989999999999668e+01
6.245000000000000000e+04 1.575080000000000036e+00 3.999989999999999668e+01
6.249000000000000000e+04 1.576170000000000071e+00 3.999989999999999668e+01
6.253000000000000000e+04 1.577260000000000106e+00 3.999989999999999668e+01
6.257000000000000000e+04 1.578379999999999894e+00 3.999989999999999668e+01
6.261000000000000000e+04 1.579460000000000086e+00 3.999989999999999668e+01
6.265000000000000000e+04 1.580580000000000096e+00 3.999989999999999668e+01
6.269000000000000000e+04 1.581669999999999909e+00 3.999989999999999668e+01
6.273000000000000000e+04 1.582780000000000076e+00 3.999989999999999668e+01
6.277000000000000000e+04 1.583890000000000020e+00 3.999989999999999668e+01
6.281000000000000000e+04 1.584999999999999964e+00 3.999989999999999668e+01
6.285000000000000000e+04 1.586119999999999974e+00 3.999989999999999668e+01
6.289000000000000000e+04 1.587210000000000010e+00 3.999989999999999668e+01
6.293000000000000000e+04 1.588310000000000111e+00 3.999989999999999668e+01
6.297000000000000000e+04 1.589409999999999989e+00 3.999989999999999668e+01
6.300500000000000000e+04 1.590410000000000101e+00 3.999989999999999668e+01
6.304500000000000000e+04 1.591529999999999889e+00 3.999989999999999668e+01
6.308000000000000000e+04 1.592559999999999976e+00 3.999989999999999668e+01
6.311500000000000000e+04 1.593639999999999946e+00 3.999989999999999668e+01
6.315000000000000000e+04 1.594680000000000097e+00 3.999989999999999668e+01
6.318500000000000000e+04 1.595690000000000053e+00 3.999989999999999668e+01
6.322000000000000000e+04 1.596759999999999957e+00 3.999989999999999668e+01
6.325500000000000000e+04 1.597790000000000044e+00 3.999989999999999668e+01
6.329000000000000000e+04 1.598870000000000013e+00 3.999989999999999668e+01
6.332500000000000000e+04 1.599960000000000049e+00 3.999989999999999668e+01
6.336000000000000000e+04 1.601020000000000110e+00 3.999989999999999668e+01
6.339500000000000000e+04 1.602130000000000054e+00 3.999989999999999668e+01
6.343000000000000000e+04 1.603220000000000089e+00 3.999989999999999668e+01
6.346500000000000000e+04 1.604300000000000059e+00 3.999989999999999668e+01
6.350000000000000000e+04 1.605390000000000095e+00 3.999989999999999668e+01
6.353500000000000000e+04 1.606489999999999974e+00 3.999989999999999668e+01
6.357000000000000000e+04 1.607560000000000100e+00 3.999989999999999668e+01
6.360500000000000000e+04 1.608689999999999953e+00 3.999989999999999668e+01
6.364000000000000000e+04 1.609760000000000080e+00 3.999989999999999668e+01
6.367500000000000000e+04 1.610910000000000064e+00 3.999989999999999668e+01
6.371000000000000000e+04 1.612000000000000099e+00 3.999989999999999668e+01
6.374500000000000000e+04 1.613140000000000018e+00 3.999989999999999668e+01
6.378000000000000000e+04 1.614279999999999937e+00 3.999989999999999668e+01
6.381500000000000000e+04 1.615390000000000104e+00 3.999989999999999668e+01
6.385000000000000000e+04 1.616530000000000022e+00 3.999989999999999668e+01
6.388500000000000000e+04 1.617650000000000032e+00 3.999989999999999668e+01
6.392000000000000000e+04 1.618810000000000082e+00 3.999989999999999668e+01
6.395500000000000000e+04 1.619939999999999936e+00 3.999989999999999668e+01
6.398500000000000000e+04 1.620970000000000022e+00 3.999989999999999668e+01
6.402000000000000000e+04 1.622149999999999981e+00 3.999989999999999668e+01
6.405000000000000000e+04 1.623199999999999976e+00 3.999989999999999668e+01
6.408000000000000000e+04 1.624260000000000037e+00 3.999989999999999668e+01
6.411000000000000000e+04 1.625369999999999981e+00 3.999989999999999668e+01
6.414000000000000000e+04 1.626460000000000017e+00 3.999989999999999668e+01
6.417000000000000000e+04 1.627559999999999896e+00 3.999989999999999668e+01
6.420000000000000000e+04 1.628689999999999971e+00 3.999989999999999668e+01
6.423000000000000000e+04 1.629850000000000021e+00 3.999989999999999668e+01
6.426000000000000000e+04 1.631000000000000005e+00 3.999989999999999668e+01
6.429000000000000000e+04 1.632160000000000055e+00 3.999989999999999668e+01
6.432000000000000000e+04 1.633350000000000080e+00 3.999989999999999668e+01
6.435000000000000000e+04 1.634540000000000104e+00 3.999989999999999668e+01
6.438000000000000000e+04 1.635720000000000063e+00 3.999989999999999668e+01
6.440500000000000000e+04 1.636740000000000084e+00 3.999989999999999668e+01
6.443000000000000000e+04 1.637769999999999948e+00 3.999989999999999668e+01
6.445500000000000000e+04 1.638770000000000060e+00 3.999989999999999668e+01
6.448500000000000000e+04 1.639969999999999928e+00 3.999989999999999668e+01
6.451000000000000000e+04 1.640989999999999949e+00 3.999989999999999668e+01
6.453500000000000000e+04 1.642020000000000035e+00 3.999989999999999668e+01
6.456000000000000000e+04 1.643070000000000030e+00 3.999989999999999668e+01
6.458500000000000000e+04 1.644120000000000026e+00 3.999989999999999668e+01
6.461000000000000000e+04 1.645189999999999930e+00 3.999989999999999668e+01
6.463500000000000000e+04 1.646330000000000071e+00 3.999989999999999668e+01
6.466000000000000000e+04 1.647450000000000081e+00 3.999989999999999668e+01
6.468500000000000000e+04 1.648609999999999909e+00 3.999989999999999668e+01
6.471000000000000000e+04 1.649809999999999999e+00 3.999989999999999668e+01
6.473500000000000000e+04 1.650979999999999892e+00 3.999989999999999668e+01
6.476000000000000000e+04 1.652169999999999916e+00 3.999989999999999668e+01
6.478500000000000000e+04 1.653359999999999941e+00 3.999989999999999668e+01
6.481000000000000000e+04 1.654530000000000056e+00 3.999989999999999668e+01
6.483500000000000000e+04 1.655690000000000106e+00 3.999989999999999668e+01
6.486000000000000000e+04 1.656859999999999999e+00 3.999989999999999668e+01
6.488500000000000000e+04 1.658009999999999984e+00 3.999989999999999668e+01
6.491000000000000000e+04 1.659170000000000034e+00 3.999989999999999668e+01
6.493500000000000000e+04 1.660320000000000018e+00 3.999989999999999668e+01
6.496000000000000000e+04 1.661480000000000068e+00 3.999989999999999668e+01
6.498500000000000000e+04 1.662639999999999896e+00 3.999989999999999668e+01
6.501000000000000000e+04 1.663799999999999946e+00 3.999989999999999668e+01
6.503500000000000000e+04 1.664940000000000087e+00 3.999989999999999668e+01
6.506000000000000000e+04 1.666120000000000045e+00 3.999989999999999668e+01
6.508500000000000000e+04 1.667310000000000070e+00 3.999989999999999668e+01
6.511000000000000000e+04 1.668490000000000029e+00 3.999989999999999668e+01
6.513500000000000000e+04 1.669699999999999962e+00 3.999989999999999668e+01
6.516000000000000000e+04 1.670919999999999961e+00 3.999989999999999668e+01
6.518500000000000000e+04 1.672160000000000091e+00 3.999989999999999668e+01
6.521000000000000000e+04 1.673399999999999999e+00 3.999989999999999668e+01
6.523500000000000000e+04 1.674630000000000063e+00 3.999989999999999668e+01
6.525500000000000000e+04 1.675669999999999993e+00 3.999989999999999668e+01
6.527500000000000000e+04 1.676690000000000014e+00 3.999989999999999668e+01
6.529500000000000000e+04 1.677729999999999944e+00 3.999989999999999668e+01
6.531500000000000000e+04 1.678779999999999939e+00 3.999989999999999668e+01
6.533500000000000000e+04 1.679869999999999974e+00 3.999989999999999668e+01
6.535500000000000000e+04 1.680960000000000010e+00 3.999989999999999668e+01
6.537500000000000000e+04 1.682090000000000085e+00 3.999989999999999668e+01
6.539500000000000000e+04 1.683200000000000029e+00 3.999989999999999668e+01
6.541500000000000000e+04 1.684360000000000079e+00 3.999989999999999668e+01
6.543500000000000000e+04 1.685529999999999973e+00 3.999989999999999668e+01
6.545500000000000000e+04 1.686690000000000023e+00 3.999989999999999668e+01
6.547500000000000000e+04 1.687859999999999916e+00 3.999989999999999668e+01
6.549500000000000000e+04 1.689009999999999900e+00 3.999989999999999668e+01
6.551500000000000000e+04 1.690180000000000016e+00 3.999989999999999668e+01
6.553500000000000000e+04 1.691349999999999909e+00 3.999989999999999668e+01
6.555500000000000000e+04 1.692560000000000064e+00 3.999989999999999668e+01
6.557500000000000000e+04 1.693780000000000063e+00 3.999989999999999668e+01
6.559500000000000000e+04 1.694970000000000088e+00 3.999989999999999668e+01
6.561500000000000000e+04 1.696199999999999930e+00 3.999989999999999668e+01
6.563500000000000000e+04 1.697419999999999929e+00 3.999989999999999668e+01
6.565500000000000000e+04 1.698679999999999968e+00 3.999989999999999668e+01
6.567500000000000000e+04 1.699969999999999981e+00 3.999989999999999668e+01
6.569500000000000000e+04 1.701200000000000045e+00 3.999989999999999668e+01
6.571500000000000000e+04 1.702450000000000019e+00 3.999989999999999668e+01
6.573500000000000000e+04 1.703729999999999967e+00 3.999989999999999668e+01
6.575500000000000000e+04 1.705009999999999915e+00 3.999989999999999668e+01
6.577500000000000000e+04 1.706280000000000019e+00 3.999989999999999668e+01
6.579500000000000000e+04 1.707580000000000098e+00 3.999989999999999668e+01
6.581500000000000000e+04 1.708879999999999955e+00 3.999989999999999668e+01
6.583500000000000000e+04 1.710199999999999942e+00 3.999989999999999668e+01
6.585000000000000000e+04 1.711209999999999898e+00 3.999989999999999668e+01
6.586500000000000000e+04 1.712239999999999984e+00 3.999989999999999668e+01
6.588500000000000000e+04 1.713580000000000103e+00 3.999989999999999668e+01
6.590000000000000000e+04 1.714590000000000058e+00 3.999989999999999668e+01
6.591500000000000000e+04 1.715619999999999923e+00 3.999989999999999668e+01
6.593000000000000000e+04 1.716690000000000049e+00 3.999989999999999668e+01
6.594500000000000000e+04 1.717759999999999954e+00 3.999989999999999668e+01
6.596000000000000000e+04 1.718849999999999989e+00 3.999989999999999668e+01
6.597500000000000000e+04 1.719980000000000064e+00 3.999989999999999668e+01
6.599000000000000000e+04 1.721070000000000100e+00 3.999989999999999668e+01
6.600500000000000000e+04 1.722199999999999953e+00 3.999989999999999668e+01
6.602000000000000000e+04 1.723330000000000028e+00 3.999989999999999668e+01
6.603500000000000000e+04 1.724429999999999907e+00 3.999989999999999668e+01
6.605000000000000000e+04 1.725559999999999983e+00 3.999989999999999668e+01
6.606500000000000000e+04 1.726709999999999967e+00 3.999989999999999668e+01
6.608000000000000000e+04 1.727850000000000108e+00 3.999989999999999668e+01
6.609500000000000000e+04 1.729000000000000092e+00 3.999989999999999668e+01
6.611000000000000000e+04 1.730189999999999895e+00 3.999989999999999668e+01
6.612500000000000000e+04 1.731379999999999919e+00 3.999989999999999668e+01
6.614000000000000000e+04 1.732609999999999983e+00 3.999989999999999668e+01
6.615500000000000000e+04 1.733870000000000022e+00 3.999989999999999668e+01
6.617000000000000000e+04 1.735100000000000087e+00 3.999989999999999668e+01
6.618500000000000000e+04 1.736339999999999995e+00 3.999989999999999668e+01
6.620000000000000000e+04 1.737610000000000099e+00 3.999989999999999668e+01
6.621500000000000000e+04 1.738909999999999956e+00 3.999989999999999668e+01
6.623000000000000000e+04 1.740189999999999904e+00 3.999989999999999668e+01
6.624500000000000000e+04 1.741470000000000073e+00 3.999989999999999668e+01
6.626000000000000000e+04 1.742769999999999930e+00 3.999989999999999668e+01
6.627500000000000000e+04 1.744070000000000009e+00 3.999989999999999668e+01
6.629000000000000000e+04 1.745430000000000037e+00 3.999989999999999668e+01
6.630500000000000000e+04 1.746830000000000105e+00 3.999989999999999668e+01
6.632000000000000000e+04 1.748280000000000056e+00 3.999989999999999668e+01
6.633500000000000000e+04 1.749749999999999917e+00 3.999989999999999668e+01
6.634500000000000000e+04 1.750750000000000028e+00 3.999989999999999668e+01
6.635500000000000000e+04 1.751759999999999984e+00 3.999989999999999668e+01
6.636500000000000000e+04 1.752790000000000070e+00 3.999989999999999668e+01
6.637500000000000000e+04 1.753830000000000000e+00 3.999989999999999668e+01
6.638500000000000000e+04 1.754879999999999995e+00 3.999989999999999668e+01
6.639500000000000000e+04 1.755900000000000016e+00 3.999989999999999668e+01
6.640500000000000000e+04 1.756950000000000012e+00 3.999989999999999668e+01
6.641500000000000000e+04 1.758000000000000007e+00 3.999989999999999668e+01
6.642500000000000000e+04 1.759060000000000068e+00 3.999989999999999668e+01
6.643500000000000000e+04 1.760150000000000103e+00 3.999989999999999668e+01
6.644500000000000000e+04 1.761249999999999982e+00 3.999989999999999668e+01
6.645500000000000000e+04 1.762359999999999927e+00 3.999989999999999668e+01
6.646500000000000000e+04 1.763500000000000068e+00 3.999989999999999668e+01
6.647500000000000000e+04 1.764659999999999895e+00 3.999989999999999668e+01
6.648500000000000000e+04 1.765830000000000011e+00 3.999989999999999668e+01
6.649500000000000000e+04 1.767030000000000101e+00 3.999989999999999668e+01
6.650500000000000000e+04 1.768240000000000034e+00 3.999989999999999668e+01
6.651500000000000000e+04 1.769479999999999942e+00 3.999989999999999668e+01
6.652500000000000000e+04 1.770739999999999981e+00 3.999989999999999668e+01
6.653500000000000000e+04 1.772049999999999903e+00 3.999989999999999668e+01
6.654500000000000000e+04 1.773379999999999956e+00 3.999989999999999668e+01
6.655500000000000000e+04 1.774750000000000050e+00 3.999989999999999668e+01
6.656500000000000000e+04 1.776159999999999961e+00 3.999989999999999668e+01
6.657500000000000000e+04 1.777579999999999938e+00 3.999989999999999668e+01
6.658500000000000000e+04 1.779029999999999889e+00 3.999989999999999668e+01
6.659500000000000000e+04 1.780529999999999946e+00 3.999989999999999668e+01
6.660500000000000000e+04 1.782030000000000003e+00 3.999989999999999668e+01
6.661500000000000000e+04 1.783530000000000060e+00 3.999989999999999668e+01
6.662500000000000000e+04 1.785069999999999935e+00 3.999989999999999668e+01
6.663500000000000000e+04 1.786629999999999940e+00 3.999989999999999668e+01
6.664500000000000000e+04 1.788229999999999986e+00 3.999989999999999668e+01
6.665500000000000000e+04 1.789860000000000007e+00 3.999989999999999668e+01
6.666500000000000000e+04 1.791549999999999976e+00 3.999989999999999668e+01
6.667500000000000000e+04 1.793269999999999920e+00 3.999989999999999668e+01
6.668500000000000000e+04 1.795050000000000034e+00 3.999989999999999668e+01
6.669500000000000000e+04 1.796929999999999916e+00 3.999989999999999668e+01
6.670500000000000000e+04 1.798829999999999929e+00 3.999989999999999668e+01
6.671500000000000000e+04 1.800740000000000007e+00 3.999989999999999668e+01
6.672500000000000000e+04 1.802729999999999944e+00 3.999989999999999668e+01
6.673000000000000000e+04 1.803739999999999899e+00 3.999989999999999668e+01
6.673500000000000000e+04 1.804769999999999985e+00 3.999989999999999668e+01
6.674000000000000000e+04 1.805809999999999915e+00 3.999989999999999668e+01
6.674500000000000000e+04 1.806859999999999911e+00 3.999989999999999668e+01
6.675000000000000000e+04 1.807930000000000037e+00 3.999989999999999668e+01
6.675500000000000000e+04 1.809010000000000007e+00 3.999989999999999668e+01
6.676000000000000000e+04 1.810100000000000042e+00 3.999989999999999668e+01
6.676500000000000000e+04 1.811209999999999987e+00 3.999989999999999668e+01
6.677000000000000000e+04 1.812340000000000062e+00 3.999989999999999668e+01
6.677500000000000000e+04 1.813469999999999915e+00 3.999989999999999668e+01
6.678000000000000000e+04 1.814640000000000031e+00 3.999989999999999668e+01
6.678500000000000000e+04 1.815819999999999990e+00 3.999989999999999668e+01
6.679000000000000000e+04 1.817020000000000080e+00 3.999989999999999668e+01
6.679500000000000000e+04 1.818259999999999987e+00 3.999989999999999668e+01
6.680000000000000000e+04 1.819520000000000026e+00 3.999989999999999668e+01
6.680500000000000000e+04 1.820789999999999909e+00 3.999989999999999668e+01
6.681000000000000000e+04 1.822060000000000013e+00 3.999989999999999668e+01
6.681500000000000000e+04 1.823329999999999895e+00 3.999989999999999668e+01
6.682000000000000000e+04 1.824619999999999909e+00 3.999989999999999668e+01
6.682500000000000000e+04 1.825919999999999987e+00 3.999989999999999668e+01
6.683000000000000000e+04 1.827280000000000015e+00 3.999989999999999668e+01
6.683500000000000000e+04 1.828670000000000018e+00 3.999989999999999668e+01
6.684000000000000000e+04 1.830100000000000060e+00 3.999989999999999668e+01
6.684500000000000000e+04 1.831560000000000077e+00 3.999989999999999668e+01
6.685000000000000000e+04 1.833059999999999912e+00 3.999989999999999668e+01
6.685500000000000000e+04 1.834610000000000074e+00 3.999989999999999668e+01
6.686000000000000000e+04 1.836189999999999989e+00 3.999989999999999668e+01
6.686500000000000000e+04 1.837779999999999969e+00 3.999989999999999668e+01
6.687000000000000000e+04 1.839390000000000081e+00 3.999989999999999668e+01
6.687500000000000000e+04 1.840989999999999904e+00 3.999989999999999668e+01
6.688000000000000000e+04 1.842629999999999990e+00 3.999989999999999668e+01
6.688500000000000000e+04 1.844279999999999919e+00 3.999989999999999668e+01
6.689000000000000000e+04 1.845970000000000111e+00 3.999989999999999668e+01
6.689500000000000000e+04 1.847699999999999898e+00 3.999989999999999668e+01
6.690000000000000000e+04 1.849490000000000078e+00 3.999989999999999668e+01
6.690500000000000000e+04 1.851339999999999986e+00 3.999989999999999668e+01
6.691000000000000000e+04 1.853220000000000089e+00 3.999989999999999668e+01
6.691500000000000000e+04 1.855110000000000037e+00 3.999989999999999668e+01
6.692000000000000000e+04 1.857019999999999893e+00 3.999989999999999668e+01
6.692500000000000000e+04 1.858980000000000077e+00 3.999989999999999668e+01
6.693000000000000000e+04 1.860989999999999922e+00 3.999989999999999668e+01
6.693500000000000000e+04 1.863110000000000044e+00 3.999989999999999668e+01
6.694000000000000000e+04 1.865289999999999893e+00 3.999989999999999668e+01
6.694500000000000000e+04 1.867520000000000069e+00 3.999989999999999668e+01
6.695000000000000000e+04 1.869760000000000089e+00 3.999989999999999668e+01
6.695500000000000000e+04 1.872020000000000017e+00 3.999989999999999668e+01
6.696000000000000000e+04 1.874360000000000026e+00 3.999989999999999668e+01
6.696500000000000000e+04 1.876770000000000049e+00 3.999989999999999668e+01
6.697000000000000000e+04 1.879259999999999931e+00 3.999989999999999668e+01
6.697500000000000000e+04 1.881850000000000023e+00 3.999989999999999668e+01
6.698000000000000000e+04 1.884449999999999958e+00 3.999989999999999668e+01
6.698500000000000000e+04 1.887089999999999934e+00 3.999989999999999668e+01
6.699000000000000000e+04 1.889820000000000055e+00 3.999989999999999668e+01
6.699500000000000000e+04 1.892679999999999918e+00 3.999989999999999668e+01
6.700000000000000000e+04 1.895699999999999941e+00 3.999989999999999668e+01
6.700500000000000000e+04 1.898830000000000018e+00 3.999989999999999668e+01
6.701000000000000000e+04 1.901999999999999913e+00 3.999989999999999668e+01
6.701500000000000000e+04 1.905200000000000005e+00 3.999989999999999668e+01
6.702000000000000000e+04 1.908490000000000020e+00 3.999989999999999668e+01
6.702500000000000000e+04 1.911990000000000078e+00 3.999989999999999668e+01
6.703000000000000000e+04 1.915659999999999918e+00 3.999989999999999668e+01
6.703500000000000000e+04 1.919419999999999904e+00 3.999989999999999668e+01
6.704000000000000000e+04 1.923359999999999959e+00 3.999989999999999668e+01
6.704500000000000000e+04 1.927550000000000097e+00 3.999989999999999668e+01
6.705000000000000000e+04 1.931959999999999900e+00 3.999989999999999668e+01
6.705500000000000000e+04 1.936420000000000030e+00 3.999989999999999668e+01
6.706000000000000000e+04 1.941060000000000008e+00 3.999989999999999668e+01
6.706500000000000000e+04 1.946059999999999901e+00 3.999989999999999668e+01
6.707000000000000000e+04 1.951310000000000100e+00 3.999989999999999668e+01
6.707500000000000000e+04 1.956870000000000109e+00 3.999989999999999668e+01
6.708000000000000000e+04 1.962760000000000060e+00 3.999989999999999668e+01
6.708500000000000000e+04 1.969000000000000083e+00 3.999989999999999668e+01
6.709000000000000000e+04 1.975850000000000106e+00 3.999989999999999668e+01
6.709500000000000000e+04 1.983070000000000110e+00 3.999989999999999668e+01
6.710000000000000000e+04 1.990769999999999929e+00 3.999989999999999668e+01
6.710500000000000000e+04 1.998609999999999998e+00 3.999989999999999668e+01
6.711000000000000000e+04 2.007060000000000066e+00 3.999989999999999668e+01
6.711500000000000000e+04 2.016239999999999810e+00 3.999989999999999668e+01
6.712000000000000000e+04 2.026089999999999947e+00 3.999989999999999668e+01
6.712500000000000000e+04 2.036389999999999922e+00 3.999989999999999668e+01
6.713000000000000000e+04 2.047540000000000138e+00 3.999989999999999668e+01
6.713500000000000000e+04 2.059239999999999959e+00 3.999989999999999668e+01
6.714000000000000000e+04 2.072119999999999962e+00 3.999989999999999668e+01
6.714500000000000000e+04 2.086380000000000123e+00 3.999989999999999668e+01
6.715000000000000000e+04 2.103190000000000115e+00 3.999989999999999668e+01
6.715500000000000000e+04 2.122269999999999879e+00 3.999989999999999668e+01
6.716000000000000000e+04 2.142790000000000195e+00 3.999989999999999668e+01
6.716500000000000000e+04 2.164860000000000007e+00 3.999989999999999668e+01
6.717000000000000000e+04 2.189280000000000115e+00 3.999989999999999668e+01
6.717500000000000000e+04 2.218739999999999934e+00 3.999989999999999668e+01
6.718000000000000000e+04 2.253089999999999815e+00 3.999989999999999668e+01
6.718500000000000000e+04 2.304079999999999906e+00 3.999989999999999668e+01
6.719000000000000000e+04 2.357009999999999827e+00 3.999989999999999668e+01
6.719500000000000000e+04 2.417590000000000128e+00 3.999989999999999668e+01
6.720000000000000000e+04 2.487239999999999895e+00 3.999989999999999668e+01
6.720500000000000000e+04 2.571439999999999948e+00 3.999989999999999668e+01
6.721000000000000000e+04 2.680499999999999883e+00 3.999989999999999668e+01
6.721500000000000000e+04 2.847259999999999902e+00 3.999989999999999668e+01
6.722000000000000000e+04 3.171479999999999855e+00 3.999989999999999668e+01
6.722000000000000000e+04 3.171479999999999855e+00 3.999989999999999668e+01
