1.115656377835626636e-04 8.150574257426105760e+02
1.859427296392710969e-04 5.527524752475507057e+02
2.603198214949795303e-04 4.267504950495217599e+02
3.346969133506879908e-04 3.635643564356607271e+02
4.090740052063964512e-04 3.115544554455587445e+02
4.834510970621048575e-04 2.773861386138707417e+02
5.578281889178132637e-04 2.731445544554598541e+02
6.322052807735217784e-04 2.372594059406026474e+02
7.065823726292301847e-04 2.129207920792181881e+02
7.809594644849385909e-04 1.971663366336721026e+02
8.553365563406471056e-04 1.879089108910966104e+02
9.297136481963555119e-04 1.774732673267423593e+02
1.004090740052063918e-03 1.669029702970376832e+02
1.078467831907772324e-03 1.566019801980263821e+02
1.152844923763480947e-03 1.482198019802023623e+02
1.227222015619189354e-03 1.414871287128798372e+02
1.301599107474897760e-03 1.364376237623813779e+02
1.375976199330606166e-03 1.321623762376291040e+02
1.450353291186314572e-03 1.286277227722816860e+02
1.524730383042022979e-03 1.231405940594130612e+02
1.599107474897731602e-03 1.169128712871358857e+02
1.673484566753440008e-03 1.113920792079222082e+02
1.747861658609148414e-03 1.072514851485203451e+02
1.822238750464856821e-03 1.035821782178262396e+02
1.896615842320565227e-03 1.011920792079274349e+02
1.970992934176273633e-03 9.944158415842065324e+01
2.045370026031982039e-03 9.654653465346900987e+01
2.119747117887690446e-03 9.425742574257925810e+01
2.194124209743398852e-03 9.149702970297428806e+01
2.268501301599107258e-03 8.816435643564500424e+01
2.342878393454816098e-03 8.594257425743046497e+01
2.417255485310524504e-03 8.321584158416310117e+01
2.491632577166232911e-03 8.089306930693200570e+01
2.566009669021941317e-03 7.900792079208230234e+01
2.640386760877649723e-03 7.735841584158832518e+01
2.714763852733358129e-03 7.580990099010342931e+01
2.789140944589066536e-03 7.405940594059664761e+01
2.863518036444774942e-03 7.291485148515177173e+01
2.937895128300483348e-03 7.203960396040027092e+01
3.012272220156191754e-03 7.109702970297354341e+01
3.086649312011900161e-03 7.005346534653773460e+01
3.161026403867608567e-03 6.867326732673338086e+01
3.235403495723317407e-03 6.685544554455887578e+01
3.309780587579025813e-03 6.550891089109211407e+01
3.384157679434734219e-03 6.385940594059814401e+01
3.458534771290442626e-03 6.150297029702946361e+01
3.532911863146151032e-03 6.035841584158833228e+01
3.607288955001859438e-03 5.931485148515252348e+01
3.681666046857567844e-03 5.820396039604152350e+01
3.756043138713276251e-03 5.709306930693426096e+01
3.830420230568984657e-03 5.645346534653474180e+01
3.904797322424693063e-03 5.567920792079603132e+01
3.979174414280401903e-03 5.554455445544562053e+01
4.053551506136110309e-03 5.463564356436023672e+01
4.127928597991818715e-03 5.335643564356868751e+01
4.202305689847527122e-03 5.281782178217824963e+01
4.276682781703235528e-03 5.244752475247956625e+01
4.351059873558943934e-03 5.160594059406191292e+01
4.425436965414652341e-03 5.046138613861330668e+01
4.499814057270360747e-03 4.958613861386551491e+01
4.574191149126069153e-03 4.854257425742598286e+01
4.648568240981777559e-03 4.810495049505208698e+01
4.722945332837485966e-03 4.716237623762535947e+01
4.797322424693194372e-03 4.595049504950902275e+01
4.871699516548902778e-03 4.564752475247806274e+01
4.946076608404611184e-03 4.537821782178097862e+01
5.020453700260319591e-03 4.480594059406415397e+01
5.094830792116027997e-03 4.389702970297128815e+01
5.169207883971736403e-03 4.345940594059739936e+01
5.243584975827444809e-03 4.298811881188216688e+01
5.317962067683153216e-03 4.241584158415786732e+01
5.392339159538861622e-03 4.180990099010342931e+01
5.466716251394570895e-03 4.140594059405967187e+01
5.541093343250279302e-03 4.110297029703244931e+01
5.615470435105987708e-03 4.026138613861479598e+01
5.689847526961696114e-03 4.042970297029907556e+01
5.764224618817404520e-03 4.036237623762760762e+01
5.838601710673112927e-03 3.992475247524623683e+01
5.912978802528821333e-03 3.898217821782324677e+01
5.987355894384529739e-03 3.888118811881417969e+01
6.061732986240238145e-03 3.844356435643654635e+01
6.136110078095946552e-03 3.803960396040026382e+01
6.210487169951654958e-03 3.770297029703170466e+01
6.284864261807363364e-03 3.719801980198260338e+01
6.359241353663071770e-03 3.672673267326737090e+01
6.433618445518780177e-03 3.635643564356495006e+01
6.507995537374488583e-03 3.605346534653773460e+01
6.582372629230196989e-03 3.490891089108912126e+01
6.656749721085905395e-03 3.410099009901281164e+01
6.731126812941613802e-03 3.383168316831945788e+01
6.842692450725176845e-03 3.351188118811970185e+01
6.991446634436593657e-03 3.270396039604152350e+01
7.140200818148010470e-03 3.201386138613934662e+01
7.288955001859427282e-03 3.147524752475451493e+01
7.437709185570844095e-03 3.102079207920808201e+01
7.586463369282260907e-03 3.054950495049658699e+01
7.735217552993677720e-03 3.026336633663443365e+01
7.883971736705094532e-03 2.982574257426054132e+01
8.032725920416511345e-03 2.925346534653436947e+01
8.181480104127928157e-03 2.893366336633835090e+01
8.330234287839344970e-03 2.846237623762498714e+01
8.478988471550761782e-03 2.795742574257588942e+01
8.627742655262178595e-03 2.721683168316917900e+01
8.776496838973595407e-03 2.667821782178434376e+01
8.925251022685012220e-03 2.640891089108912482e+01
9.074005206396429032e-03 2.580297029703095646e+01
9.222759390107847580e-03 2.521386138613971539e+01
9.371513573819264392e-03 2.487722772277302852e+01
9.520267757530681205e-03 2.472574257425942079e+01
9.669021941242098017e-03 2.427128712871299143e+01
9.817776124953514830e-03 2.374950495049695931e+01
9.966530308664931642e-03 2.341287128713027244e+01
1.011528449237634845e-02 2.331188118811933307e+01
1.026403867608776527e-02 2.317722772277265619e+01
1.041279285979918208e-02 2.285742574257663762e+01
1.056154704351059889e-02 2.238613861386140513e+01
1.071030122722201570e-02 2.230198019802113407e+01
1.085905541093343252e-02 2.770495049505133878e+01
1.100780959464484933e-02 2.263861386138595577e+01
1.115656377835626614e-02 2.208316831683232095e+01
1.130531796206768295e-02 2.179702970297203635e+01
1.145407214577909977e-02 2.146039603960534947e+01
1.160282632949051658e-02 2.114059405940559344e+01
1.175158051320193339e-02 2.071980198020050423e+01
1.190033469691335020e-02 2.043366336633648217e+01
1.204908888062476702e-02 2.023168316831834090e+01
1.219784306433618383e-02 1.965940594059403423e+01
1.234659724804760064e-02 1.957524752475376317e+01
1.249535143175901745e-02 1.918811881188253921e+01
1.264410561547043427e-02 1.859900990099130169e+01
1.279285979918185281e-02 1.848118811881155921e+01
1.294161398289326963e-02 1.871683168316917545e+01
1.309036816660468644e-02 1.816138613861554063e+01
1.323912235031610325e-02 1.789207920792032169e+01
1.338787653402752006e-02 1.763960396039764333e+01
1.353663071773893688e-02 1.752178217821790085e+01
1.368538490145035369e-02 1.765643564356644646e+01
1.383413908516177050e-02 1.720198019802001355e+01
1.398289326887318731e-02 1.693267326732666334e+01
1.413164745258460413e-02 1.725247524752641937e+01
1.428040163629602094e-02 1.720198019802001355e+01
1.442915582000743775e-02 1.693267326732853206e+01
1.461509854964670833e-02 1.650627062706343651e+01
1.483822982521383442e-02 1.629306930693026700e+01
1.506136110078095877e-02 1.622574257425879907e+01
1.528449237634808486e-02 1.592277227722784438e+01
1.550762365191521094e-02 1.578811881188241451e+01
1.573075492748233703e-02 1.567590759075956264e+01
1.595388620304945965e-02 1.548514851485270682e+01
1.617701747861658573e-02 1.496897689768982787e+01
1.640014875418371182e-02 1.476699669967043960e+01
1.662328002975083791e-02 1.460990099009994125e+01
1.684641130531796052e-02 1.430693069307023357e+01
1.706954258088508661e-02 1.409372937293830752e+01
1.729267385645221269e-02 1.388052805280513802e+01
1.751580513201933878e-02 1.397029702970416665e+01
1.773893640758646487e-02 1.349900990099017939e+01
1.796206768315358748e-02 1.328580858085825511e+01
1.818519895872071357e-02 1.334191419142092982e+01
1.840833023428783966e-02 1.309504950495015585e+01
1.863146150985496574e-02 1.326336633663443365e+01
1.885459278542208836e-02 1.317359735973665025e+01
1.907772406098921444e-02 1.276963696369662316e+01
1.930085533655634053e-02 1.269108910891137576e+01
1.952398661212346662e-02 1.257887788778976912e+01
1.974711788769059270e-02 1.262376237623866082e+01
1.997024916325771532e-02 1.247788778877945148e+01
2.019338043882484141e-02 1.232079207920770614e+01
2.041651171439196749e-02 1.230957095709641713e+01
2.063964298995909358e-02 1.221980198019863373e+01
2.086277426552621619e-02 1.181584158415861019e+01
2.108590554109334228e-02 1.199537953795417700e+01
2.130903681666046837e-02 1.172607260726207201e+01
2.153216809222759445e-02 1.156897689769032844e+01
2.175529936779472054e-02 1.153531353135272397e+01
2.197843064336184316e-02 1.144554455445618579e+01
2.223875046485682475e-02 1.119306930693163871e+01
2.253625883227965837e-02 1.105841584158402746e+01
2.283376719970249200e-02 1.069653465346600640e+01
2.313127556712532562e-02 1.069653465346600640e+01
2.342878393454815925e-02 1.049455445544599286e+01
2.372629230197099287e-02 1.033465346534704921e+01
2.402380066939382650e-02 1.031782178217824786e+01
2.432130903681666012e-02 1.004009900990143045e+01
2.461881740423949375e-02 9.871782178219021375e+00
2.491632577166232737e-02 9.838118811881416903e+00
2.521383413908516100e-02 9.711881188119143360e+00
2.551134250650799462e-02 9.669801980198073466e+00
2.580885087393082825e-02 9.854950495050218251e+00
2.610635924135366187e-02 9.686633663366874814e+00
2.640386760877649550e-02 9.560396039604601270e+00
2.670137597619932912e-02 9.383663366336856271e+00
2.699888434362216275e-02 9.383663366336856271e+00
2.729639271104499984e-02 9.198514851485644073e+00
2.759390107846783347e-02 9.215346534653511057e+00
2.789140944589066709e-02 9.181683168317778865e+00
2.818891781331350072e-02 9.004950495050033865e+00
2.848642618073633434e-02 8.870297029703356984e+00
2.878393454815916797e-02 8.920792079207894076e+00
2.908144291558200159e-02 8.693564356436548124e+00
2.937895128300483522e-02 8.794554455445618757e+00
2.967645965042766884e-02 8.550495049505469680e+00
2.997396801785050247e-02 8.432673267326663336e+00
3.030866493120119159e-02 8.341782178218124955e+00
3.068055039047973276e-02 8.375445544554979804e+00
3.105243584975827392e-02 8.038811881188665964e+00
3.142432130903681509e-02 8.045544554455437591e+00
3.179620676831535625e-02 7.910891089109511221e+00
3.216809222759390435e-02 7.991683168317515573e+00
3.253997768687244552e-02 7.634851485148638872e+00
3.291186314615098668e-02 7.836831683168278495e+00
3.328374860542952784e-02 7.628118811881866357e+00
3.365563406470806901e-02 7.722376237624165363e+00
3.402751952398661017e-02 7.439603960396521387e+00
3.439940498326515134e-02 7.466534653465108917e+00
3.477129044254369944e-02 7.520396039604526628e+00
3.514317590182224060e-02 7.500198019802712501e+00
3.551506136110078177e-02 7.210693069306799430e+00
3.588694682037932293e-02 7.365544554456036508e+00
3.625883227965786409e-02 7.271287128712989656e+00
3.663071773893640526e-02 7.190495049504985303e+00
3.700260319821494642e-02 7.271287128713738390e+00
3.737448865749349453e-02 7.116435643564500424e+00
3.774637411677203569e-02 6.975049504951051915e+00
3.811825957605057685e-02 6.954851485148489942e+00
3.849014503532911802e-02 7.042376237624015545e+00
3.886203049460765918e-02 6.921188118812382051e+00
3.923391595388620035e-02 6.820198019802561795e+00
3.964298995909260048e-02 6.648514851485395560e+00
4.008925251022685265e-02 6.609240924092148362e+00
4.053551506136109789e-02 6.519471947195611072e+00
4.098177761249535006e-02 6.384818481848311578e+00
4.142804016362960223e-02 6.407260726072758317e+00
4.187430271476385440e-02 6.171617161716387301e+00
4.232056526589810658e-02 6.306270627063063294e+00
4.276682781703235181e-02 6.160396039604475682e+00
4.321309036816660398e-02 6.115511551154961367e+00
4.365935291930085616e-02 5.997689768977088498e+00
4.410561547043510833e-02 6.087458745874871902e+00
4.455187802156935356e-02 5.823762376237787919e+00
4.499814057270360573e-02 5.952805280528819409e+00
4.544440312383785791e-02 5.896699669966769974e+00
4.589066567497211008e-02 5.902310231023659703e+00
4.633692822610636225e-02 5.711551155115557776e+00
4.678319077724060748e-02 5.728382838284360012e+00
4.722945332837485966e-02 5.834983498349699538e+00
4.767571587950911183e-02 5.885478547855480969e+00
4.812197843064336400e-02 5.610561056105863642e+00
4.860542952770546821e-02 5.554455445544882686e+00
4.908888062476757241e-02 5.672277227722934079e+00
4.953514317590182459e-02 5.621782178217774373e+00
4.998140572703606982e-02 5.616171617162130758e+00
5.046485682409818097e-02 5.496746817539164276e+00
5.098549646708813721e-02 5.410183875530854891e+00
5.150613611007809345e-02 5.410183875530320208e+00
5.202677575306805663e-02 5.333239038189897308e+00
5.254741539605801287e-02 5.222630834512403730e+00
5.306805503904797605e-02 5.145685997170914128e+00
5.358869468203793229e-02 5.102404526167559240e+00
5.410933432502788853e-02 5.193776520509278072e+00
5.462997396801785172e-02 5.107213578500968687e+00
5.515061361100780796e-02 4.948514851485110277e+00
5.567125325399777114e-02 5.020650636492658414e+00
5.619189289698772738e-02 4.914851485148575172e+00
5.671253253997768362e-02 4.924469589816462545e+00
5.723317218296764680e-02 5.044695898161307923e+00
5.775381182595760304e-02 4.953323903819587315e+00
5.827445146894756622e-02 4.861951909476800893e+00
5.883227965786537450e-02 4.658168316831759803e+00
5.942729639271104175e-02 4.750742574257832196e+00
6.002231312755671594e-02 4.611881188118956310e+00
6.058014131647452422e-02 4.818670438472379303e+00
6.113796950539233943e-02 4.712871287128963083e+00
6.173298624023800668e-02 4.628712871287290476e+00
6.232800297508367393e-02 4.717079207921162975e+00
6.292301970992934812e-02 4.675000000000093081e+00
6.351803644477500843e-02 4.628712871287290476e+00
6.411305317962068262e-02 4.700247524752828809e+00
6.470806991446634293e-02 4.527722772277284591e+00
6.530308664931201712e-02 4.645544554455625530e+00
6.589810338415767743e-02 4.590841584158889432e+00
6.653030866493120365e-02 4.170517051705269651e+00
6.716251394570472988e-02 4.313118811881137660e+00
6.775753068055039019e-02 4.409900990099410834e+00
6.835254741539606438e-02 4.350990099010006773e+00
6.898475269616957672e-02 4.241584158415911077e+00
6.965414652287095498e-02 4.177997799780292176e+00
7.032354034957233324e-02 4.174257425742781358e+00
7.095574563034585946e-02 4.296287128713269787e+00
7.158795091111937181e-02 3.788998899889897132e+00
7.225734473782075007e-02 4.084488448844997066e+00
7.292673856452212833e-02 4.106930693069650751e+00
7.359613239122350659e-02 3.927392739274083944e+00
7.426552621792488484e-02 3.886248624862703505e+00
7.493492004462624922e-02 4.009680968096843934e+00
7.560431387132762748e-02 3.856325632563442074e+00
7.627370769802900574e-02 4.009680968097259601e+00
7.694310152473038400e-02 3.934873487348691690e+00
7.761249535143176226e-02 3.792739273927408838e+00
7.828188917813314052e-02 3.815181518152062079e+00
7.895128300483450490e-02 3.889988998899799988e+00
7.962067683153588316e-02 3.927392739274083944e+00
8.029007065823726141e-02 3.740374037404324614e+00
8.095946448493863967e-02 3.852585258526346035e+00
8.162885831164001793e-02 3.815181518151231188e+00
8.229825213834139619e-02 3.777777777778608570e+00
8.296764596504276057e-02 3.927392739274083944e+00
8.367422833767199086e-02 3.500990099009819723e+00
8.441799925622908707e-02 3.568316831683530754e+00
8.516177017478616940e-02 3.635643564356494828e+00
8.590554109334325172e-02 3.736633663366314639e+00
8.664931201190033405e-02 3.534653465346675461e+00
8.739308293045741638e-02 3.601980198020386936e+00
8.813685384901449871e-02 3.433663366336108247e+00
8.888062476757158104e-02 3.568316831683530754e+00
8.962439568612867724e-02 3.500990099010567569e+00
9.040535515061361160e-02 3.335733573356912007e+00
9.118631461509854597e-02 3.467326732673711387e+00
9.193008553365562829e-02 3.400000000000000355e+00
9.267385645221272450e-02 3.400000000000000355e+00
9.345481591669765886e-02 3.335733573357591464e+00
9.423577538118259322e-02 3.400000000000000355e+00
9.501673484566752759e-02 3.243924392439573534e+00
9.583488285608032786e-02 3.274527452745806588e+00
9.665303086649311426e-02 3.243924392438894078e+00
9.747117887690591453e-02 3.243924392439573534e+00
9.828932688731870093e-02 3.274527452745126688e+00
9.910747489773150121e-02 3.335733573357591464e+00
9.992562290814428760e-02 3.121512151215323438e+00
1.006693938267013699e-01 3.964796479648367900e+00
1.013759761993306002e-01 3.433663366336855649e+00
1.021569356638155485e-01 3.152115211520876148e+00
1.029378951283004828e-01 3.366336633663892020e+00
1.037560431387132831e-01 3.029702970297079467e+00
1.045741911491260695e-01 3.366336633663892020e+00
1.053551506136110039e-01 3.213321332133340924e+00
1.062104871699516562e-01 3.029702970297079467e+00
1.070658237262923085e-01 3.213321332133340924e+00
1.079211602826329469e-01 2.945544554455563180e+00
1.087764968389735992e-01 3.182718271827108758e+00
1.095946448493863856e-01 3.121512151215323438e+00
1.104499814057270379e-01 2.917491749174849769e+00
1.113425065079955423e-01 2.945544554455563180e+00
1.122350316102640327e-01 2.945544554455563180e+00
1.131275567125325371e-01 2.945544554455563180e+00
1.140200818148010414e-01 2.833333333333956539e+00
1.149126069170695458e-01 2.973597359735653090e+00
1.158423205652659022e-01 2.718964204112827243e+00
1.167720342134622585e-01 2.861386138614046448e+00
1.176645593157307490e-01 2.889438943894759415e+00
1.185942729639271054e-01 2.744859101295023862e+00
1.195239866121234618e-01 2.833333333333333037e+00
1.204537002603198181e-01 2.744859101294448767e+00
1.213834139085161745e-01 2.861386138614046448e+00
1.222759390107846789e-01 2.833333333333956539e+00
1.231684641130531832e-01 2.973597359735653090e+00
1.240981777612495396e-01 2.718964204112827243e+00
1.250650799553737480e-01 2.718964204112827243e+00
1.260319821494979564e-01 2.667174409749009101e+00
1.269988843436221648e-01 2.744859101295023862e+00
1.279657865377463732e-01 2.667174409748434005e+00
1.289326887318705817e-01 2.718964204112827243e+00
1.298995909259947901e-01 2.641279512566812482e+00
1.308664931201189985e-01 2.693069306931205720e+00
1.318333953142432069e-01 2.641279512566236942e+00
1.328374860542952673e-01 2.572842998585990859e+00
1.338415767943473278e-01 2.693069306930630624e+00
1.348456675343994160e-01 2.548797736916807999e+00
1.358869468203793285e-01 2.572842998585457064e+00
1.369282261063592410e-01 2.452616690240611241e+00
1.379695053923391534e-01 2.548797736916807999e+00
1.390107846783190659e-01 2.596888260254639036e+00
1.400520639642990062e-01 2.476661951909793657e+00
1.410561547043510666e-01 2.693069306930630624e+00
1.420602454444031271e-01 2.452616690240611241e+00
1.431015247303830396e-01 2.428571428571428381e+00
1.441428040163629520e-01 2.500707213578442722e+00
1.451840833023428645e-01 2.476661951909793657e+00
1.462253625883228048e-01 2.476661951909793657e+00
1.473038304202305693e-01 2.356435643564450455e+00
1.484194867980661858e-01 2.378877887788522383e+00
1.494979546299739781e-01 2.524752475247625139e+00
1.505764224618817426e-01 2.289108910891237247e+00
1.516920788397173592e-01 2.356435643564450455e+00
1.527705466716251514e-01 2.452616690240611241e+00
1.538490145035329160e-01 2.266666666666666607e+00
1.549274823354406805e-01 2.404526166902780204e+00
1.559687616214205930e-01 2.428571428571428381e+00
1.570100409074005332e-01 2.404526166902780204e+00
1.580885087393082977e-01 2.333993399339879815e+00
1.591669765712160622e-01 2.428571428571428381e+00
1.602454444031238268e-01 2.289108910891237247e+00
1.613611007809594711e-01 2.356435643564450455e+00
1.624767571587950876e-01 2.378877887789020651e+00
1.635924135366307042e-01 2.356435643564450455e+00
1.647452584603942005e-01 2.188118811881137216e+00
1.658981033841576691e-01 2.289108910891237247e+00
1.670137597619933134e-01 2.244224422442594680e+00
1.681294161398289300e-01 2.266666666666666607e+00
1.692822610635924263e-01 2.167079207920602268e+00
1.704722945332837469e-01 2.167079207921069894e+00
1.716623280029750953e-01 2.230198019802207110e+00
1.728895500185942680e-01 2.099009900989872612e+00
1.741167720342134684e-01 2.146039603960534947e+00
1.753068055039047890e-01 2.125000000000467182e+00
1.765340275195239894e-01 2.099009900989872612e+00
1.777612495351431621e-01 2.146039603960534947e+00
1.789512830048345104e-01 2.146039603960534947e+00
1.801785050204537109e-01 2.000000000000000000e+00
1.814429155820007356e-01 2.079207920792162323e+00
1.827073261435477880e-01 2.099009900990312261e+00
1.839717367050948404e-01 1.980198019802289489e+00
1.851989587207140131e-01 2.125000000000000000e+00
1.864261807363332135e-01 2.099009900989872612e+00
1.876905912978802660e-01 2.059405940594451145e+00
1.889550018594272907e-01 2.000000000000000000e+00
1.902194124209743431e-01 2.099009900990312261e+00
1.914466344365935158e-01 2.167079207920602268e+00
1.927110449981405682e-01 1.963696369637041972e+00
1.940498326515433247e-01 1.944994499450314995e+00
1.953514317590182292e-01 2.079207920792162323e+00
1.966530308664931337e-01 1.982398239823768726e+00
1.979918185198958624e-01 1.944994499450314995e+00
1.993306061732986190e-01 1.963696369637041972e+00
2.006322052807735234e-01 2.000000000000000000e+00
2.019338043882484279e-01 1.888888888888889062e+00
2.032354034957233047e-01 1.980198019802289489e+00
2.045370026031982091e-01 1.944994499449899994e+00
2.059501673484566697e-01 1.767326732673337730e+00
2.073633320937151303e-01 1.944994499449899994e+00
2.087021197471178868e-01 1.926292629263173017e+00
2.100780959464484954e-01 1.842626367899905082e+00
2.114540721457791039e-01 1.907590759076031039e+00
2.128672368910375645e-01 1.750495049504909861e+00
2.142804016362960251e-01 1.870187018702162307e+00
2.156563778356266337e-01 1.860343929129829377e+00
2.170323540349572422e-01 1.926292629263173017e+00
2.184083302342878508e-01 1.842626367899905082e+00
2.198586835254741634e-01 1.750495049504909861e+00
2.213090368166604760e-01 1.842626367900298545e+00
2.226850130159910846e-01 1.907590759075615594e+00
2.240981777612495451e-01 1.750495049505283784e+00
2.255485310524358578e-01 1.807191245440450400e+00
2.269988843436221704e-01 1.767326732673337730e+00
2.284864261807363350e-01 1.784158415841391898e+00
2.299367794719226477e-01 1.771756122980995718e+00
2.313499442171811082e-01 1.895779051589283837e+00
2.327631089624395688e-01 1.789473684210919791e+00
2.341762737076980294e-01 1.789473684210526550e+00
2.356638155448121941e-01 1.683168316831750388e+00
2.371885459278542108e-01 1.750495049504909861e+00
2.386388992190405234e-01 1.807191245440450400e+00
2.401264410561547158e-01 1.699198491277871925e+00
2.416511714391967325e-01 1.733663366336482214e+00
2.431387132763108971e-01 1.683168316831946010e+00
2.446262551134250618e-01 1.750495049504909861e+00
2.461509854964670785e-01 1.667138142385628408e+00
2.476757158795091229e-01 1.750495049505283784e+00
2.492376348084789917e-01 1.576057605760438074e+00
2.508367422833767124e-01 1.603017444601853470e+00
2.523986612123466089e-01 1.635077793493740828e+00
2.539605801413164499e-01 1.619047619047619291e+00
2.555224990702863463e-01 1.635077793493740828e+00
2.570472294533283630e-01 1.700000000000000178e+00
2.586091483822982595e-01 1.606660666066670462e+00
2.602454444031238601e-01 1.576057605760778024e+00
2.618445518780215808e-01 1.635077793493740828e+00
2.634436593529193016e-01 1.591359135913554379e+00
2.650427668278170223e-01 1.619047619047619291e+00
2.666418743027147431e-01 1.576057605760778024e+00
2.683153588694682234e-01 1.507533362031723279e+00
2.699144663443659442e-01 1.700000000000373657e+00
2.715507623651915448e-01 1.444719471947068401e+00
2.732242469319449696e-01 1.619047619047619291e+00
2.748233544068426903e-01 1.606660666066670462e+00
2.764596504276682909e-01 1.576057605760778024e+00
2.781331349944217157e-01 1.522169608265139029e+00
2.797694310152473163e-01 1.619047619047975006e+00
2.814429155820007411e-01 1.458745874587424884e+00
2.831535886946820457e-01 1.560756075607661719e+00
2.848642618073633503e-01 1.458745874587424884e+00
2.865749349200445995e-01 1.530153015301768837e+00
2.882484194867980798e-01 1.536805854498554558e+00
2.899962811454072087e-01 1.458745874587424884e+00
2.917441428040163376e-01 1.522169608265139029e+00
2.934548159166976422e-01 1.522169608265464102e+00
2.952398661212346509e-01 1.400396039603927889e+00
2.970621048716995394e-01 1.458745874587424884e+00
2.987727779843807885e-01 1.545454545454545636e+00
3.005206396429899729e-01 1.400396039604226761e+00
3.023056898475269816e-01 1.478260869565217517e+00
3.040535515061361105e-01 1.444719471947068401e+00
3.058386017106731192e-01 1.430693069307023224e+00
3.076236519152101279e-01 1.430693069307023224e+00
3.094087021197471365e-01 1.444719471947379708e+00
3.112309408702119695e-01 1.373465346534742393e+00
3.130531796206768580e-01 1.416666666666666519e+00
3.148382298252138112e-01 1.402640264026621564e+00
3.165860914838229956e-01 1.522169608265139029e+00
3.184827073261435326e-01 1.250353606789221361e+00
3.204537002603198292e-01 1.373465346534742393e+00
3.222387504648568379e-01 1.463624623332127062e+00
3.240238006693938466e-01 1.373465346534443299e+00
3.258832279657865594e-01 1.386930693069484688e+00
3.277054667162513923e-01 1.430693069307023224e+00
3.294905169207884010e-01 1.416666666666666519e+00
3.312383785793975299e-01 1.463624623332127062e+00
3.330606173298624184e-01 1.346534653465315312e+00
3.349200446262551312e-01 1.416666666666666519e+00
3.367422833767199641e-01 1.346534653465556897e+00
3.386017106731126769e-01 1.386930693069185594e+00
3.404983265154332694e-01 1.307692307692307709e+00
3.423949423577538065e-01 1.386930693069484688e+00
3.442915582000743990e-01 1.346534653465315312e+00
3.462253625883228159e-01 1.307692307692595257e+00
3.481963555224990570e-01 1.309130913091361315e+00
3.501673484566753536e-01 1.307692307692307709e+00
3.521383413908515947e-01 1.271727172717354026e+00
3.541465228709557711e-01 1.271727172717354026e+00
3.561547043510598920e-01 1.296662999633266589e+00
3.581628858311640129e-01 1.309130913091361315e+00
3.601338787653402540e-01 1.307692307692307709e+00
3.621048716995165506e-01 1.259259259259259300e+00
3.641874302714763756e-01 1.195629907818521076e+00
3.663071773893640803e-01 1.214285714285714191e+00
3.683153588694682012e-01 1.294744859101496726e+00
3.702863518036444979e-01 1.271727172717354026e+00
3.722201561918929147e-01 1.360000000000000098e+00
3.742283376719970356e-01 1.184021850460984737e+00
3.763480847898847403e-01 1.238330975954629931e+00
3.783934548159166855e-01 1.284195086175448530e+00
3.803644477500929821e-01 1.320639756283406241e+00
3.824470063220528071e-01 1.155775577557654810e+00
3.846039419858683361e-01 1.214285714285981310e+00
3.866121234659724570e-01 1.307692307692307709e+00
3.886574934920044577e-01 1.184021850460984737e+00
3.907772406098921625e-01 1.226308345120305621e+00
3.928969877277798672e-01 1.195629907818263504e+00
3.950539233915953963e-01 1.160805735746169631e+00
3.971736705094831010e-01 1.238330975954629931e+00
3.992562290814429260e-01 1.226308345120305621e+00
4.013759761993306308e-01 1.184021850460984737e+00
4.034957233172182800e-01 1.238330975954896829e+00
4.056898475269616888e-01 1.096774193548387011e+00
4.079211602826329219e-01 1.172413793103448398e+00
4.100409074005206267e-01 1.202263083451390102e+00
4.121978430643362112e-01 1.155775577557654810e+00
4.144291558200074443e-01 1.133333333333582660e+00
4.166232800297508532e-01 1.207237965175800065e+00
4.187802156935663822e-01 1.184021850460984737e+00
4.210115284492376153e-01 1.118492494410633586e+00
4.232800297508367282e-01 1.122112211221297340e+00
4.255113425065080168e-01 1.133333333333333304e+00
4.277054667162513701e-01 1.184021850460984737e+00
4.298624023800669547e-01 1.207237965175800065e+00
4.320937151357381878e-01 1.085915043117384515e+00
4.343622164373373007e-01 1.155775577557654810e+00
4.366307177389364136e-01 1.107633343979631091e+00
4.389364075864633508e-01 1.107633343979631091e+00
4.409817776124953514e-01 1.444719471947379708e+00
4.430271476385273521e-01 1.118492494410633586e+00
4.452212718482707055e-01 1.214285714285981310e+00
4.472666418743027061e-01 1.296662999633266589e+00
4.493492004462625311e-01 1.184021850460984737e+00
4.515061361100781157e-01 1.207237965175800065e+00
4.536258832279657649e-01 1.226308345120305621e+00
4.558200074377091737e-01 1.118492494410874727e+00
4.579769431015247028e-01 1.271727172717354026e+00
4.601338787653402873e-01 1.118492494410633586e+00
4.622908144291558163e-01 1.246791345801441464e+00
4.644477500929713454e-01 1.118492494410633586e+00
4.666418743027147542e-01 1.214285714285714191e+00
4.689103756043138671e-01 1.040504050405107961e+00
4.712904425436965639e-01 1.107633343979631091e+00
4.735217552993677970e-01 1.172413793103448398e+00
4.757158795091112058e-01 1.133333333333582660e+00
4.780215693566381430e-01 1.094059405940568608e+00
4.803644477500929599e-01 1.107633343979631091e+00
4.825957605057642485e-01 1.184021850460984737e+00
4.848270732614354817e-01 1.118492494410633586e+00
4.870583860171067148e-01 1.160805735746169631e+00
4.893268873187058277e-01 1.083539603960534947e+00
4.916325771662328203e-01 1.155775577557654810e+00
4.939010784678319332e-01 1.096774193548387011e+00
4.962067683153588704e-01 1.107633343979631091e+00
4.984752696169579833e-01 1.144554455445618624e+00
5.007065823726292164e-01 1.133333333333333304e+00
5.029750836742283848e-01 1.118492494410874727e+00
5.052063964298996179e-01 1.184021850460984737e+00
5.074377091855708510e-01 1.118492494410633586e+00
5.097433990330978437e-01 1.107633343979631091e+00
5.120490888806247254e-01 1.107633343979631091e+00
5.142432130903681342e-01 1.202263083451390102e+00
5.163629602082558945e-01 1.172413793103448398e+00
5.185942729639271276e-01 1.129351644841877444e+00
5.209371513573819445e-01 1.062500000000233591e+00
5.232428412049089372e-01 1.133333333333333304e+00
5.254741539605801703e-01 1.155775577557654810e+00
5.278170323540349873e-01 1.040504050405107961e+00
5.300855336556340447e-01 1.214285714285714191e+00
5.322796578653774535e-01 1.129351644842118363e+00
5.346225362588322705e-01 1.083539603960301134e+00
5.369654146522870874e-01 1.085915043117384515e+00
5.392711044998140801e-01 1.118492494410633586e+00
5.415767943473410728e-01 1.085915043117384515e+00
5.439568612867237141e-01 1.030303030303030276e+00
5.462625511342505957e-01 1.172413793103448398e+00
5.484938638899219399e-01 1.096774193548628373e+00
5.507995537374488215e-01 1.140210795273121080e+00
5.532168092227593981e-01 1.019801980197930558e+00
5.556712532539977989e-01 1.073019801980267474e+00
5.580141316474526159e-01 1.085915043117384515e+00
5.602454444031238490e-01 1.172413793103448398e+00
5.625511342506508417e-01 1.030303030303030276e+00
5.648940126441056586e-01 1.155775577557903722e+00
5.672368910375604756e-01 1.040504050405107961e+00
5.696541465228709411e-01 1.062500000000000000e+00
5.719598363703979338e-01 1.155775577557654810e+00
5.742655262179249265e-01 1.051980198019966117e+00
5.766455931573075677e-01 1.083539603960301134e+00
5.789512830048345604e-01 1.122112211221297340e+00
5.812569728523614421e-01 1.062500000000000000e+00
5.835998512458162590e-01 1.085915043117384515e+00
5.859427296392710760e-01 1.083539603960301134e+00
5.882856080327258930e-01 1.118492494410874727e+00
5.905912978802528857e-01 1.107633343979631091e+00
5.929341762737077026e-01 1.094059405940568608e+00
5.952398661212346953e-01 1.133333333333333304e+00
5.976199330606173366e-01 1.000000000000000000e+00
6.001115656377835617e-01 1.050705070507185201e+00
6.025288211230941382e-01 1.073019801980267474e+00
6.049460766084046037e-01 1.060906090609036401e+00
6.073633320937151803e-01 1.062500000000233591e+00
6.097805875790256458e-01 1.060906090609036401e+00
6.122350316102640466e-01 1.050705070506958716e+00
6.146150985496466879e-01 1.096774193548628373e+00
6.169951654890293291e-01 1.060906090609036401e+00
6.194867980661956652e-01 1.029702970297005749e+00
6.220156191892897146e-01 1.000000000000000000e+00
6.244328746746001801e-01 1.107633343979631091e+00
6.267757530680549971e-01 1.051980198019966117e+00
6.291930085533655737e-01 1.040504050405107961e+00
6.316102640386760392e-01 1.083539603960301134e+00
6.340275195239866157e-01 1.040504050405107961e+00
6.363703979174414327e-01 1.122112211221297340e+00
6.387132763108962497e-01 1.030303030303030276e+00
6.410933432502788909e-01 1.096774193548387011e+00
6.433990330978058836e-01 1.096774193548387011e+00
6.458162885831163491e-01 1.000000000000219824e+00
6.482707326143547499e-01 1.062500000000000000e+00
6.506136110078095669e-01 1.107633343979631091e+00
6.529564894012643839e-01 1.062500000000000000e+00
6.551506136110077927e-01 1.271727172717354026e+00
6.573447378207512015e-01 1.073019801980267474e+00
6.597248047601338428e-01 1.094059405940568608e+00
6.621048716995165950e-01 1.073019801980267474e+00
6.644105615470434767e-01 1.144554455445618624e+00
6.667162513945704694e-01 1.083539603960301134e+00
6.689847526961695268e-01 1.160805735746169631e+00
6.712532539977686952e-01 1.062500000000000000e+00
6.735961323912235121e-01 1.107633343979631091e+00
6.758274451468947452e-01 1.160805735746169631e+00
6.780959464484939136e-01 1.073019801980033883e+00
6.802900706582372115e-01 1.296662999633543478e+00
6.824841948679806203e-01 1.073019801980267474e+00
6.847898847155076130e-01 1.133333333333333304e+00
6.870211974711788461e-01 1.144554455445618624e+00
6.892896987727780145e-01 1.107633343979631091e+00
6.915210115284492476e-01 1.184021850460984737e+00
6.936779471922648321e-01 1.172413793103448398e+00
6.957976943101524814e-01 1.214285714285714191e+00
6.979174414280401306e-01 1.195629907818521076e+00
7.001859427296392990e-01 1.083539603960301134e+00
7.024544440312383564e-01 1.172413793103448398e+00
7.046485682409817652e-01 1.122112211221297340e+00
7.068798809966529983e-01 1.178217821782225228e+00
7.090740052063964072e-01 1.195629907818521076e+00
7.111565637783562321e-01 1.296662999633266589e+00
7.132763108962439924e-01 1.166996699669939908e+00
7.154332465600594659e-01 1.214285714285714191e+00
7.174786165860914666e-01 1.246791345801441464e+00
7.195611751580512916e-01 1.184021850460984737e+00
7.216065451840832923e-01 1.333587204874217003e+00
7.236891037560431172e-01 1.155775577557903722e+00
7.258832279657865261e-01 1.195629907818521076e+00
7.280029750836741753e-01 1.214285714285714191e+00
7.301227222015619356e-01 1.195629907818263504e+00
7.322424693194495848e-01 1.202263083451390102e+00
7.343250278914094098e-01 1.214285714285714191e+00
7.364447750092971701e-01 1.160805735746169631e+00
7.385645221271848193e-01 1.226308345120305621e+00
7.406842692450724686e-01 1.172413793103448398e+00
7.427296392711044692e-01 1.320639756283406241e+00
7.447750092971364699e-01 1.195629907818263504e+00
7.468947564150241192e-01 1.202263083451390102e+00
7.489773149869840552e-01 1.250353606789221361e+00
7.510226850130159448e-01 1.259259259259259300e+00
7.530308664931201212e-01 1.284195086175448530e+00
7.550762365191521219e-01 1.238330975954629931e+00
7.571587950911119469e-01 1.238330975954896829e+00
7.592041651171439476e-01 1.271727172717354026e+00
7.611751580513201887e-01 1.346534653465315312e+00
7.629973968017850217e-01 1.463624623332127062e+00
7.648568240981777899e-01 1.284195086175171863e+00
7.667906284864262068e-01 1.373465346534742393e+00
7.686128672368910397e-01 1.416666666666978269e+00
7.704351059873558727e-01 1.386930693069185594e+00
7.722573447378207057e-01 1.416666666666666519e+00
7.740423949423577143e-01 1.430693069307023224e+00
7.757902566009668988e-01 1.478260869565217517e+00
7.775381182595760832e-01 1.402640264026621564e+00
7.793231684641130919e-01 1.430693069307023224e+00
7.810710301227221652e-01 1.507533362031723279e+00
7.827817032354035254e-01 1.492897115798632823e+00
7.844551878021569502e-01 1.545454545454885364e+00
7.860914838229825508e-01 1.560756075607322213e+00
7.877277798438081513e-01 1.530153015301768837e+00
7.894012644105615761e-01 1.551442100731969864e+00
7.910747489773150010e-01 1.545454545454545636e+00
7.926738564522126662e-01 1.635077793493740828e+00
7.942729639271104425e-01 1.576057605760438074e+00
7.958720714020082188e-01 1.619047619047975006e+00
7.973968017850502354e-01 1.716831683168427825e+00
7.989587207140200764e-01 1.591359135913554379e+00
8.005578281889178527e-01 1.635077793493740828e+00
8.021197471178876937e-01 1.651107967939506649e+00
8.036444775009297103e-01 1.700000000000373657e+00
8.051692078839717270e-01 1.683168316831750388e+00
8.066939382670137437e-01 1.733663366336482214e+00
8.081814801041279361e-01 1.733663366336855693e+00
8.096318333953141932e-01 1.842626367899905082e+00
8.110821866865005614e-01 1.683168316831946010e+00
8.124953514317589942e-01 1.963696369637041972e+00
8.138713276310896028e-01 1.824908806669981010e+00
8.152473038304202113e-01 1.907590759076031039e+00
8.165860914838229956e-01 1.982398239824183950e+00
8.178876905912978446e-01 2.039603960395861115e+00
8.191521011528448692e-01 2.000000000000439648e+00
8.204165117143920050e-01 2.019801980198150382e+00
8.216809222759390297e-01 2.039603960395861115e+00
8.229453328374860543e-01 2.039603960396300764e+00
8.242097433990330790e-01 2.059405940594011497e+00
8.254369654146522794e-01 2.146039603960534947e+00
8.266641874302714799e-01 2.039603960396300764e+00
8.279657865377463288e-01 1.944994499449899994e+00
8.292673856452212888e-01 2.059405940594011497e+00
8.305689847526961378e-01 1.944994499450314995e+00
8.318705838601710978e-01 2.019801980197710733e+00
8.331349944217181225e-01 1.980198019802289489e+00
8.343994049832651472e-01 2.099009900990312261e+00
8.357010040907401072e-01 1.982398239823768726e+00
8.370397917441427804e-01 1.907590759076031039e+00
8.383042023056898051e-01 2.103960396039932235e+00
8.395686128672369408e-01 1.926292629262758016e+00
8.408330234287839655e-01 2.125000000000467182e+00
8.420602454444031659e-01 2.039603960395861115e+00
8.433246560059501906e-01 2.019801980198150382e+00
8.445518780215693910e-01 2.146039603960534947e+00
8.457419114912606561e-01 2.167079207921069894e+00
8.469691335068798566e-01 2.000000000000000000e+00
8.481963555224990570e-01 2.188118811881137216e+00
8.493863889921904331e-01 2.167079207921069894e+00
8.505764224618816982e-01 2.146039603960534947e+00
8.518036444775008986e-01 2.099009900989872612e+00
8.530308664931200990e-01 2.103960396039932235e+00
8.542208999628114752e-01 2.209158415841672163e+00
8.553737448865749160e-01 2.289108910891237247e+00
8.565265898103384679e-01 2.230198019802207110e+00
8.577166232800297330e-01 2.188118811881137216e+00
8.588694682037932848e-01 2.333993399339879815e+00
8.600223131275567257e-01 2.146039603960534947e+00
8.611751580513201665e-01 2.311551155115807443e+00
8.623280029750837183e-01 2.251237623762274431e+00
8.634808478988471592e-01 2.289108910891237247e+00
8.645965042766827757e-01 2.311551155115807443e+00
8.657121606545183923e-01 2.289108910891237247e+00
8.668278170323540088e-01 2.356435643564450455e+00
8.679434734101896254e-01 2.311551155115309619e+00
8.690591297880252419e-01 2.378877887789020651e+00
8.701747861658609695e-01 2.289108910891237247e+00
8.712904425436965861e-01 2.356435643564450455e+00
8.723689103756042673e-01 2.452616690240611241e+00
8.734101896615842353e-01 2.452616690240611241e+00
8.744142804016362680e-01 2.641279512566812482e+00
8.754183711416884117e-01 2.428571428571428381e+00
8.764968389735960930e-01 2.378877887789020651e+00
8.775381182595760610e-01 2.641279512566236942e+00
8.785422089996280937e-01 2.548797736916807999e+00
8.795462997396801264e-01 2.770753998477220481e+00
8.805503904797322701e-01 2.548797736916273760e+00
8.815544812197843028e-01 2.667174409749009101e+00
8.824841948679806869e-01 2.833333333333333037e+00
8.833767199702491357e-01 2.833333333333333037e+00
8.842692450725176956e-01 2.861386138614046448e+00
8.851989587207139687e-01 2.744859101295023862e+00
8.861286723689103528e-01 2.917491749174849769e+00
8.870211974711789127e-01 2.973597359736275703e+00
8.879137225734473615e-01 2.889438943894759415e+00
8.887690591297879861e-01 3.152115211520876148e+00
8.895872071402007863e-01 3.090909090909091272e+00
8.904425436965414109e-01 2.917491749175472826e+00
8.912978802528821465e-01 3.213321332133340924e+00
8.921160282632949468e-01 3.152115211520876148e+00
8.929341762737077470e-01 3.243924392439573534e+00
8.937523242841204363e-01 3.121512151215323438e+00
8.945704722945332366e-01 3.182718271827108758e+00
8.953886203049460368e-01 3.090909090909770729e+00
8.962067683153588371e-01 3.182718271827108758e+00
8.970249163257716374e-01 3.182718271827108758e+00
8.978430643361844377e-01 3.243924392439573534e+00
8.986612123465972379e-01 3.152115211520876148e+00
8.994793603570100382e-01 3.182718271827788215e+00
9.002975083674228385e-01 3.213321332133340924e+00
9.011156563778356388e-01 3.366336633663144173e+00
9.019338043882484390e-01 3.274527452745806588e+00
9.027147638527333040e-01 3.467326732672964429e+00
9.034585347712904557e-01 3.467326732673711387e+00
9.042394942357754317e-01 3.335733573357591464e+00
9.049832651543324724e-01 3.777777777777778123e+00
9.056526589810338645e-01 3.740374037404324614e+00
9.063592413536630810e-01 3.568316831682783796e+00
9.071030122722201217e-01 3.702970297030206748e+00
9.078095946448493381e-01 3.777777777777778123e+00
9.084789884715507302e-01 3.927392739274083944e+00
9.091483822982521223e-01 3.852585258526346035e+00
9.098177761249535145e-01 3.964796479647537453e+00
9.104499814057270823e-01 4.207920792079864469e+00
9.110821866865005392e-01 4.002200220021821409e+00
9.117515805132019313e-01 4.114411441144674164e+00
9.124209743399033234e-01 4.189218921892411629e+00
9.130903681666047156e-01 4.002200220021821409e+00
9.137597619933061077e-01 4.039603960396105364e+00
9.144291558200073888e-01 4.039603960396936699e+00
9.150985496467087810e-01 4.226622662265865138e+00
9.157307549274823488e-01 4.334158415842139789e+00
9.163629602082558057e-01 4.151815181518126785e+00
9.169951654890293735e-01 4.250000000000000000e+00
9.176273707698029414e-01 4.114411441144674164e+00
9.182595760505763982e-01 4.292079207921069894e+00
9.188917813313499661e-01 4.151815181518126785e+00
9.195611751580513582e-01 4.264026402640149094e+00
9.202305689847527503e-01 4.114411441144674164e+00
9.208627742655262072e-01 4.250000000000000000e+00
9.214577910003718397e-01 4.250000000000000000e+00
9.220528077352175833e-01 4.502475247525483226e+00
9.226850130159910401e-01 4.151815181518126785e+00
9.233172182967646080e-01 4.250000000000000000e+00
9.239122350316102406e-01 4.460396039604414220e+00
9.245072517664559841e-01 4.502475247524548863e+00
9.251022685013016167e-01 4.502475247525483226e+00
9.256972852361472492e-01 4.376237623762274431e+00
9.262923019709928818e-01 4.502475247524548863e+00
9.268873187058386254e-01 4.544554455446553121e+00
9.274823354406842579e-01 4.544554455445618757e+00
9.280773521755298905e-01 4.628712871286824182e+00
9.286723689103756341e-01 4.628712871287757658e+00
9.292673856452212666e-01 4.586633663366688651e+00
9.298624023800668992e-01 4.586633663366688651e+00
9.304574191149126428e-01 4.712871287128028719e+00
9.310524358497582753e-01 4.544554455446553121e+00
9.316474525846039079e-01 4.712871287128963083e+00
9.322424693194496514e-01 4.586633663365754288e+00
9.328374860542952840e-01 4.670792079208827552e+00
9.334325027891409166e-01 4.670792079207893188e+00
9.340275195239866601e-01 4.670792079207893188e+00
9.346225362588322927e-01 4.712871287128963083e+00
9.352175529936779252e-01 4.586633663366688651e+00
9.358125697285236688e-01 4.628712871287757658e+00
9.364075864633693014e-01 4.628712871286824182e+00
9.369654146522871097e-01 4.809052333805560409e+00
9.375232428412049179e-01 4.712871287128028719e+00
9.380810710301227262e-01 4.953323903819587315e+00
9.386017106731127102e-01 5.193776520509278072e+00
9.391223503161026942e-01 5.001414427157953035e+00
9.396429899590925672e-01 4.857142857142856762e+00
9.401636296020825512e-01 5.145685997170914128e+00
9.406842692450725352e-01 4.953323903819587315e+00
9.412049088880625192e-01 5.193776520509278072e+00
9.417255485310523921e-01 5.241867043847644680e+00
9.422461881740423761e-01 5.097595473833615998e+00
9.427668278170323601e-01 5.338048090523305866e+00
9.432874674600223441e-01 5.241867043847644680e+00
9.438081071030122171e-01 5.193776520509278072e+00
9.443287467460022011e-01 5.241867043847644680e+00
9.448493863889921851e-01 5.289957567184941034e+00
9.453700260319821691e-01 5.145685997171981718e+00
9.458906656749721531e-01 5.434229137198968829e+00
9.464113053179620261e-01 5.145685997171981718e+00
9.469319449609520101e-01 5.530410183875699381e+00
9.474525846039419941e-01 5.241867043847644680e+00
9.479732242469319781e-01 5.482319660537335437e+00
9.484938638899218510e-01 5.482319660537335437e+00
9.490145035329118350e-01 5.338048090524375233e+00
9.495351431759018190e-01 5.482319660537335437e+00
9.500557828188918030e-01 5.386138613861671587e+00
9.505764224618817870e-01 5.578500707214065990e+00
9.510970621048716600e-01 5.434229137198968829e+00
9.515805132019338197e-01 5.778877887789518830e+00
9.520639642989958684e-01 5.674681753889727176e+00
9.525474153960580281e-01 5.891089108911126360e+00
9.529936779471922526e-01 5.947194719472551405e+00
9.534399404983264770e-01 6.227722772277191510e+00
9.538862030494608124e-01 6.115511551155584868e+00
9.543324656005950368e-01 6.171617161715764688e+00
9.547787281517292612e-01 6.339933993400042489e+00
9.552249907028634857e-01 6.508250825083075952e+00
9.556712532539978211e-01 6.452145214521650018e+00
9.561175158051320455e-01 6.508250825083075952e+00
9.565637783562662699e-01 6.676567656766108527e+00
9.570100409074004943e-01 6.676567656766108527e+00
9.574563034585347188e-01 6.620462046204682593e+00
9.578653774637411189e-01 6.867326732673711298e+00
9.582372629230196948e-01 6.934653465345928858e+00
9.586091483822982706e-01 6.732673267327784039e+00
9.590182223875046708e-01 6.732673267326288347e+00
9.594272963927110709e-01 6.867326732673711298e+00
9.597991818519895357e-01 6.934653465347422774e+00
9.601710673112681116e-01 7.069306930693350921e+00
9.605429527705466874e-01 7.069306930693350921e+00
9.609148382298252633e-01 7.203960396039279068e+00
9.612867236891037281e-01 7.675247524753762818e+00
9.616586091483823040e-01 7.540594059406340754e+00
9.620304946076608799e-01 7.809900990098196161e+00
9.624023800669393447e-01 8.079207920793042064e+00
9.627742655262179206e-01 7.877227722771907636e+00
9.631461509854964964e-01 8.011881188119330588e+00
9.635180364447749612e-01 8.011881188119330588e+00
9.638899219040535371e-01 7.877227722773402441e+00
9.642618073633321130e-01 7.809900990099690965e+00
9.646336928226106888e-01 7.877227722771907636e+00
9.650055782818891537e-01 7.742574257425980377e+00
9.653774637411677295e-01 7.809900990099690965e+00
9.657493492004463054e-01 7.742574257425980377e+00
9.661212346597247702e-01 7.809900990099690965e+00
9.664931201190033461e-01 7.809900990098196161e+00
9.668650055782819219e-01 7.809900990099690965e+00
9.672368910375603868e-01 7.675247524753762818e+00
9.676087764968389626e-01 7.944554455445619112e+00
9.679806619561175385e-01 8.011881188119330588e+00
9.683525474153960033e-01 7.944554455445619112e+00
9.687244328746745792e-01 8.146534653465257847e+00
9.690963183339531550e-01 8.213861386138969323e+00
9.694682037932317309e-01 8.348514851486392274e+00
9.698400892525101957e-01 8.348514851484896582e+00
9.702119747117887716e-01 8.281188118812680798e+00
9.705466716251394121e-01 8.752475247524548863e+00
9.708441799925623394e-01 8.584158415842139789e+00
9.711416883599851557e-01 8.752475247524548863e+00
9.714391967274079720e-01 8.836633663366688651e+00
9.717367050948307883e-01 9.173267326733377303e+00
9.720342134622536046e-01 9.173267326733377303e+00
9.723317218296764208e-01 9.509900990100065954e+00
9.726292301970993481e-01 9.341584158415786376e+00
9.729267385645221644e-01 9.762376237624613040e+00
9.732242469319449807e-01 9.846534653464884101e+00
9.735217552993677970e-01 9.762376237624613040e+00
9.738192636667906132e-01 9.846534653464884101e+00
9.741167720342134295e-01 9.678217821782475028e+00
9.744142804016362458e-01 9.846534653466752829e+00
9.747117887690591731e-01 9.846534653464884101e+00
9.750092971364819894e-01 1.018316831683344148e+01
9.753068055039048057e-01 1.026732673267371254e+01
9.756043138713276219e-01 1.001485148514916190e+01
9.759018222387504382e-01 1.035148514851398183e+01
9.761993306061732545e-01 1.026732673267371254e+01
9.764968389735961818e-01 1.060396039604039942e+01
9.767943473410189981e-01 1.085643564356495006e+01
9.770918557084418143e-01 1.035148514851585055e+01
9.773893640758646306e-01 1.051980198019826140e+01
9.776868724432874469e-01 1.077227722772281027e+01
9.779843808107102632e-01 1.077227722772281027e+01
9.782818891781331905e-01 1.068811881188253921e+01
9.785793975455560068e-01 1.094059405940708807e+01
9.788769059129788230e-01 1.094059405940521934e+01
9.791744142804016393e-01 1.110891089108949892e+01
9.794347341018966313e-01 1.133333333333333215e+01
9.796578653774636880e-01 1.155775577557903766e+01
9.799181851989586800e-01 1.127722772277377494e+01
9.801785050204536720e-01 1.133333333333333215e+01
9.804016362960208397e-01 1.155775577557654721e+01
9.806247675715878964e-01 1.200660066006795645e+01
9.808478988471550641e-01 1.200660066006546423e+01
9.810710301227222319e-01 1.223102310231116974e+01
9.812941613982892886e-01 1.267986798680008498e+01
9.815172926738564563e-01 1.223102310231116974e+01
9.817404239494236240e-01 1.267986798679759453e+01
9.819635552249906807e-01 1.267986798680008498e+01
9.821866865005578484e-01 1.234323432343152938e+01
9.824098177761249051e-01 1.267986798680008498e+01
9.826329490516920728e-01 1.290429042904330004e+01
9.828560803272592405e-01 1.279207920792293862e+01
9.830792116028262972e-01 1.290429042904330004e+01
9.833023428783934650e-01 1.335313531352972483e+01
9.835254741539606327e-01 1.335313531353221705e+01
9.837486054295276894e-01 1.380198019802113585e+01
9.839717367050948571e-01 1.413861386138720100e+01
9.841948679806619138e-01 1.380198019802113585e+01
9.844179992562290815e-01 1.391419141914149549e+01
9.846411305317962492e-01 1.425082508251005287e+01
9.848642618073633059e-01 1.458745874587362756e+01
9.850873930829304737e-01 1.436303630363041250e+01
9.853105243584975304e-01 1.436303630363290473e+01
9.855336556340646981e-01 1.458745874587362756e+01
9.857567869096318658e-01 1.458745874587611802e+01
9.859799181851989225e-01 1.526072607260824832e+01
9.862030494607660902e-01 1.570957095709716533e+01
9.864261807363332579e-01 1.627062706270644554e+01
9.866493120119003146e-01 1.649504950494965527e+01
9.868352547415396581e-01 1.683168316831945788e+01
9.869840089252510662e-01 1.700000000000000000e+01
9.871327631089624743e-01 1.733663366336855916e+01
9.872815172926738825e-01 1.750495049504909773e+01
9.874302714763852906e-01 1.767326732673337730e+01
9.875790256600966988e-01 1.716831683168427958e+01
9.877277798438081069e-01 1.767326732673337730e+01
9.878765340275195150e-01 1.767326732673337730e+01
9.880252882112309232e-01 1.784158415841765688e+01
9.881740423949423313e-01 1.834653465346675461e+01
9.883227965786537395e-01 1.851485148514729673e+01
9.884715507623651476e-01 1.868316831683157275e+01
9.886203049460765557e-01 1.918811881188440793e+01
9.887690591297880749e-01 1.952475247524549218e+01
9.889178133134994830e-01 1.969306930693350566e+01
9.890665674972108912e-01 2.019801980198260338e+01
9.892153216809222993e-01 2.036633663366314551e+01
9.893640758646337074e-01 2.087128712871224323e+01
9.895128300483451156e-01 2.120792079208079883e+01
9.896615842320565237e-01 2.204950495049471826e+01
9.898103384157679319e-01 2.238613861386327741e+01
9.899590925994793400e-01 2.305940594059665116e+01
9.901078467831907481e-01 2.373267326732628746e+01
9.902566009669021563e-01 2.390099009901056704e+01
9.904053551506135644e-01 2.440594059405966476e+01
9.905541093343249726e-01 2.524752475247732164e+01
9.907028635180364917e-01 2.524752475247732164e+01
9.908516177017478999e-01 2.524752475247732164e+01
9.910003718854593080e-01 2.592079207920696149e+01
9.911491260691707161e-01 2.625742574257551709e+01
9.912978802528821243e-01 2.693069306930889439e+01
9.914466344365935324e-01 2.743564356435799212e+01
9.915953886203049406e-01 2.844554455445618757e+01
9.917441428040163487e-01 2.895049504950528174e+01
9.918928969877277568e-01 2.996039603960721820e+01
9.920416511714391650e-01 3.164356435643505350e+01
9.921904053551505731e-01 3.198019801980360910e+01
9.923391595388619812e-01 3.214851485148788868e+01
9.924879137225735004e-01 3.349504950495089872e+01
9.925994793603569732e-01 3.400000000000000000e+01
9.926738564522127328e-01 3.467326732673711831e+01
9.927482335440683814e-01 3.500990099009819545e+01
9.928226106359241410e-01 3.534653465346675461e+01
9.928969877277797895e-01 3.601980198020386581e+01
9.929713648196355491e-01 3.635643564356495006e+01
9.930457419114913087e-01 3.669306930693350921e+01
9.931201190033469572e-01 3.736633663366314551e+01
9.931944960952027168e-01 3.803960396040026382e+01
9.932688731870583654e-01 3.803960396039278180e+01
9.933432502789141250e-01 3.938613861386701132e+01
9.934176273707697735e-01 3.972277227722809556e+01
9.934920044626255331e-01 4.039603960396520677e+01
9.935663815544811817e-01 4.174257425742448646e+01
9.936407586463369412e-01 4.241584158416159767e+01
9.937151357381925898e-01 4.275247524752268191e+01
9.937895128300483494e-01 4.275247524753015682e+01
9.938638899219041090e-01 4.275247524752268191e+01
9.939382670137597575e-01 4.342574257425980022e+01
9.940126441056155171e-01 4.376237623762835227e+01
9.940870211974711657e-01 4.578217821782474317e+01
9.941613982893269252e-01 4.679207920792293862e+01
9.942357753811825738e-01 4.813861386138969323e+01
9.943101524730383334e-01 4.914851485148788868e+01
9.943845295648939819e-01 5.049504950494716837e+01
9.944589066567497415e-01 5.217821782178994994e+01
9.945332837486053901e-01 5.318811881188067048e+01
9.946076608404611497e-01 5.352475247524922963e+01
9.946820379323167982e-01 5.419801980198634084e+01
9.947564150241725578e-01 5.386138613861030677e+01
9.948307921160283174e-01 5.520792079208454339e+01
9.949051692078839659e-01 5.554455445544562053e+01
9.949795462997397255e-01 5.689108910891984294e+01
9.950539233915953741e-01 5.823762376237165483e+01
9.951283004834511337e-01 6.025742574258299555e+01
9.952026775753067822e-01 6.227722772277191154e+01
9.952770546671625418e-01 6.328712871287757480e+01
9.953514317590181903e-01 6.362376237623866615e+01
9.954258088508739499e-01 6.429702970296830244e+01
9.955001859427295985e-01 6.598019801981108401e+01
9.955745630345853581e-01 6.766336633663145506e+01
9.956489401264410066e-01 7.136633663367062752e+01
9.957233172182967662e-01 7.338613861385952930e+01
9.957976943101525258e-01 7.506930693070232508e+01
9.958720714020081743e-01 7.540594059406340932e+01
9.959464484938639339e-01 7.607920792079303851e+01
9.960208255857195825e-01 7.877227722772654772e+01
9.960952026775753421e-01 8.112871287129149778e+01
9.961695797694309906e-01 8.382178217821753208e+01
9.962439568612867502e-01 8.718811881188814539e+01
9.963183339531423988e-01 8.752475247524922963e+01
9.963927110449981583e-01 8.887128712871599134e+01
9.964670881368538069e-01 9.190099009901804550e+01
9.965414652287095665e-01 9.627722772277189733e+01
9.966158423205652150e-01 1.016633663366389158e+02
9.966902194124209746e-01 1.053663366336706275e+02
9.967645965042767342e-01 1.067128712871299001e+02
9.968389735961323828e-01 1.077227722772355776e+02
9.969133506879881423e-01 1.107524752475301568e+02
9.969877277798437909e-01 1.178217821782250070e+02
9.970621048716995505e-01 1.235445544554456205e+02
9.971364819635551990e-01 1.265742574257476889e+02
9.972108590554109586e-01 1.326336633663443365e+02
9.972852361472666072e-01 1.410495049505059342e+02
9.973596132391223668e-01 1.484554455445543795e+02
9.974339903309780153e-01 1.501386138613971752e+02
9.975083674228337749e-01 1.561980198019863337e+02
9.975827445146894235e-01 1.683168316831721825e+02
9.976571216065451830e-01 1.767326732673412550e+02
9.977314986984009426e-01 1.871683168316917545e+02
9.978058757902565912e-01 1.982772277227794007e+02
9.978802528821123508e-01 2.100594059406041367e+02
9.979546299739679993e-01 2.305940594059515547e+02
9.980290070658237589e-01 2.430495049505059342e+02
9.981033841576794075e-01 2.592079207920845647e+02
9.981777612495351670e-01 2.639207920792219397e+02
9.982521383413908156e-01 2.844554455445693293e+02
9.983265154332465752e-01 3.090297029703020826e+02
9.984008925251022237e-01 3.315841584158608271e+02
9.984752696169579833e-01 3.467326732673412266e+02
9.985496467088136319e-01 3.753465346534891864e+02
9.986240238006693914e-01 3.938613861386252779e+02
9.986984008925251510e-01 4.335841584158608839e+02
9.987727779843807996e-01 4.800396039604227099e+02
9.988471550762365592e-01 5.658811881188365760e+02
9.989215321680922077e-01 6.422970297029906988e+02
9.989959092599479673e-01 6.907722772277639933e+02
9.990702863518036159e-01 7.429504950495314688e+02
9.991446634436593754e-01 8.220594059406340648e+02
9.992190405355150240e-01 9.917227722772655625e+02
9.992934176273707836e-01 1.156336633663413522e+03
9.993677947192264321e-01 1.716495049505029328e+03
9.994421718110821917e-01 1.781801980198095862e+03
9.995165489029378403e-01 2.039326732673367815e+03
9.995909259947935999e-01 2.344653465346630583e+03
9.996653030866493594e-01 2.834455445544681879e+03
9.997396801785050080e-01 3.671326732673427614e+03
9.998140572703607676e-01 5.613702970297279535e+03
9.998884343622164161e-01 1.091433663366384644e+04
9.999256229081442404e-01 nan
