3.071064430931761199e-05 1.744555004955338291e+03
5.118440718219601773e-05 1.125597621407292763e+03
7.165817005507441669e-05 8.567215064419910959e+02
9.213193292795282920e-05 7.095817641228641151e+02
1.126056958008312282e-04 6.122497522299061075e+02
1.330794586737096407e-04 5.453161546085055988e+02
1.535532215465880532e-04 4.923686818632137943e+02
1.740269844194664657e-04 4.495540138751051131e+02
1.945007472923448511e-04 4.160158572844246692e+02
2.149745101652232636e-04 3.894707631317965024e+02
2.354482730381016761e-04 3.626402378592553077e+02
2.559220359109800886e-04 3.398057482656000161e+02
2.763957987838584741e-04 3.245351833498390306e+02
2.968695616567369137e-04 3.055540138751130712e+02
3.173433245296152991e-04 2.967056491575703490e+02
3.378170874024936845e-04 2.821486620416158075e+02
3.582908502753721241e-04 2.767254707631170163e+02
3.787646131482505095e-04 2.654509415262577932e+02
3.992383760211289491e-04 2.538909811694616963e+02
4.197121388940073345e-04 2.444717542120849032e+02
4.401859017668857199e-04 2.400475718533135705e+02
4.606596646397641596e-04 2.321982160554903771e+02
4.811334275126425450e-04 2.244915758176315705e+02
5.016071903855209846e-04 2.172130822596503492e+02
5.220809532583993700e-04 2.100773042616414727e+02
5.425547161312777554e-04 2.057958374628266256e+02
5.630284790041561408e-04 1.978037661050469183e+02
5.835022418770345262e-04 1.945213082259594728e+02
6.039760047499130200e-04 1.871000991080217375e+02
6.244497676227914055e-04 1.846739345886893489e+02
6.449235304956697909e-04 1.802497522299259174e+02
6.653972933685481763e-04 1.751119920713560418e+02
6.858710562414265617e-04 1.732566897918656821e+02
7.063448191143050555e-04 1.695460852328928070e+02
7.268185819871834409e-04 1.711159563924622091e+02
7.472923448600618263e-04 1.642656095143664174e+02
7.677661077329402117e-04 1.588424182358676262e+02
7.882398706058185971e-04 1.602695738354804860e+02
8.087136334786970910e-04 1.554172447968236952e+02
8.291873963515754764e-04 1.551318136769027092e+02
8.496611592244538618e-04 1.492804757185264179e+02
8.701349220973322472e-04 1.487096134786844175e+02
8.906086849702106326e-04 1.505649157581669044e+02
9.110824478430891264e-04 1.455698711595614725e+02
9.417930921524067045e-04 1.411456888007861608e+02
9.827406178981635838e-04 1.377918731417204867e+02
1.023688143643920355e-03 1.316551040634231811e+02
1.064635669389677125e-03 1.294430128840414795e+02
1.105583195135433896e-03 1.275163528245728202e+02
1.146530720881190667e-03 1.225213082259634518e+02
1.187478246626947655e-03 1.210941526263545427e+02
1.228425772372704426e-03 1.180971258671920907e+02
1.269373298118461196e-03 1.112467789890962848e+02
1.310320823864217967e-03 1.139583746283377650e+02
1.351268349609974738e-03 1.106759167492543270e+02
1.392215875355731726e-03 1.090346878097066394e+02
1.433163401101488496e-03 1.023270564915753056e+02
1.474110926847245267e-03 1.047532210108957855e+02
1.515058452593002038e-03 1.020416253716503547e+02
1.556005978338758809e-03 1.049672943508385003e+02
1.596953504084515797e-03 9.861645193260245890e+01
1.637901029830272567e-03 9.933002973240492395e+01
1.678848555576029338e-03 9.619028741327802834e+01
1.719796081321786109e-03 9.326461843408986852e+01
1.760743607067542880e-03 9.240832507432689624e+01
1.801691132813299651e-03 9.169474727452839602e+01
1.842638658559056638e-03 8.834093161545479234e+01
1.883586184304813409e-03 8.470168483646814650e+01
1.924533710050570180e-03 8.598612487611259780e+01
1.965481235796327168e-03 8.541526263627061155e+01
2.006428761542083938e-03 8.391674925668741025e+01
2.047376287287840709e-03 8.120515361743801463e+01
2.088323813033597480e-03 8.006342913775802117e+01
2.129271338779354251e-03 8.056293359761777140e+01
2.170218864525111022e-03 7.670961347868839653e+01
2.211166390270867792e-03 7.785133795837234061e+01
2.252113916016624563e-03 7.920713577799504890e+01
2.293061441762381334e-03 7.521110009910518102e+01
2.334008967508138105e-03 7.356987115956148671e+01
2.374956493253895309e-03 7.663825569871011112e+01
2.415904018999652080e-03 7.314172447967999346e+01
2.456851544745408851e-03 7.178592666005727096e+01
2.497799070491165622e-03 7.150049554013629916e+01
2.538746596236922393e-03 7.135777998017579193e+01
2.579694121982679163e-03 7.278493557977678563e+01
2.630878529164875235e-03 6.783746283448888903e+01
2.692299817783510608e-03 7.092963330029299129e+01
2.753721106402145548e-03 6.783746283448888903e+01
2.815142395020780921e-03 6.346085232903637063e+01
2.876563683639416294e-03 6.622001982160064415e+01
2.937984972258051233e-03 6.298513379583737049e+01
2.999406260876686606e-03 6.222398414271209077e+01
3.060827549495321546e-03 6.117740336967111148e+01
3.122248838113956919e-03 6.269970267591373414e+01
3.183670126732592292e-03 6.055896927651028960e+01
3.245091415351227231e-03 5.746679881070090090e+01
3.306512703969862604e-03 5.713379583746106505e+01
3.367933992588497977e-03 5.898909811694353067e+01
3.429355281207132917e-03 5.546878097125662066e+01
3.490776569825768290e-03 5.523092170465712059e+01
3.552197858444403663e-03 5.385133795837366222e+01
3.613619147063038602e-03 5.727651139742023645e+01
3.675040435681673975e-03 5.451734390485331971e+01
3.736461724300309348e-03 5.375619425173332644e+01
3.797883012918944288e-03 5.237661050544987518e+01
3.859304301537579661e-03 5.380376610505217627e+01
3.920725590156214600e-03 5.109217046580410937e+01
3.982146878774850407e-03 5.104459861248790276e+01
4.043568167393485346e-03 5.142517343904657423e+01
4.104989456012120286e-03 4.828543111991834991e+01
4.166410744630756093e-03 5.066402378592394484e+01
4.227832033249391032e-03 5.037859266600559494e+01
4.289253321868025971e-03 5.080673934588311624e+01
4.350674610486660911e-03 4.923686818632164375e+01
4.412095899105296717e-03 4.823785926659950718e+01
4.473517187723931657e-03 4.804757185331884273e+01
4.545175357779006331e-03 4.541922695738073656e+01
4.627070409270519873e-03 4.488404360753185074e+01
4.708965460762033414e-03 4.570465807730172259e+01
4.790860512253546956e-03 4.477700693756049333e+01
4.872755563745060498e-03 4.463429137760000032e+01
4.954650615236574039e-03 4.409910802774913208e+01
5.036545666728087581e-03 4.295738354806518089e+01
5.118440718219601990e-03 3.928245787908740283e+01
5.200335769711115531e-03 3.963924677898666005e+01
5.282230821202629073e-03 4.106640237859160436e+01
5.364125872694142615e-03 4.199405351833283362e+01
5.446020924185656156e-03 3.867591674925629519e+01
5.527915975677169698e-03 3.971060455896690655e+01
5.609811027168683240e-03 4.292170465807604529e+01
5.691706078660196781e-03 3.810505450941431604e+01
5.773601130151710323e-03 3.696333002973036486e+01
5.855496181643223864e-03 3.892566897918617030e+01
5.937391233134737406e-03 3.764122893954172611e+01
6.019286284626251815e-03 3.774826560951308352e+01
6.101181336117765357e-03 3.714172447968197588e+01
6.183076387609278898e-03 3.821209117938369815e+01
6.275208320537231307e-03 3.405193260653985021e+01
6.377577134901623451e-03 3.630683845391327935e+01
6.469709067829576728e-03 3.607135777998024651e+01
6.561841000757529137e-03 3.622120911793619058e+01
6.664209815121921281e-03 3.322418235876977377e+01
6.766578629486313425e-03 3.556471754212029168e+01
6.868947443850705568e-03 3.607849355797649338e+01
6.971316258215097712e-03 3.353815659068207111e+01
7.073685072579488989e-03 3.154013875123832022e+01
7.176053886943881133e-03 3.059821605549985080e+01
7.278422701308273277e-03 3.342398414271367812e+01
7.380791515672665420e-03 3.325272547076266960e+01
7.483160330037057564e-03 2.988463825569658638e+01
7.585529144401449708e-03 3.094073339940503686e+01
7.687897958765841852e-03 3.145450941526123145e+01
7.790266773130233996e-03 2.999881070366498292e+01
7.892635587494626140e-03 2.934231912784908758e+01
7.995004401859018284e-03 2.979900891972108212e+01
8.097373216223410428e-03 3.211100099107871131e+01
8.199742030587802571e-03 2.917106045589649455e+01
8.302110844952192981e-03 2.914251734390360227e+01
8.404479659316585125e-03 2.914251734390360227e+01
8.506848473680977268e-03 3.062675916749115501e+01
8.619454169481809147e-03 2.801982160554929990e+01
8.742296746719079026e-03 2.799603567888855693e+01
8.854902442519910905e-03 2.874291377601580066e+01
8.967508138320742783e-03 2.811496531218830697e+01
9.090350715558012662e-03 2.735381565906831369e+01
9.213193292795282541e-03 2.675916749256559157e+01
9.336035870032552419e-03 2.549851337958321196e+01
9.458878447269824033e-03 2.702081268582583817e+01
9.581721024507093912e-03 2.711595639246749201e+01
9.704563601744363791e-03 2.647373637264460911e+01
9.827406178981635404e-03 2.530822596630255106e+01
9.950248756218905283e-03 2.521308225966221883e+01
1.007309133345617516e-02 2.497522299306139715e+01
1.019593391069344678e-02 2.509415262636115074e+01
1.032901336936715639e-02 2.373155882769269809e+01
1.046209282804086600e-02 2.542715559960362270e+01
1.058493540527813588e-02 2.433300297323983585e+01
1.071801486395184549e-02 2.369078295341827101e+01
1.086133120406199484e-02 2.320147246212514958e+01
1.100464754417214419e-02 2.275293784510758499e+01
1.113772700284585380e-02 2.385728444003950699e+01
1.127080646151956342e-02 2.220246354240225273e+01
1.141412280162971103e-02 2.326263627353735330e+01
1.155743914173986038e-02 2.234517910236444393e+01
1.170075548185000973e-02 2.212091179385453188e+01
1.184407182196015734e-02 2.089763556562285629e+01
1.198738816207030669e-02 2.283448959365530584e+01
1.214094138361689577e-02 2.015857284439999830e+01
1.229449460516348312e-02 2.303836896502857101e+01
1.243781094527363247e-02 2.065298031997629380e+01
1.258112728538378008e-02 2.157043749115033648e+01
1.272444362549392943e-02 2.044910094860415839e+01
1.286775996560407878e-02 2.110151493699499170e+01
1.301107630571422639e-02 2.048987682287971879e+01
1.315439264582437574e-02 2.118306668554271255e+01
1.330794586737096483e-02 1.942715559960296190e+01
1.347173597035399191e-02 1.969474727452839247e+01
1.363552607333701899e-02 1.980178394449975343e+01
1.378907929488360634e-02 2.051026476001523235e+01
1.394263251643019542e-02 1.901684836471703832e+01
1.410642261941322251e-02 2.006937561942518755e+01
1.427021272239624959e-02 1.890981169474567380e+01
1.443400282537927667e-02 1.896333002973234727e+01
1.460802980979874349e-02 1.769672943508367524e+01
1.478205679421820858e-02 1.866005946481580224e+01
1.494584689720123739e-02 1.866005946481580224e+01
1.510963700018426448e-02 1.791080277502419804e+01
1.527342710316729156e-02 1.892765113974123281e+01
1.543721720615031864e-02 1.846382556987061463e+01
1.560100730913334573e-02 1.833894945490568062e+01
1.577503429355281081e-02 1.704658077304098640e+01
1.595929815940871910e-02 1.595242814668027620e+01
1.613332514382818592e-02 1.814271555995851415e+01
1.629711524681121126e-02 1.846382556987061463e+01
1.647114223123067808e-02 1.638057482656131825e+01
1.664516921565014490e-02 1.873141724479604875e+01
1.681919620006961172e-02 1.622200198215988820e+01
1.700346006592551654e-02 1.695143706640153525e+01
1.718772393178142135e-02 1.712586719524169609e+01
1.737198779763732617e-02 1.718929633300191639e+01
1.755625166349323446e-02 1.679286422200186735e+01
1.774051552934913928e-02 1.606342913776022030e+01
1.793501627664148557e-02 1.554172447968237059e+01
1.812951702393382838e-02 1.614271555995917495e+01
1.831378088978973320e-02 1.603171456887923085e+01
1.850828163708207949e-02 1.479960356788780018e+01
1.870278238437442578e-02 1.701486620416351414e+01
1.890752001310320660e-02 1.376556446526635114e+01
1.912249452326843235e-02 1.492804757185263931e+01
1.931699527056077517e-02 1.615857284439966790e+01
1.950125913641668346e-02 1.601585728443873435e+01
1.969575988370902628e-02 1.432864222001935772e+01
1.990049751243781057e-02 1.457125867195259339e+01
2.011547202260303285e-02 1.346715920353113205e+01
2.034068341420469661e-02 1.370069375619303997e+01
2.055565792436991890e-02 1.437145688800869436e+01
2.077063243453514466e-02 1.419371114514675192e+01
2.098560694470036694e-02 1.461407333994034552e+01
2.120058145486558923e-02 1.388233174159802452e+01
2.142579284646725299e-02 1.355797819623290401e+01
2.165100423806891328e-02 1.370069375619448060e+01
2.186597874823413903e-02 1.449990089197195076e+01
2.208095325839936132e-02 1.381746103252471336e+01
2.230616465000102508e-02 1.349310748715959285e+01
2.253137604160268537e-02 1.333741778538594858e+01
2.276682431464078712e-02 1.280872150644148100e+01
2.301250946911533035e-02 1.291575817641218293e+01
2.325819462358987011e-02 1.332011892963292077e+01
2.350387977806440987e-02 1.271357779980115232e+01
2.373932805110251162e-02 1.323362465086922413e+01
2.397477632414061338e-02 1.258275520317102902e+01
2.422046147861515314e-02 1.232111000990946259e+01
2.445590975165325490e-02 1.310388323272404065e+01
2.469135802469135665e-02 1.296333002973102566e+01
2.494728006060233788e-02 1.152702599679756723e+01
2.519296521507687764e-02 1.315577979998240288e+01
2.543865036955142087e-02 1.184539147670852621e+01
2.570480928689884009e-02 1.108790119692034182e+01
2.596073132280981785e-02 1.199999999999868017e+01
2.620641647728436108e-02 1.211892963330107165e+01
2.645210163175890083e-02 1.209514370663901062e+01
2.670802366766988206e-02 1.183441335671247963e+01
2.696394570358085982e-02 1.198810703666962851e+01
2.723010462092827905e-02 1.025513238000761618e+01
2.750650041971213974e-02 1.185636959670701174e+01
2.777265933705955897e-02 1.164778531676383544e+01
2.804905513584341620e-02 1.079541271414292503e+01
2.832545093462727342e-02 1.118670427689329827e+01
2.860184673341113412e-02 1.066289112275188522e+01
2.887824253219499135e-02 1.140626667683008222e+01
2.914440144954241058e-02 1.104398871693249795e+01
2.942079724832627127e-02 1.033668412855647034e+01
2.970742992854656650e-02 1.060172731134081126e+01
2.999406260876686520e-02 1.050998159422306699e+01
3.028069528898716389e-02 1.074444287130073938e+01
3.055709108777102112e-02 1.126355111687050048e+01
3.083348688655487835e-02 1.057114540563527427e+01
3.113035644821161851e-02 9.685629335975503906e+00
3.142722600986835174e-02 1.048959365708528857e+01
3.171385869008865044e-02 1.057114540563527427e+01
3.200049137030894914e-02 1.039784793996867585e+01
3.229736093196568930e-02 1.001863230921639314e+01
3.261470425649529853e-02 9.588701684835553962e+00
3.293204758102491470e-02 9.913974231913352142e+00
3.323915402411808939e-02 9.533399405350976963e+00
3.355649734864770556e-02 9.588701684836543393e+00
3.388407755461376319e-02 9.098116947471602600e+00
3.421165776057981389e-02 9.303270564915555596e+00
3.453923796654587153e-02 9.142715559960494787e+00
3.485658129107548769e-02 9.599999999998944489e+00
3.517392461560510386e-02 9.196233894945185838e+00
3.550150482157115456e-02 9.089197224974814304e+00
3.582908502753721219e-02 9.196233894945185838e+00
3.614642835206682836e-02 9.590485629335702811e+00
3.649448232090576200e-02 8.052162119868798484e+00
3.687324693405401310e-02 8.182358771059531577e+00
3.723153778432938127e-02 8.646883927010254212e+00
3.758982863460475637e-02 8.134786917739807777e+00
3.795835636631656601e-02 8.095143706639449377e+00
3.829617345371905818e-02 9.514370664023440227e+00
3.863399054112155034e-02 8.150644202180302500e+00
3.899228139139692545e-02 8.697254124642904927e+00
3.933009847879941762e-02 8.928642220019753495e+00
3.966791556620190978e-02 8.512563399987682189e+00
4.003644329791372636e-02 7.646549475770134663e+00
4.040497102962553599e-02 8.789599486970050890e+00
4.076326187990090416e-02 7.944499504460028838e+00
4.113178961161272074e-02 8.340931615460080550e+00
4.150031734332453037e-02 8.031714568880110150e+00
4.188931883790921601e-02 7.435480673934220519e+00
4.226808345105746711e-02 8.462193202355031474e+00
4.263661118276928369e-02 7.916957905168965581e+00
4.303584955879041080e-02 7.171456888007108788e+00
4.341461417193866190e-02 8.604908762315758963e+00
4.379337878508691301e-02 7.592467789890369190e+00
4.420285404254448158e-02 7.713776015856987023e+00
4.461232930000205016e-02 7.271357779979850555e+00
4.502180455745961873e-02 7.356987115956147960e+00
4.541080605204430437e-02 7.984142715560385462e+00
4.581004442806543148e-02 6.877530794279127946e+00
4.623999344839588299e-02 6.965878521874662610e+00
4.663923182441701010e-02 7.936570862239780588e+00
4.702823331900170267e-02 7.599603567888592259e+00
4.745818233933214725e-02 6.837372736282288699e+00
4.787789447822615035e-02 7.856867143080337179e+00
4.829760661712016040e-02 6.603838183619663127e+00
4.873779251888704644e-02 7.020246354240564202e+00
4.916774153921749102e-02 6.904714710462833693e+00
4.959769055954794253e-02 6.938694605690956863e+00
5.004811334275126311e-02 6.316714784331850296e+00
5.048829924451814916e-02 7.278493557978073625e+00
5.092848514628503520e-02 6.589735855560622468e+00
5.137890792948836272e-02 6.904714710462833693e+00
5.182933071269168329e-02 6.366354979100718126e+00
5.231046414020432828e-02 5.958374628345020518e+00
5.276088692340765579e-02 7.321308225965825756e+00
5.319083594373810037e-02 6.506532120010414033e+00
5.363102184550498641e-02 6.870734815233955572e+00
5.409168151014474846e-02 5.976214073339916943e+00
5.458305181909382797e-02 6.107036669970040244e+00
5.507442212804291443e-02 6.000000000000000000e+00
5.554531867411911794e-02 6.681683034507204688e+00
5.599574145732243852e-02 6.519506261825364746e+00
5.647687488483508350e-02 6.091100099107396026e+00
5.698871895665704596e-02 5.914132804757175954e+00
5.749032614704256694e-02 6.136769078295308155e+00
5.797145957455520499e-02 6.205024346102243626e+00
5.848330364637716744e-02 5.391476709612801343e+00
5.899514771819912989e-02 6.384970052139560259e+00
5.948651802714820941e-02 5.720039643210586000e+00
5.998812521753373039e-02 5.988107036670289318e+00
6.048973240791925138e-02 5.759999999999366516e+00
6.100157647974121383e-02 5.811377601585935970e+00
6.152365743299961082e-02 5.571395898452117024e+00
6.205597526769444927e-02 5.631775558435250240e+00
6.258829310238929466e-02 5.648242738430540477e+00
6.312061093708412618e-02 5.500038118472327042e+00
6.363245500890608863e-02 6.011892963329711570e+00
6.415453596216448562e-02 5.301618764452929788e+00
6.468685379685933101e-02 5.822794846382459255e+00
6.519869786868127959e-02 5.788543111991622858e+00
6.573101570337612498e-02 5.380905186653644812e+00
6.628380730094383944e-02 5.328047571853168130e+00
6.681612513563868483e-02 5.885589692764918723e+00
6.738939049607926834e-02 4.838517855429580017e+00
6.800360338226563162e-02 5.054099313078654454e+00
6.859734250557909807e-02 5.039335634462188018e+00
6.916037098458326093e-02 5.571395898452117024e+00
6.973363634502385833e-02 4.890386521308180967e+00
7.033761234977375931e-02 5.014729503434380398e+00
7.093135147308723965e-02 4.950753562762844062e+00
7.155580124071002357e-02 4.611496531218764794e+00
7.219048788976925590e-02 4.861843409315818043e+00
7.279446389451917077e-02 5.246027135094355032e+00
7.338820301783265110e-02 4.950753562762297832e+00
7.397170525970968302e-02 5.188730001416014481e+00
7.459615502733246695e-02 4.506351923596498388e+00
7.523084167639169928e-02 4.945832336557173470e+00
7.585529144401449708e-02 4.642715559959999183e+00
7.650021497451016395e-02 4.622142651619147280e+00
7.712466474213296175e-02 4.952229930623999188e+00
7.775935139119219408e-02 4.629335976213826420e+00
7.839403804025141254e-02 4.780971258671934621e+00
7.903896157074709328e-02 4.398234075141938426e+00
7.968388510124276014e-02 4.771456888007636898e+00
8.031857175030199247e-02 4.549058473736296015e+00
8.096349528079765934e-02 4.714217206431857932e+00
8.161865569272976073e-02 4.415532930894725538e+00
8.230452674897119347e-02 4.394799743485025445e+00
8.296992404233974328e-02 4.728028389654225450e+00
8.365579509858116214e-02 3.996035678889876763e+00
8.435190303625902941e-02 4.495540138751111137e+00
8.497635280388182721e-02 4.960596015173639017e+00
8.566222386012324608e-02 3.857075791560025557e+00
8.639927932354687923e-02 4.243689150585677972e+00
8.707491349835186356e-02 4.615956392467653657e+00
8.778125831746616536e-02 3.957463905927473213e+00
8.848760313658046717e-02 4.468780971258270895e+00
8.915300042994901697e-02 4.350662221821893105e+00
8.985934524906331877e-02 4.122893954409875938e+00
9.056569006817763445e-02 4.333363366069105993e+00
9.128227176872837079e-02 3.945892374038892036e+00
9.201932723215200394e-02 4.191759875407012004e+00
9.274614581413917480e-02 4.067393458869903888e+00
9.346272751468992501e-02 4.273071765871546468e+00
9.422025674098642722e-02 3.696333002973234638e+00
9.499825973015579850e-02 4.019821605549738663e+00
9.572507831214298324e-02 4.208070225116783192e+00
9.645189689413016798e-02 3.968285431119890294e+00
9.720942612042667019e-02 3.808252047362910453e+00
9.797719222815960693e-02 4.150322770738737788e+00
9.877566898020187502e-02 3.574850733640999589e+00
9.962533013942632965e-02 3.438765397139941005e+00
1.004340437729050184e-01 3.926606487558065073e+00
1.012427574063837210e-01 3.479541271413991055e+00
1.020924185656081756e-01 3.557446397060741283e+00
1.028908953176504298e-01 3.891891891891463562e+00
1.037098458325655670e-01 3.494871735773529053e+00
1.045492701103535871e-01 3.747198292291990196e+00
1.053579837438322758e-01 3.674925668979358573e+00
1.062076449030567304e-01 3.375388941387630570e+00
1.070573060622811851e-01 3.575024777007012489e+00
1.078762565771963222e-01 3.582160555004839431e+00
1.087054439735478939e-01 3.543522927795916377e+00
1.096062895399545489e-01 3.103304303818607224e+00
1.104764244620518865e-01 3.778206666319012808e+00
1.112851380955305752e-01 3.501752520002600733e+00
1.121040886104457124e-01 3.695967065640114679e+00
1.129332760067972841e-01 3.421775449525501944e+00
1.137727002845853042e-01 3.592864222001777463e+00
1.146223614438097588e-01 3.352156175812758487e+00
1.155027332473435309e-01 3.342199276281091702e+00
1.163933419323137375e-01 3.360302729975307656e+00
1.172839506172839441e-01 3.335561343259488609e+00
1.181540855393812817e-01 3.445561376185489966e+00
1.190344573429150538e-01 3.305162627263568353e+00
1.199455397907581433e-01 3.222200198215989353e+00
1.208668591200376674e-01 3.196828543111900789e+00
1.217779415678807570e-01 3.259753130912682373e+00
1.226685502528509775e-01 3.338880309769921784e+00
1.236410539893127020e-01 2.763741709232136579e+00
1.246647421329566130e-01 2.976214073339917832e+00
1.256474827508547720e-01 3.026759167492345082e+00
1.265995127244436136e-01 3.209514370663944849e+00
1.275822533423418004e-01 2.848714510581341397e+00
1.286264152488585943e-01 2.820731067451677010e+00
1.296603402739389399e-01 2.891417244796522734e+00
1.307249759433286307e-01 2.671952428146538328e+00
1.317589009684089763e-01 3.051683782131021427e+00
1.327211678234342662e-01 3.100267802543104967e+00
1.337243822042053221e-01 2.815134378825620232e+00
1.347071228221034811e-01 3.222200198215989353e+00
1.356693896771287711e-01 2.964988572237399644e+00
1.366930778207726682e-01 2.843117821955284619e+00
1.376655815572344066e-01 3.262996666366420051e+00
1.386073746493867997e-01 2.997026759167077170e+00
1.395901152672849865e-01 3.011892963330041084e+00
1.405216714780009313e-01 3.375388941387999164e+00
1.415044120958991181e-01 2.730444864146992057e+00
1.425690477652887811e-01 2.806739345886845260e+00
1.436746309604242100e-01 2.528819571227446605e+00
1.447495035112503214e-01 3.029732408324937953e+00
1.457936654177671432e-01 2.666666666666373420e+00
1.469504330200847586e-01 2.445515781693710533e+00
1.480867268595295050e-01 2.763741709232136579e+00
1.491308887660462990e-01 2.877145688800710754e+00
1.501443400282538032e-01 2.944600635100266484e+00
1.511885019347705972e-01 2.714288385661048242e+00
1.522940851299060261e-01 2.605207676367156111e+00
1.534406158507872209e-01 2.518804444212397353e+00
1.545564359273590982e-01 2.813143249218613917e+00
1.556517822410580787e-01 2.597423191278185772e+00
1.567061810290113211e-01 2.994053518334814701e+00
1.578015273427103293e-01 2.445515781693710533e+00
1.589378211821550757e-01 2.752763589235175612e+00
1.600945887844726911e-01 2.346618141643100230e+00
1.613230145568453899e-01 2.418907795938162408e+00
1.624388346334172673e-01 2.882854311198972397e+00
1.635444178285526962e-01 2.463073715867518221e+00
1.646909485494338909e-01 2.645523620746593529e+00
1.658272423888786651e-01 2.511293098951387748e+00
1.670147206355055980e-01 2.423745611530178312e+00
1.682021988821325587e-01 2.548849825256711998e+00
1.692668345515222217e-01 3.054720283406524572e+00
1.703724177466576506e-01 2.348957740986779896e+00
1.715598959932846113e-01 2.607802504730145632e+00
1.726961898327293576e-01 2.586719524281340110e+00
1.738017730278647865e-01 2.758252649233807752e+00
1.750301988002374853e-01 2.119745817058067860e+00
1.762893352169195293e-01 2.628561131633490699e+00
1.775177609892922281e-01 2.200015247388686923e+00
1.787768974059742444e-01 2.480298007586819509e+00
1.799848494154740741e-01 2.390485629335967310e+00
1.812030383064103245e-01 2.440677966101695073e+00
1.824314640787830510e-01 2.360655737704658197e+00
1.837008373769014880e-01 2.294775591108602963e+00
1.850623426079479050e-01 2.046948888574193770e+00
1.864033740761214530e-01 2.346618141643100230e+00
1.876727473742399177e-01 2.287979612062676082e+00
1.889933050795405689e-01 2.177493467880105449e+00
1.903445734291505376e-01 2.175331110910706744e+00
1.917060786601969546e-01 2.147123648358739700e+00
1.930880576541162408e-01 2.098758234711052939e+00
1.944597997665991063e-01 2.173168753941788545e+00
1.958110681162090749e-01 2.162356969096236092e+00
1.971725733472554920e-01 2.151383814327591182e+00
1.985238416968654607e-01 2.210993367385709174e+00
1.998034518764203737e-01 2.395242814667851494e+00
2.010728251745388384e-01 2.267839444995061626e+00
2.023933828798394896e-01 2.210993367385709174e+00
2.037344143480130099e-01 2.173168753941788545e+00
2.051163933419323238e-01 2.086956521739130377e+00
2.065086092172880583e-01 2.166294395218927082e+00
2.079110619740802135e-01 2.063259238283964514e+00
2.093237516123088171e-01 2.098758234711052939e+00
2.106852568433552342e-01 2.235145231378962816e+00
2.120262883115287822e-01 2.171006396972629648e+00
2.134799254755031517e-01 1.904126023681663504e+00
2.149437995209139418e-01 2.147123648358739700e+00
2.163257785148332280e-01 2.136535882935773234e+00
2.177179943901889625e-01 2.113449542353986743e+00
2.191409209098540145e-01 2.026158935775148606e+00
2.206047949552648324e-01 2.021803766105020550e+00
2.222426959850951067e-01 1.646094242724489121e+00
2.237884650819974286e-01 2.299306243805635752e+00
2.252318653645353497e-01 1.842494472821424090e+00
2.267366869356919057e-01 2.103503253328752987e+00
2.281698503367934061e-01 2.032189170703000869e+00
2.296030137378948788e-01 2.074546473046798845e+00
2.310157033761235101e-01 2.076614814495558736e+00
2.325205249472800662e-01 1.837005412822994455e+00
2.340765309256188087e-01 1.928588648112859349e+00
2.355608787339024957e-01 2.048269797177423079e+00
2.370554634236226310e-01 1.931417244796733934e+00
2.385807587576520561e-01 1.976803364315782519e+00
2.401367647359908264e-01 1.835175726156783593e+00
2.416620600700202792e-01 2.050279875486781478e+00
2.431156972339946487e-01 2.012088387610085238e+00
2.446000450422783079e-01 1.934374414057150382e+00
2.461355772577442091e-01 1.900370351051020146e+00
2.476711094732100826e-01 1.932445825408982021e+00
2.492168785701124045e-01 1.875690216621785922e+00
2.507524107855783058e-01 1.955007670689747679e+00
2.523493642896628142e-01 1.743537081925187859e+00
2.539156071494380051e-01 2.051026476001749810e+00
2.555023237720860929e-01 1.702512679997536305e+00
2.571606985647892363e-01 1.853448830653916746e+00
2.587371783060008479e-01 1.864569523637954251e+00
2.604057899801404674e-01 1.677737571161779906e+00
2.620232172470978171e-01 2.033696729434951944e+00
2.635792232254365874e-01 1.785728444003950699e+00
2.652478348995762070e-01 1.719464577835561503e+00
2.669164465737157710e-01 1.835678889989925455e+00
2.685134000778002794e-01 1.889103333159506404e+00
2.701205904633212640e-01 1.781301618764358885e+00
2.717789652560244074e-01 1.774253936791001074e+00
2.734885244559097650e-01 1.686034987438598698e+00
2.751878467743586465e-01 1.783944499504394932e+00
2.768769322113711073e-01 1.680685594356659207e+00
2.786274389370022586e-01 1.697651370226034739e+00
2.803472350183240369e-01 1.782204065846190399e+00
2.820158466924636009e-01 1.768968175311031787e+00
2.836742214851667443e-01 1.800682744191239415e+00
2.854452019736707369e-01 1.571422415650284066e+00
2.873287881579755787e-01 1.574524927823424347e+00
2.891407161722253094e-01 1.694117647058823506e+00
2.909424073050386195e-01 1.576144370990747445e+00
2.928055197264705090e-01 1.604373822411417461e+00
2.946993427922117714e-01 1.550133901271383730e+00
2.965624552136437164e-01 1.628254797729472347e+00
2.983027250578383915e-01 1.749135826343390487e+00
3.000634686649059080e-01 1.588899900891829642e+00
3.018446860348463212e-01 1.709188730001458101e+00
3.036054296419138931e-01 1.631498333183029947e+00
3.054378314190365207e-01 1.576144370990747445e+00
3.072804700775955689e-01 1.605149163149618641e+00
3.090923980918452996e-01 1.625011262275734891e+00
3.109350367504043477e-01 1.555909854785098911e+00
3.127776754089633959e-01 1.639607171817373921e+00
3.146100771860860235e-01 1.587122490987490808e+00
3.164936633703908653e-01 1.534575913552167714e+00
3.183363020289499135e-01 1.643689552646902197e+00
3.201994144503818585e-01 1.517291742736301297e+00
3.221137112789959622e-01 1.568319903477316091e+00
3.239665868189914866e-01 1.608356254384774919e+00
3.258706467661691697e-01 1.478650904743733729e+00
3.277747067133468528e-01 1.611563345619753118e+00
3.296071084904694803e-01 1.592071357779928586e+00
3.314702209119014253e-01 1.559012366958239415e+00
3.333845177405155291e-01 1.506775859370832693e+00
3.352578670433838948e-01 1.628254797729472347e+00
3.371209794648158398e-01 1.533433144254772396e+00
3.390455131748664197e-01 1.522805389789671615e+00
3.409188624777347854e-01 1.608356254384774919e+00
3.427922117806031510e-01 1.521287139151751733e+00
3.447474561349630484e-01 1.487478671339309999e+00
3.467129373707593665e-01 1.511282666527605123e+00
3.486886554879921607e-01 1.478125442446480031e+00
3.506950842495342169e-01 1.466475192653786674e+00
3.527117498925127492e-01 1.447337597981753099e+00
3.546772311283090673e-01 1.556059976341834350e+00
3.566631861269782822e-01 1.414438371488277779e+00
3.587003255328296558e-01 1.460650067757439885e+00
3.606760436500624500e-01 1.512784935579695622e+00
3.626415248858587681e-01 1.486007376906850030e+00
3.646786642917101973e-01 1.413163878038712129e+00
3.667362774604344677e-01 1.461753311109156073e+00
3.687222324591036826e-01 1.502269052214227241e+00
3.707593718649550563e-01 1.377754059617245952e+00
3.728374587965522235e-01 1.476169024236238414e+00
3.748950719652764940e-01 1.403369672943578061e+00
3.769731588968736613e-01 1.439872827718782444e+00
3.790819564727801461e-01 1.361914200764425376e+00
3.812214646929959483e-01 1.373637264618423615e+00
3.833404991503388537e-01 1.386973548740932483e+00
3.854697704891181798e-01 1.383661333710786590e+00
3.876809368793890376e-01 1.285725765408572974e+00
3.898102082181684191e-01 1.475708315878650589e+00
3.918985320312020071e-01 1.349795763363341505e+00
3.939970927256720712e-01 1.469387755102040893e+00
3.961468378273242941e-01 1.276794563216648859e+00
3.982965829289765169e-01 1.460650067757439885e+00
4.003541960977007874e-01 1.395287076505698387e+00
4.023913355035522166e-01 1.523785926659917411e+00
4.044796593165858045e-01 1.335976214073269164e+00
4.066908257068566623e-01 1.334654773703374486e+00
4.088508076899453614e-01 1.410528544074102664e+00
4.110210265544704256e-01 1.340740673389022586e+00
4.131605347746862278e-01 1.434291377601421891e+00
4.151772004176647601e-01 1.471294432580944278e+00
4.173678930450627766e-01 1.257604635206179156e+00
4.197223757754437456e-01 1.281914100528805722e+00
4.219335421657146590e-01 1.410528544074256541e+00
4.240116290973117708e-01 1.427155599603515901e+00
4.261818479618368904e-01 1.299730992496084481e+00
4.284237249964170657e-01 1.341793021683239662e+00
4.307270233196159315e-01 1.211872805765089156e+00
4.330405585242511624e-01 1.326726131483127125e+00
4.352210142702127027e-01 1.371428571428571441e+00
4.373093380832463462e-01 1.448779169294525326e+00
4.394897938292078865e-01 1.270669239997851419e+00
4.418442765595889110e-01 1.232767164485040201e+00
4.440554429498597688e-01 1.441427155599644516e+00
4.461949511700755711e-01 1.311935697984079496e+00
4.484982494932743813e-01 1.240149003793409754e+00
4.508220215793460883e-01 1.288297216939463974e+00
4.530229510881804700e-01 1.384615384615232481e+00
4.551112749012141134e-01 1.440000000000000169e+00
4.572303093585570188e-01 1.385808100923428876e+00
4.594107651045185592e-01 1.354451446416100380e+00
4.617140634277173694e-01 1.208884743193576083e+00
4.640583092766619733e-01 1.314280565816745350e+00
4.664537395327887359e-01 1.158988458710250802e+00
4.689310648404070303e-01 1.223967344744724794e+00
4.712855475707880548e-01 1.281891547500952022e+00
4.736400303011690793e-01 1.214291713560962549e+00
4.759535655058043102e-01 1.338619094813351840e+00
4.781749687775116442e-01 1.314554332111867563e+00
4.804577933378375576e-01 1.254394658598812828e+00
4.830989087484388600e-01 1.000000000000000000e+00
4.857809716847859560e-01 1.213082259662958684e+00
4.879921380750568138e-01 1.476669161222514681e+00
4.900497512437810843e-01 1.425770011642660595e+00
4.923121020412341564e-01 1.252994238296011753e+00
4.946665847716151809e-01 1.279343055358871162e+00
4.968060929918309832e-01 1.471294432580944278e+00
4.989660749749196267e-01 1.278180585258860580e+00
5.011874782466269052e-01 1.402215016309490414e+00
5.034600659255163979e-01 1.214881195292789817e+00
5.057838380115881050e-01 1.345226296663264431e+00
5.079131093503674865e-01 1.444281466798775337e+00
5.099911962819646538e-01 1.410528544074102664e+00
5.119259668734517099e-01 1.664461705119127499e+00
5.138505005835022343e-01 1.399172156474035145e+00
5.159388243965358223e-01 1.434151460385804544e+00
5.180271482095694102e-01 1.432752288229445670e+00
5.199516819196200457e-01 1.666121188374343864e+00
5.219581106811620463e-01 1.298711595639236771e+00
5.240259607313227930e-01 1.563666135217605557e+00
5.259197837970640554e-01 1.560663704082623227e+00
5.277419486927502623e-01 1.680685594356659207e+00
5.296255348770551041e-01 1.457428597170839168e+00
5.315295948242327873e-01 1.653532005057879894e+00
5.333517597199188831e-01 1.580849279560830212e+00
5.350817926826771931e-01 1.908363192803190778e+00
5.367196937125073841e-01 1.810051004375067274e+00
5.385623323710664323e-01 1.485406848566953819e+00
5.403947341481890598e-01 1.761920493337869598e+00
5.420428720594557825e-01 1.801783944499357748e+00
5.436807730892860846e-01 1.819623389494518406e+00
5.454619904592264978e-01 1.533433144254772396e+00
5.472329709477304904e-01 1.842656596956474324e+00
5.488299244518149989e-01 1.909052295573281155e+00
5.504064041930266660e-01 1.853448830654122581e+00
5.520852527486026506e-01 1.673216909880016923e+00
5.537333906598693734e-01 1.967160421075155208e+00
5.553303441639538818e-01 1.792646667794422610e+00
5.569375345494748109e-01 1.940931615460819604e+00
5.585037774092500573e-01 1.829686666158556907e+00
5.601109677947709864e-01 1.896852379219852835e+00
5.616669737731098122e-01 1.994107824103581894e+00
5.632127428700121063e-01 1.866280399481557328e+00
5.647994594926601941e-01 1.890517807266620665e+00
5.662223860123252184e-01 2.301863870328507033e+00
5.675736543619351870e-01 2.059181650856408918e+00
5.689044489486723144e-01 2.402378592665810331e+00
5.702454804168458624e-01 2.010078309300949773e+00
5.715762750035828788e-01 2.443096873897434129e+00
5.727739901316463156e-01 2.509825364820025495e+00
5.740126527854554350e-01 2.310632875548594978e+00
5.752820260835739274e-01 2.362995337048337863e+00
5.765104518559466262e-01 2.467285951856974080e+00
5.777695882726285870e-01 2.296828543112099386e+00
5.789877771635648651e-01 2.620776646544519917e+00
5.800728865958274527e-01 2.826327756077424258e+00
5.812091804352721436e-01 2.402378592665810331e+00
5.823864218004627391e-01 2.646724930173844914e+00
5.835022418770345887e-01 2.669309547406455874e+00
5.845259300206785413e-01 3.102512173051465982e+00
5.854779599942673274e-01 3.066866288509544791e+00
5.864607006121654864e-01 2.970813697133907638e+00
5.874434412300636454e-01 3.097231301267265202e+00
5.883954712036525425e-01 3.226612659972945885e+00
5.892860798886226936e-01 3.480867316106523113e+00
5.901869254550293764e-01 3.097231301266591519e+00
5.911082447843089005e-01 3.418535506027310156e+00
5.919374321806605277e-01 3.868342809451956299e+00
5.927154351698298296e-01 3.793229356840753130e+00
5.935241488033086155e-01 3.515675989267039281e+00
5.943328624367872903e-01 3.830786083146354937e+00
5.951108654259565922e-01 3.943456262062326356e+00
5.958479208893802115e-01 4.323441963505127106e+00
5.965542657084945688e-01 4.118363301712817837e+00
5.972401367647359738e-01 4.682854311199012187e+00
5.978543496509223232e-01 5.147954127141021630e+00
5.984787994185450932e-01 4.411208216956408634e+00
5.991237229490408156e-01 5.090188305252080880e+00
5.997379358352271650e-01 4.995044598612279785e+00
6.003419118399770937e-01 4.970438467585527320e+00
6.009356509632904908e-01 5.167287515805806919e+00
6.015191532051675782e-01 5.198923969984337923e+00
6.020821816841717133e-01 5.497191939213166734e+00
6.026349732817394278e-01 5.602907168814120098e+00
6.031775279978707216e-01 5.708622398413673693e+00
6.036791351882562218e-01 6.391175076485840378e+00
6.041500317343324600e-01 6.329124833023034746e+00
6.046209282804086982e-01 6.205024346102931965e+00
6.050611141821755634e-01 7.421209117937776156e+00
6.054501156767602144e-01 7.928642220020413411e+00
6.058698278156542383e-01 6.329124833024411423e+00
6.062997768359846829e-01 7.586458713681506261e+00
6.066478308048236512e-01 9.704658077304097574e+00
6.069856478922260878e-01 8.245787908819751877e+00
6.073541756239378975e-01 8.404360753221180147e+00
6.077227033556497071e-01 8.245787908819751877e+00
6.081014679687979374e-01 7.511345261071969759e+00
6.084904694633826994e-01 7.661572166291040986e+00
6.088897078394037710e-01 7.349851337958717146e+00
6.092889462154249536e-01 8.037139429347059050e+00
6.096779477100096045e-01 8.037139429345391051e+00
6.100669492045943665e-01 8.187366334567796500e+00
6.104457138177425968e-01 8.087215064420082200e+00
6.107937677865814541e-01 9.276511397422220639e+00
6.111418217554204224e-01 8.325074331020465124e+00
6.114796388428229701e-01 9.704658077304097574e+00
6.117969821673525654e-01 9.544103072347651207e+00
6.121245623733185814e-01 9.276511397424199501e+00
6.124726163421575498e-01 8.562933597620848047e+00
6.128206703109964071e-01 9.276511397422220639e+00
6.131277767540895818e-01 1.080560668271294666e+01
6.134246463157463358e-01 9.990089197224559570e+00
6.137317527588395105e-01 9.894945490583701542e+00
6.140388592019326852e-01 1.008523290386541582e+01
6.143357287635894393e-01 1.039784793996867585e+01
6.146428352066826140e-01 9.454905847373828109e+00
6.149499416497757887e-01 1.039784793996641277e+01
6.152468112114325427e-01 1.018037661050627385e+01
6.155641545359621380e-01 9.187314172448397542e+00
6.158814978604917334e-01 9.704658077301985486e+00
6.161988411850214398e-01 9.098116947472592031e+00
6.165264213909874558e-01 9.276511397424199501e+00
6.168540015969534718e-01 9.276511397422220639e+00
6.171918186843560195e-01 8.898734915175367632e+00
6.175296357717584561e-01 9.008919722496788296e+00
6.178572159777245831e-01 9.008919722496788296e+00
6.181950330651270198e-01 8.982685244564359905e+00
6.185328501525295675e-01 9.008919722496788296e+00
6.188911410028049565e-01 8.037139429345391051e+00
6.192391949716438138e-01 9.514370664024495383e+00
6.195770120590463614e-01 8.483647175420134801e+00
6.199148291464487981e-01 9.894945490583701542e+00
6.202731199967241871e-01 7.278493557978073625e+00
6.206211739655631554e-01 1.039784793996867585e+01
6.209487541715291714e-01 8.483647175421895170e+00
6.213070450218045604e-01 8.562933597621263715e+00
6.216550989906435287e-01 9.150585903338615879e+00
6.220031529594823860e-01 8.478983268234134840e+00
6.223716806911941957e-01 7.962025976734187438e+00
6.227299715414695847e-01 9.276511397424199501e+00
6.230677886288721323e-01 8.982685244562496507e+00
6.234158425977109896e-01 8.730834256397383086e+00
6.237741334479863786e-01 8.245787908821510470e+00
6.241221874168253470e-01 9.098116947472592031e+00
6.244497676227913630e-01 9.454905847371847472e+00
6.247875847101939106e-01 8.730834256399248261e+00
6.251254017975963473e-01 9.276511397422220639e+00
6.254325082406895220e-01 1.039784793996867585e+01
6.257600884466556490e-01 8.245787908819751877e+00
6.261081424154945063e-01 9.811694747275062412e+00
6.264357226214606333e-01 9.276511397422220639e+00
6.267530659459902287e-01 9.609514370663241323e+00
6.271011199148291970e-01 8.112252881956592887e+00
6.274594107651044750e-01 9.008919722498768934e+00
6.278177016153798640e-01 7.586458713681506261e+00
6.281862293470916736e-01 8.646883927008390813e+00
6.285445201973670626e-01 8.087215064420082200e+00
6.289232848105152929e-01 7.962025976735855437e+00
6.292918125422271025e-01 8.395032938845144344e+00
6.296398665110660708e-01 8.898734915173502458e+00
6.299981573613414598e-01 8.245787908821510470e+00
6.303666850930532695e-01 8.483647175420134801e+00
6.307352128247650791e-01 8.483647175420134801e+00
6.311139774379133094e-01 7.586458713683173372e+00
6.314722682881886984e-01 9.187314172446415128e+00
6.318100853755911350e-01 8.478983268232271442e+00
6.321479024629936827e-01 9.187314172448397542e+00
6.324959564318326510e-01 8.325074331020465124e+00
6.328644841635444607e-01 8.087215064420082200e+00
6.332125381323833180e-01 9.187314172448397542e+00
6.335605921012222863e-01 8.483647175420134801e+00
6.339393567143705166e-01 7.811799071513448212e+00
6.343078844460823262e-01 8.562933597621263715e+00
6.346661752963577152e-01 8.562933597620848047e+00
6.350347030280695249e-01 8.325074331020465124e+00
6.354237045226541758e-01 7.349851337958717146e+00
6.358024691358025171e-01 8.562933597621263715e+00
6.361607599860777951e-01 8.007928642219367177e+00
6.365497614806625570e-01 7.492566897918418789e+00
6.369489998566836286e-01 7.811799071513448212e+00
6.373175275883954383e-01 8.562933597621263715e+00
6.376553446757979859e-01 8.919722497522965199e+00
6.380033986446368433e-01 8.483647175420134801e+00
6.383719263763487639e-01 8.087215064420082200e+00
6.387302172266240419e-01 8.478983268232271442e+00
6.390885080768994309e-01 8.007928642221127546e+00
6.394570358086112405e-01 8.087215064418321830e+00
6.398358004217594708e-01 8.037139429347059050e+00
6.402145650349078121e-01 8.245787908819751877e+00
6.405830927666196217e-01 8.007928642219367177e+00
6.409413836168948997e-01 8.646883927010254212e+00
6.413099113486067093e-01 7.811799071513448212e+00
6.416886759617550506e-01 8.007928642221127546e+00
6.420572036934668603e-01 8.007928642219367177e+00
6.424154945437422493e-01 8.478983268232271442e+00
6.427840222754540589e-01 7.736685618903912598e+00
6.431627868886022892e-01 8.007928642219367177e+00
6.435415515017505195e-01 7.962025976735855437e+00
6.439407898777715911e-01 7.207135777997430992e+00
6.443502651352291943e-01 7.278493557978073625e+00
6.447597403926867976e-01 7.492566897918418789e+00
6.451589787687078692e-01 7.811799071513448212e+00
6.455684540261654725e-01 6.931898626645784489e+00
6.459779292836230757e-01 7.811799071513448212e+00
6.463874045410805680e-01 7.271697578933052242e+00
6.468173535614110126e-01 7.271697578931544115e+00
6.472268288188686158e-01 7.661572166292709873e+00
6.476363040763262191e-01 6.863938836188030024e+00
6.480560162152202430e-01 7.349851337958717146e+00
6.484859652355506876e-01 6.746553743579796425e+00
6.489056773744446005e-01 7.586458713681506261e+00
6.493049157504657831e-01 7.135777998018371981e+00
6.497246278893598070e-01 7.135777998017542423e+00
6.501341031468172993e-01 7.661572166292709873e+00
6.505435784042749026e-01 7.203737788473788761e+00
6.509837643060417678e-01 6.876295161726420524e+00
6.514137133263722124e-01 7.135777998018371981e+00
6.518231885838298156e-01 7.207135777997430992e+00
6.522429007227238396e-01 7.203737788475297776e+00
6.526728497430542841e-01 6.999858417102030828e+00
6.530925618819483081e-01 7.207135777997430992e+00
6.535122740208423320e-01 6.863938836189538151e+00
6.539422230411727766e-01 7.135777998017542423e+00
6.543824089429396418e-01 6.746553743579796425e+00
6.548225948447065070e-01 7.135777998017542423e+00
6.552525438650369516e-01 6.863938836188030024e+00
6.556722560039309755e-01 7.421209117937776156e+00
6.560919681428249994e-01 6.931898626645784489e+00
6.565116802817190234e-01 7.349851337958717146e+00
6.569006817763036743e-01 8.007928642219367177e+00
6.572999201523247459e-01 6.863938836188030024e+00
6.577196322912187698e-01 7.421209117939360667e+00
6.581495813115492144e-01 6.746553743579796425e+00
6.585897672133161906e-01 7.135777998017542423e+00
6.590401899965194765e-01 6.329124833024411423e+00
6.595008496611591831e-01 6.681683034507925001e+00
6.599819830886718419e-01 6.108225966302497589e+00
6.604733533976209214e-01 6.267074589562983356e+00
6.609442499436971596e-01 6.267074589562983356e+00
6.614151464897733979e-01 6.329124833024411423e+00
6.618962799172859457e-01 6.005946481664524939e+00
6.623876502262350252e-01 6.243805748265349287e+00
6.628790205351842157e-01 6.303270564915885110e+00
6.633499170812603429e-01 6.746553743581236162e+00
6.637901029830272082e-01 6.999858417102030828e+00
6.642200520033576527e-01 6.863938836188030024e+00
6.646500010236880973e-01 6.795979045731783685e+00
6.650594762811457006e-01 7.811799071513448212e+00
6.654689515386033039e-01 6.999858417103539843e+00
6.658989005589337484e-01 7.203737788473788761e+00
6.663595602235734550e-01 6.065411298315061650e+00
6.667997461253404312e-01 7.736685618903912598e+00
6.672399320271072964e-01 6.124876114965597473e+00
6.677005916917470030e-01 6.999858417102030828e+00
6.681407775935138682e-01 6.616812325434612063e+00
6.686014372581536858e-01 6.391175076485840378e+00
6.690620969227933923e-01 6.681683034506484375e+00
6.695534672317424718e-01 5.653731798429782351e+00
6.700448375406915513e-01 6.616812325434612063e+00
6.705259709682042102e-01 5.936967294350220747e+00
6.710275781585898214e-01 6.243805748265349287e+00
6.715087115861023692e-01 6.453225319947270222e+00
6.720103187764879804e-01 5.598841198443452960e+00
6.725221628483099012e-01 6.065411298315061650e+00
6.730340069201318220e-01 5.598841198444672429e+00
6.735356141105173222e-01 6.329124833024411423e+00
6.740372213009029334e-01 5.763512998398783616e+00
6.745593022541612749e-01 5.708622398414697763e+00
6.750506725631103544e-01 6.329124833024411423e+00
6.755215691091865926e-01 6.267074589562983356e+00
6.760129394181356721e-01 6.108225966302497589e+00
6.765145466085211723e-01 6.243805748265349287e+00
6.769956800360338312e-01 6.329124833024411423e+00
6.774768134635464900e-01 6.124876114965597473e+00
6.779579468910591489e-01 6.391175076484462814e+00
6.784390803185716967e-01 5.946481665015309837e+00
6.789509243903937286e-01 5.653731798428563771e+00
6.794832422250886017e-01 5.653731798429782351e+00
6.800053231783469432e-01 5.879881070366974605e+00
6.805376410130418163e-01 5.391476709613388429e+00
6.810904326106095308e-01 5.391476709613388429e+00
6.816432242081772452e-01 5.444334324412690052e+00
6.821857789243085390e-01 5.818403598383893538e+00
6.826976229961304599e-01 6.065411298315061650e+00
6.831992301865159600e-01 5.879881070365706286e+00
6.836906004954650395e-01 6.391175076485840378e+00
6.841717339229776984e-01 6.303270564915885110e+00
6.846528673504903573e-01 6.329124833024411423e+00
6.851135270151300638e-01 6.551941616361300902e+00
6.855639497983334607e-01 6.746553743579796425e+00
6.860143725815367466e-01 6.551941616361300902e+00
6.864750322461765641e-01 6.205024346102931965e+00
6.869766394365620643e-01 5.598841198444672429e+00
6.875294310341297788e-01 5.147954127141021630e+00
6.880822226316974932e-01 5.653731798429782351e+00
6.886452511107016283e-01 5.068862991694574660e+00
6.891980427082693428e-01 5.708622398414697763e+00
6.897405974244006366e-01 5.147954127141021630e+00
6.903138627848411923e-01 5.351833498513157039e+00
6.908768912638453275e-01 5.338619094812911747e+00
6.914296828614131529e-01 5.444334324413864223e+00
6.919722375775443357e-01 5.543950598459561618e+00
6.925045554122392089e-01 5.598841198444672429e+00
6.930368732469340820e-01 5.818403598383893538e+00
6.935589542001924235e-01 5.822794846381190936e+00
6.940605613905779236e-01 5.946481665015309837e+00
6.945724054623999555e-01 5.598841198444672429e+00
6.950842495342218763e-01 6.065411298315061650e+00
6.955960936060439082e-01 5.598841198444672429e+00
6.961079376778658290e-01 6.065411298315061650e+00
6.966300186311241704e-01 5.391476709612214258e+00
6.971725733472554642e-01 5.543950598460781087e+00
6.977151280633867581e-01 5.497191939213166734e+00
6.982576827795180519e-01 5.598841198444672429e+00
6.987900006142129250e-01 5.543950598459561618e+00
6.993120815674712665e-01 5.765708622397944794e+00
6.998239256392932983e-01 5.765708622397944794e+00
7.003460065925516398e-01 5.598841198444672429e+00
7.008578506643735606e-01 6.184340931616134185e+00
7.013594578547591718e-01 5.879881070365706286e+00
7.018713019265810926e-01 5.879881070366974605e+00
7.023831459984030134e-01 5.936967294350220747e+00
7.028949900702250453e-01 5.879881070366974605e+00
7.033965972606105455e-01 6.065411298315061650e+00
7.039289150953054186e-01 5.300863655669839858e+00
7.044817066928731331e-01 5.598841198444672429e+00
7.050447351718772682e-01 4.970438467584434861e+00
7.056180005323178239e-01 5.338619094812911747e+00
7.061810290113219590e-01 5.096984284298836876e+00
7.067338206088896735e-01 5.653731798428563771e+00
7.072866122064573879e-01 5.198923969984337923e+00
7.078394038040251024e-01 5.598841198444672429e+00
7.083819585201563962e-01 5.391476709613388429e+00
7.089040394734148487e-01 6.005946481664524939e+00
7.094158835452367695e-01 5.489059998475670277e+00
7.099072538541858490e-01 6.876295161726420524e+00
7.103679135188256666e-01 6.515275563407321613e+00
7.108285731834653731e-01 6.551941616361300902e+00
7.112789959666686590e-01 6.616812325434612063e+00
7.117396556313084766e-01 6.515275563407321613e+00
7.122310259402575561e-01 5.879881070365706286e+00
7.127531068935160086e-01 5.543950598460781087e+00
7.132751878467743500e-01 5.822794846381190936e+00
7.138279794443420645e-01 5.019650729640050990e+00
7.144012448047826203e-01 5.444334324413864223e+00
7.149642732837868664e-01 5.147954127141021630e+00
7.155068279999181602e-01 5.765708622397944794e+00
7.160186720717400810e-01 5.708622398414697763e+00
7.165202792621255812e-01 6.005946481664524939e+00
7.169809389267653987e-01 6.795979045731783685e+00
7.174006510656593116e-01 7.492566897918418789e+00
7.178408369674262879e-01 6.515275563407321613e+00
7.182707859877567325e-01 7.586458713681506261e+00
7.186597874823413834e-01 8.037139429345391051e+00
7.191204471469810899e-01 5.598841198444672429e+00
7.196322912188031218e-01 6.005946481664524939e+00
7.201441352906250426e-01 5.543950598460781087e+00
7.207276375325021300e-01 4.833914127689302731e+00
7.213623241815613207e-01 4.649765018062858246e+00
7.219663001863112495e-01 5.351833498513157039e+00
7.225190917838789639e-01 5.818403598383893538e+00
7.231230677886288927e-01 4.454455356337655658e+00
7.237168069119424008e-01 5.994053518334736097e+00
7.242184141023279009e-01 6.005946481664524939e+00
7.247302581741498217e-01 5.489059998475670277e+00
7.252318653645353219e-01 6.825526780711710373e+00
7.256618143848657665e-01 7.511345261071969759e+00
7.260508158794505285e-01 8.262479787177333890e+00
7.264500542554716001e-01 7.706640237860348464e+00
7.269004770386748859e-01 6.124876114964277640e+00
7.274327948733697591e-01 5.504743027041974379e+00
7.280572446409925291e-01 4.324713938192952689e+00
7.286816944086154102e-01 5.300863655669839858e+00
7.292959072948017596e-01 4.549058473736296015e+00
7.299203570624245296e-01 5.019650729640050990e+00
7.306267018815387759e-01 3.674925668979358573e+00
7.313125729377801809e-01 5.497191939213166734e+00
7.319063120610936890e-01 4.833914127689302731e+00
7.324898143029707764e-01 5.653731798429782351e+00
7.331040271891571258e-01 4.365417128198691543e+00
7.337796613639621102e-01 4.861248761149630226e+00
7.343426898429662453e-01 6.577325806867372116e+00
7.348545339147881661e-01 5.550049554013643416e+00
7.353459042237372456e-01 6.999858417103539843e+00
7.357758532440676902e-01 7.135777998017542423e+00
7.362160391458346664e-01 6.746553743579796425e+00
7.367074094547837460e-01 5.708622398414892274e+00
7.372499641709149287e-01 5.391476709613388429e+00
7.378232295313555955e-01 5.019650729638958531e+00
7.383862580103597306e-01 5.489059998475670277e+00
7.389595233708002864e-01 5.090188305252080880e+00
7.395634993755502151e-01 4.970438467585527320e+00
7.401879491431729852e-01 4.593657086223207564e+00
7.408738201994145012e-01 4.118363301712817837e+00
7.414880330856008506e-01 5.708622398414697763e+00
7.419896402759863507e-01 6.005946481664524939e+00
7.425117212292446922e-01 5.444334324413864223e+00
7.430645128268124067e-01 5.391476709613388429e+00
7.436173044243801211e-01 5.338619094812911747e+00
7.441598591405114149e-01 6.092856598307007765e+00
7.446921769752062881e-01 5.708622398413673693e+00
7.451835472841553676e-01 6.746553743581236162e+00
7.456646807116680264e-01 5.765708622397944794e+00
7.461969985463627886e-01 5.602907168814120098e+00
7.467805007882398760e-01 4.852329038652048787e+00
7.473844767929898047e-01 5.118075253750190790e+00
7.480191634420489954e-01 4.497702495719864579e+00
7.486743238539811385e-01 4.649765018062858246e+00
7.493601949102225435e-01 4.083250743310398612e+00
7.500460659664639484e-01 4.833914127689302731e+00
7.507114632598325121e-01 4.239491634116135721e+00
7.513563867903282345e-01 4.921226205529911191e+00
7.519808365579510046e-01 4.504459861248394148e+00
7.526052863255737746e-01 5.167287515805806919e+00
7.531785516860143304e-01 5.391476709613388429e+00
7.537415801650185765e-01 5.300863655669839858e+00
7.542841348811497593e-01 5.708622398414697763e+00
7.547755051900988388e-01 6.391175076484462814e+00
7.552361648547386563e-01 6.487070907289428590e+00
7.557172982822513152e-01 5.822794846382459255e+00
7.562803267612554503e-01 5.185332011892938020e+00
7.568535921216960061e-01 5.653731798428563771e+00
7.574882787707553078e-01 4.043607532210041100e+00
7.582150973527425064e-01 4.444570295908232715e+00
7.588804946461109591e-01 4.852329038652048787e+00
7.595561288209159434e-01 4.003964321109683588e+00
7.602727105214667214e-01 4.239491634116135721e+00
7.609790553405810787e-01 4.118363301712817837e+00
7.616546895153860630e-01 4.603727740657014067e+00
7.622586655201359918e-01 5.453773184198658086e+00
7.629240628135044444e-01 4.281466798811186081e+00
7.635689863440001668e-01 5.543950598459561618e+00
7.640705935343856670e-01 6.329124833024411423e+00
7.645619638433347465e-01 6.165312190287012051e+00
7.650430972708474053e-01 6.616812325434612063e+00
7.654832831726142706e-01 7.135777998017542423e+00
7.658927584300718738e-01 7.886912524124652712e+00
7.662919968060929454e-01 7.563924677897478688e+00
7.667014720635505487e-01 7.349851337958717146e+00
7.671826054910632076e-01 5.708622398413899290e+00
7.677353970886309220e-01 5.285761480013609237e+00
7.682677149233257952e-01 5.936967294350220747e+00
7.688102696394570890e-01 5.300863655669839858e+00
7.695063775771349146e-01 3.674925668979358573e+00
7.702331961591221132e-01 4.649765018062858246e+00
7.708678828081813039e-01 4.603727740657014067e+00
7.715742276272956612e-01 3.793229356840753130e+00
7.723727043793379154e-01 3.817641228939060660e+00
7.730688123170157411e-01 5.249893812827655104e+00
7.737342096103843048e-01 3.934320842150310416e+00
7.744815019552443447e-01 4.083250743309518427e+00
7.751468992486129084e-01 5.019650729640050990e+00
7.757508752533628371e-01 4.899900891972477801e+00
7.763446143766762342e-01 5.198923969984337923e+00
7.768974059742440597e-01 5.708622398413673693e+00
7.773887762831931392e-01 6.487070907289428590e+00
7.779518047621972743e-01 4.411208216956408634e+00
7.785353070040742507e-01 6.184340931614812575e+00
7.790164404315869096e-01 6.267074589562983356e+00
7.796306533177732589e-01 3.857177296226146801e+00
7.803267612554510846e-01 4.833914127689302731e+00
7.810433429560018626e-01 3.732560798962302417e+00
7.817906353008619025e-01 4.365417128199624131e+00
7.824765063571034185e-01 4.540949635102071724e+00
7.832340355833998791e-01 3.515675989267039281e+00
7.840427492168785539e-01 3.755672630535984879e+00
7.847388571545564906e-01 4.947472745291850771e+00
7.854247282107978956e-01 4.050036161036983273e+00
7.861413099113485625e-01 4.367961077574200601e+00
7.867555227975349119e-01 5.338619094812911747e+00
7.874004463280306343e-01 4.202180376610590073e+00
7.880453698585262456e-01 5.497191939213166734e+00
7.885572139303482775e-01 6.391175076485840378e+00
7.890383473578609363e-01 6.184340931614812575e+00
7.895297176668100159e-01 6.065411298315061650e+00
7.900517986200683573e-01 5.391476709613388429e+00
7.906148270990724924e-01 5.198923969984337923e+00
7.910959605265851513e-01 7.661572166292709873e+00
7.917101734127715007e-01 3.620102008750134548e+00
7.924369919947586993e-01 4.757185332012247692e+00
7.929693098294535725e-01 6.681683034506484375e+00
7.936551808856949775e-01 3.171456888008165720e+00
7.944843682820466046e-01 4.043607532210041100e+00
7.952009499825972716e-01 4.365417128198691543e+00
7.958970579202752083e-01 4.281466798810631857e+00
7.966648240280080895e-01 3.585293335589618380e+00
7.974428270171775024e-01 4.240690924535871709e+00
7.981184611919824867e-01 4.649765018062858246e+00
7.987633847224780981e-01 4.549058473736296015e+00
7.994185451344102411e-01 4.504459861248394148e+00
7.999918104948507969e-01 5.946481665015309837e+00
8.005343652109820907e-01 5.068862991694574660e+00
8.010871568085498051e-01 6.051139742319249670e+00
8.015990008803718370e-01 5.822794846382459255e+00
8.020903711893209165e-01 6.391175076484462814e+00
8.025407939725242024e-01 6.931898626645784489e+00
8.030731118072190755e-01 4.741839572876592079e+00
8.037180353377146869e-01 4.593657086224198771e+00
8.043834326310832505e-01 4.411208216956408634e+00
8.050283561615789729e-01 4.852329038650992743e+00
8.056835165735110049e-01 4.197516469422572172e+00
8.063796245111889416e-01 4.281466798810631857e+00
8.070654955674303466e-01 4.454455356337655658e+00
8.077718403865445929e-01 4.003964321110563773e+00
8.085088958499682121e-01 4.043607532210041100e+00
8.092152406690825694e-01 4.411208216955448513e+00
8.099011117253239744e-01 4.197516469422572172e+00
8.105562721372561175e-01 4.852329038652048787e+00
8.112011956677517288e-01 4.497702495719864579e+00
8.118461191982474512e-01 4.899900891972477801e+00
8.124603320844338006e-01 4.995044598612279785e+00
8.130540712077473087e-01 5.453773184198658086e+00
8.136273365681878644e-01 5.096984284298836876e+00
8.141596544028827376e-01 6.184340931614812575e+00
8.146612615932682377e-01 5.708622398414697763e+00
8.152140531908359522e-01 5.068862991694574660e+00
8.158180291955858809e-01 4.757185332012247692e+00
8.164731896075179129e-01 4.239491634116135721e+00
8.172204819523780639e-01 3.695967065639707894e+00
8.179575374158016832e-01 4.454455356338616667e+00
8.186843559977888818e-01 3.793229356840753130e+00
8.194930696312675567e-01 3.585293335588845220e+00
8.203120201461826522e-01 3.659373332317113814e+00
8.211002600167884857e-01 3.830786083146354937e+00
8.219089736502671606e-01 3.654910681911423875e+00
8.226460291136907799e-01 4.695802295469725607e+00
8.233626108142415578e-01 3.732560798963114657e+00
8.241099031591015978e-01 4.281466798810631857e+00
8.247855373339065821e-01 4.504459861248394148e+00
8.254714083901479871e-01 4.281466798810525276e+00
8.261265688020801301e-01 4.970438467584434861e+00
8.267100710439572175e-01 5.453773184198658086e+00
8.272526257600884003e-01 5.936967294351488178e+00
8.277644698319104322e-01 5.994053518334736097e+00
8.283070245480417260e-01 5.147954127141021630e+00
8.289212374342280754e-01 4.549058473736296015e+00
8.295559240832872661e-01 4.852329038652048787e+00
8.301599000880371948e-01 5.019650729640050990e+00
8.307638760927871235e-01 4.899900891971421757e+00
8.313883258604098936e-01 4.603727740657014067e+00
8.320741969166512986e-01 4.083250743309518427e+00
8.328317261429477592e-01 3.793229356841586686e+00
8.336097291321171721e-01 3.830786083146354937e+00
8.343774952398501643e-01 3.934320842149453767e+00
8.351554982290194662e-01 3.695967065640520577e+00
8.359437380996252998e-01 3.830786083146354937e+00
8.367012673259218714e-01 4.003964321109683588e+00
8.374280859079090700e-01 4.159139175987470516e+00
8.381241938455868956e-01 4.367961077574200601e+00
8.387691173760825070e-01 4.899900891971421757e+00
8.394140409065782293e-01 4.324713938192952689e+00
8.400589644370738407e-01 5.042616451932707911e+00
8.406527035603873488e-01 5.147954127141021630e+00
8.412157320393914839e-01 5.391476709613388429e+00
8.417480498740863570e-01 5.822794846382459255e+00
8.422598939459082779e-01 5.765708622397944794e+00
8.427512642548573574e-01 6.267074589562983356e+00
8.432221608009335956e-01 6.267074589562983356e+00
8.437135311098826751e-01 5.822794846382459255e+00
8.442560858260139689e-01 5.147954127141021630e+00
8.448191143050181040e-01 5.285761480013609237e+00
8.454230903097680327e-01 4.593657086224198771e+00
8.460782507217001758e-01 4.504459861248394148e+00
8.467334111336322078e-01 4.772051536173825603e+00
8.473988084270007715e-01 4.411208216956408634e+00
8.480642057203693351e-01 4.459861248761482599e+00
8.487296030137378988e-01 4.367961077574200601e+00
8.494052371885428832e-01 4.454455356337655658e+00
8.501013451262207088e-01 4.118363301713722890e+00
8.507974530638986455e-01 4.454455356337655658e+00
8.514321397129578362e-01 5.019650729640050990e+00
8.520156419548349236e-01 5.198923969984337923e+00
8.525889073152754793e-01 5.300863655669839858e+00
8.531314620314067731e-01 5.879881070366974605e+00
8.536535429846651146e-01 5.653731798429782351e+00
8.541756239379235671e-01 5.879881070365706286e+00
8.546977048911819086e-01 5.543950598459561618e+00
8.552504964887496230e-01 5.249893812827655104e+00
8.558339987306267105e-01 5.118075253750190790e+00
8.564175009725036869e-01 5.147954127141021630e+00
8.570214769772536156e-01 4.787876850283458552e+00
8.576766373891857587e-01 4.454455356337655658e+00
8.583317978011179017e-01 4.603727740657014067e+00
8.590279057387957273e-01 4.011464388074474030e+00
8.597342505579100846e-01 4.459861248761482599e+00
8.604201216141514896e-01 4.118363301712817837e+00
8.611162295518293153e-01 4.411208216956408634e+00
8.618225743709436726e-01 4.122893954409875938e+00
8.625186823086214982e-01 4.459861248761482599e+00
8.631431320762442683e-01 5.019650729640050990e+00
8.637471080809941970e-01 4.899900891971421757e+00
8.643101365599983321e-01 5.708622398414697763e+00
8.648219806318203640e-01 5.879881070365706286e+00
8.653338247036422848e-01 5.822794846382459255e+00
8.658354318940277849e-01 5.946481665015309837e+00
8.663165653215404438e-01 6.391175076484462814e+00
8.668079356304895233e-01 5.936967294351488178e+00
8.673197797023114441e-01 5.822794846381190936e+00
8.678418606555698966e-01 5.543950598460781087e+00
8.683741784902647698e-01 5.543950598459561618e+00
8.689167332063959526e-01 5.550049554013643416e+00
8.694695248039636670e-01 5.497191939213166734e+00
8.700325532829679132e-01 5.147954127141021630e+00
8.706058186434084689e-01 5.198923969984337923e+00
8.712097946481583977e-01 4.603727740657014067e+00
8.718751919415269613e-01 4.365417128198691543e+00
8.724689310648403584e-01 5.946481665015309837e+00
8.730421964252810252e-01 4.638255698711110320e+00
8.736871199557766365e-01 4.741839572876592079e+00
8.742399115533443510e-01 6.515275563407321613e+00
8.748131769137850178e-01 4.411208216955448513e+00
8.754171529185349465e-01 5.763512998400002196e+00
8.759187601089204467e-01 6.453225319945891769e+00
8.763998935364331055e-01 6.303270564915885110e+00
8.768605532010728121e-01 6.931898626644276362e+00
8.773109759842760980e-01 6.453225319947270222e+00
8.777511618860430742e-01 7.349851337957133524e+00
8.782015846692463601e-01 6.065411298315061650e+00
8.786724812153225983e-01 6.616812325434612063e+00
8.791331408799623048e-01 6.453225319947270222e+00
8.796552218332207573e-01 5.249893812826523565e+00
8.801568290236062575e-01 7.067818207559786181e+00
8.806584362139917577e-01 5.249893812827655104e+00
8.812317015744323134e-01 5.249893812827655104e+00
8.818356775791822422e-01 4.741839572875568898e+00
8.824396535839321709e-01 5.147954127141021630e+00
8.830231558258092583e-01 4.970438467585527320e+00
8.836168949491226554e-01 5.068862991694574660e+00
8.842106340724361635e-01 5.118075253751282361e+00
8.848043731957496716e-01 4.970438467584434861e+00
8.853878754376266480e-01 5.147954127141021630e+00
8.859509039166307831e-01 5.391476709613388429e+00
8.864934586327620769e-01 5.763512998398783616e+00
8.870564871117663230e-01 5.118075253750190790e+00
8.876399893536432995e-01 5.198923969984337923e+00
8.881927809512110139e-01 5.543950598459561618e+00
8.887558094302151490e-01 5.068862991695667120e+00
8.893290747906558158e-01 5.497191939213166734e+00
8.898818663882235303e-01 5.338619094812911747e+00
8.904346579857912447e-01 5.338619094814085031e+00
8.909976864647953798e-01 5.300863655669839858e+00
8.915300042994902530e-01 6.065411298315061650e+00
8.920418483713121738e-01 5.708622398413673693e+00
8.925536924431340946e-01 6.065411298315061650e+00
8.930348258706467535e-01 6.205024346102931965e+00
8.935261961795958330e-01 5.765708622397944794e+00
8.940278033699813331e-01 6.243805748265349287e+00
8.944986999160575714e-01 6.746553743579796425e+00
8.949593595806973889e-01 6.391175076485840378e+00
8.954404930082099368e-01 6.243805748265349287e+00
8.959523370800319686e-01 5.598841198444672429e+00
8.964846549147267307e-01 5.653731798428563771e+00
8.969862621051123419e-01 6.205024346102931965e+00
8.975083430583706834e-01 5.351833498513157039e+00
8.980611346559383978e-01 5.653731798428563771e+00
8.986139262535061123e-01 5.198923969984337923e+00
8.991667178510738268e-01 5.489059998475670277e+00
8.997297463300779619e-01 5.216499777861422160e+00
9.003234854533914699e-01 5.019650729638958531e+00
9.008865139323956051e-01 5.763512998398783616e+00
9.014495424113997402e-01 5.068862991695667120e+00
9.020023340089674546e-01 5.936967294350220747e+00
9.025141780807894865e-01 5.994053518334736097e+00
9.030157852711749866e-01 6.184340931616134185e+00
9.034969186986876455e-01 6.267074589562983356e+00
9.039678152447638837e-01 6.267074589562983356e+00
9.044489486722764315e-01 6.065411298315061650e+00
9.049403189812255111e-01 6.005946481664524939e+00
9.054112155273017493e-01 6.487070907289428590e+00
9.058616383105050351e-01 6.551941616361300902e+00
9.063427717380176940e-01 5.879881070366974605e+00
9.068750895727125672e-01 5.391476709612214258e+00
9.074381180517167023e-01 5.198923969984337923e+00
9.080011465307208374e-01 5.391476709613388429e+00
9.085539381282885518e-01 5.338619094812911747e+00
9.091169666072927980e-01 5.147954127142154057e+00
9.097311794934791473e-01 4.549058473736296015e+00
9.102839710910468618e-01 6.811424452653107586e+00
9.107548676371229890e-01 6.124876114964277640e+00
9.112667117089450208e-01 5.598841198444672429e+00
9.118604508322584179e-01 4.504459861248394148e+00
9.124644268370083466e-01 5.391476709613388429e+00
9.129865077902667991e-01 6.184340931616134185e+00
9.134369305734700850e-01 7.492566897918418789e+00
9.139078271195463232e-01 5.543950598459561618e+00
9.143582499027496091e-01 8.325074331020465124e+00
9.147881989230800537e-01 6.303270564915885110e+00
9.152283848248469189e-01 7.661572166291040986e+00
9.156276232008681015e-01 7.492566897918418789e+00
9.159961509325799112e-01 9.008919722498768934e+00
9.163544417828553001e-01 8.112252881956592887e+00
9.167741539217493241e-01 7.135777998016786583e+00
9.172655242306984036e-01 5.543950598460781087e+00
9.177671314210839038e-01 6.391175076484462814e+00
9.182585017300329833e-01 5.879881070366974605e+00
9.188010564461642771e-01 5.453773184198658086e+00
9.193538480437319915e-01 5.489059998475670277e+00
9.199168765227361266e-01 5.118075253750190790e+00
9.205003787646131030e-01 5.198923969984337923e+00
9.210326965993079762e-01 6.065411298315061650e+00
9.215547775525664287e-01 5.444334324412690052e+00
9.221178060315705638e-01 5.402803341356473332e+00
9.226501238662653259e-01 6.243805748265349287e+00
9.231312572937779848e-01 6.267074589562983356e+00
9.235816800769813817e-01 6.863938836189538151e+00
9.239809184530024533e-01 8.087215064418321830e+00
9.243801568290236359e-01 6.931898626645784489e+00
9.248101058493540805e-01 6.931898626645784489e+00
9.252093442253751521e-01 8.404360753221180147e+00
9.255881088385233824e-01 7.511345261071969759e+00
9.259975840959809856e-01 6.931898626644276362e+00
9.264480068791842715e-01 6.329124833024411423e+00
9.268574821366418748e-01 8.478983268234134840e+00
9.272464836312266367e-01 7.067818207559786181e+00
9.277071432958663433e-01 6.124876114964277640e+00
9.281678029605061608e-01 6.795979045731783685e+00
9.286182257437094467e-01 6.391175076485840378e+00
9.290891222897856849e-01 6.267074589562983356e+00
9.295600188358618121e-01 6.267074589562983356e+00
9.300206785005016297e-01 6.746553743579796425e+00
9.304813381651413362e-01 6.515275563407321613e+00
9.309317609483447331e-01 7.067818207561296084e+00
9.313719468501115983e-01 6.876295161724979010e+00
9.318223696333148842e-01 6.681683034507925001e+00
9.322625555350817494e-01 7.135777998017542423e+00
9.326617939111029321e-01 8.007928642219367177e+00
9.330507954056875830e-01 7.349851337958717146e+00
9.334602706631451863e-01 7.421209117937776156e+00
9.338799828020392102e-01 6.863938836188030024e+00
9.342894580594967024e-01 7.962025976735855437e+00
9.346989333169543057e-01 6.931898626645784489e+00
9.351288823372847503e-01 6.999858417103539843e+00
9.356100157647974092e-01 5.928184798352894802e+00
9.360706754294372267e-01 7.586458713681506261e+00
9.365415719755133539e-01 5.338619094812911747e+00
9.370329422844624334e-01 7.203737788475297776e+00
9.374628913047928780e-01 6.999858417102030828e+00
9.379133140879962749e-01 6.267074589564361808e+00
9.383739737526359814e-01 6.811424452653107586e+00
9.388448702987122196e-01 6.243805748265349287e+00
9.393055299633519262e-01 6.931898626645784489e+00
9.397457158651189024e-01 6.616812325433172326e+00
9.401961386483221883e-01 6.616812325434612063e+00
9.405953770243432599e-01 8.562933597621263715e+00
9.409639047560550695e-01 7.736685618903912598e+00
9.413426693692034108e-01 8.166501486620797223e+00
9.416907233380422682e-01 9.098116947470611393e+00
9.420387773068812365e-01 7.928642220020413411e+00
9.424073050385930461e-01 8.166501486620797223e+00
9.427655958888684351e-01 8.730834256397383086e+00
9.431238867391438241e-01 8.087215064420082200e+00
9.434924144708556337e-01 8.087215064420082200e+00
9.438916528468767053e-01 7.135777998017542423e+00
9.443216018672071499e-01 6.999858417102030828e+00
9.447208402432283325e-01 8.007928642219367177e+00
9.451507892635587771e-01 6.362735381566421822e+00
9.456012120467620630e-01 7.278493557978073625e+00
9.460413979485289282e-01 6.329124833024411423e+00
9.464815838502957934e-01 7.278493557978073625e+00
9.468910591077533967e-01 7.421209117937776156e+00
9.473210081280838413e-01 6.681683034507925001e+00
9.477100096226686032e-01 9.187314172446415128e+00
9.480580635915074605e-01 8.007928642219367177e+00
9.484368282046556908e-01 7.586458713683173372e+00
9.488360665806768734e-01 7.635282457878121321e+00
9.492148311938251037e-01 8.646883927010254212e+00
9.495526482812276514e-01 9.008919722496788296e+00
9.499007022500665087e-01 8.404360753221180147e+00
9.502794668632147390e-01 7.736685618902244599e+00
9.506787052392359216e-01 7.635282457879705831e+00
9.510779436152569932e-01 7.962025976734187438e+00
9.514362344655323822e-01 9.454905847373828109e+00
9.518252359601171442e-01 6.876295161726420524e+00
9.522449480990111681e-01 7.736685618902244599e+00
9.526237127121593984e-01 8.087215064420082200e+00
9.529820035624347874e-01 8.562933597621263715e+00
9.533710050570194383e-01 6.999858417103539843e+00
9.537907171959134622e-01 7.278493557978073625e+00
9.541490080461888512e-01 1.018037661050416176e+01
9.545175357779006609e-01 7.067818207559786181e+00
9.549065372724853118e-01 8.982685244564359905e+00
9.552545912413242801e-01 8.646883927008390813e+00
9.555924083287267168e-01 9.454905847373828109e+00
9.559097516532563121e-01 9.990089197224559570e+00
9.562270949777860185e-01 9.544103072349631844e+00
9.565649120651884552e-01 8.898734915173502458e+00
9.569027291525910028e-01 9.098116947472592031e+00
9.572200724771205982e-01 9.609514370663241323e+00
9.575681264459594555e-01 8.112252881958262662e+00
9.579468910591077968e-01 8.007928642219367177e+00
9.583358925536924477e-01 7.207135777997430992e+00
9.587044202854042574e-01 9.365708622398024374e+00
9.590422373728066940e-01 9.234536232729471550e+00
9.594107651045186147e-01 7.736685618902244599e+00
9.597792928362304243e-01 8.395032938845144344e+00
9.601682943308150753e-01 6.863938836188030024e+00
9.605470589439633056e-01 9.633300297323454942e+00
9.608848760313658532e-01 8.395032938845144344e+00
9.612226931187682899e-01 9.365708622398024374e+00
9.615502733247343059e-01 9.365708622398024374e+00
9.618778535307004329e-01 9.811694747273083550e+00
9.621747230923571870e-01 1.097811999695134055e+01
9.624511188911409887e-01 1.100948605408394876e+01
9.627172778084883698e-01 1.260654112982913055e+01
9.629629629629629095e-01 1.201189296333169310e+01
9.632291218803104016e-01 1.070366699702631408e+01
9.634952807976577827e-01 1.201189296332904988e+01
9.637716765964416954e-01 1.008523290386541582e+01
9.640685461580984494e-01 1.039784793996867585e+01
9.643858894826280448e-01 8.814784585786375359e+00
9.647237065700304814e-01 9.098116947470611393e+00
9.650717605388694498e-01 8.245787908821510470e+00
9.654095776262718864e-01 1.056095143706548001e+01
9.657269209508015928e-01 9.008919722496788296e+00
9.660749749196404501e-01 8.087215064420082200e+00
9.664332657699158391e-01 8.562933597621263715e+00
9.667710828573183868e-01 9.187314172448397542e+00
9.670781893004115615e-01 1.049978762565304713e+01
9.673955326249411568e-01 9.066635573951487004e+00
9.677026390680343315e-01 1.163680719676778708e+01
9.679585611039452919e-01 1.284440039643127385e+01
9.682042462584198317e-01 1.189296333003061967e+01
9.684499314128943714e-01 1.284440039643127385e+01
9.686956165673689112e-01 1.272547076313020042e+01
9.689413017218434510e-01 1.236868186323226837e+01
9.691972237577544114e-01 1.141724479682734739e+01
9.694531457936653718e-01 1.296333002973234549e+01
9.697193047110128639e-01 1.090754636839731617e+01
9.699752267469238243e-01 1.297414181457885718e+01
9.702106750199619434e-01 1.308225966303077747e+01
9.704768339373093244e-01 1.060172731134194279e+01
9.707429928546567055e-01 1.213082259662748363e+01
9.710193886534406182e-01 9.609514370665353411e+00
9.713060213336609516e-01 1.130746359685712754e+01
9.715721802510083327e-01 1.108790119691912324e+01
9.718485760497922454e-01 1.060172731134194279e+01
9.721352087300124678e-01 1.060172731133967972e+01
9.724116045287963805e-01 1.119768239688934486e+01
9.726777634461437616e-01 1.141724479682734739e+01
9.729439223634911427e-01 1.119768239688934486e+01
9.731896075179656824e-01 1.349310748716247232e+01
9.734148189095673809e-01 1.362284890530621517e+01
9.736400303011690793e-01 1.427155599603357317e+01
9.738754785742071984e-01 1.284440039643127385e+01
9.741006899658087859e-01 1.427155599603674396e+01
9.743156644759740637e-01 1.414181457788983032e+01
9.745408758675756511e-01 1.414181457788695084e+01
9.747456134963045082e-01 1.585728444004082682e+01
9.749298773621604131e-01 1.712586719524169609e+01
9.751141412280163179e-01 1.601585728443873435e+01
9.753086419753086433e-01 1.569871159564010199e+01
9.755133796040373895e-01 1.455698711595614725e+01
9.757283541142026673e-01 1.349310748715959285e+01
9.759638023872407864e-01 1.224975222993119495e+01
9.762094875417153261e-01 1.224975222992855528e+01
9.764551726961898659e-01 1.213082259663012330e+01
9.766803840877914533e-01 1.469970267591743429e+01
9.768953585979567311e-01 1.479052166861719009e+01
9.771308068709948502e-01 1.260654112983177022e+01
9.773560182625964377e-01 1.498513379583683758e+01
9.775607558913252948e-01 1.512784935579812462e+01
9.777552566386176203e-01 1.665014866204093025e+01
9.779292836230371044e-01 1.801783944499357659e+01
9.780930737260200569e-01 1.819623389494518406e+01
9.782568638290031204e-01 1.837462834489283026e+01
9.784206539319861839e-01 2.015857284440098951e+01
9.785844440349691364e-01 1.908820614469530241e+01
9.787482341379522000e-01 1.998017839444938204e+01
9.789120242409352635e-01 1.837462834489679508e+01
9.790655774624817953e-01 2.038793713719534750e+01
9.792293675654648588e-01 1.696729435084026960e+01
9.794341051941936049e-01 1.479052166861719009e+01
9.796388428229224621e-01 1.601585728444225509e+01
9.798333435702147876e-01 1.441427155599486198e+01
9.800483180803799543e-01 1.414181457788983032e+01
9.802735294719816528e-01 1.375259032344995802e+01
9.804885039821469306e-01 1.469970267591743429e+01
9.807034784923120974e-01 1.440129741418019904e+01
9.809184530024773752e-01 1.427155599603674396e+01
9.811129537497697006e-01 1.696729435084026960e+01
9.812869807341891848e-01 1.873141724479604875e+01
9.814610077186085579e-01 1.728444003964312614e+01
9.816452715844644628e-01 1.791873141724532559e+01
9.818192985688839469e-01 2.069375619424789292e+01
9.819626149089941691e-01 2.402378592666338619e+01
9.820854574862314390e-01 2.473736372645925030e+01
9.822083000634687089e-01 2.497522299306139715e+01
9.823413795221423994e-01 2.344612770777170851e+01
9.824744589808160899e-01 2.568880079286254769e+01
9.826075384394897805e-01 2.263061022228316688e+01
9.827610916610364233e-01 2.033696729435259698e+01
9.829248817640193758e-01 1.837462834489283026e+01
9.830989087484388600e-01 1.760158572844598623e+01
9.832831726142947648e-01 1.728444003963960540e+01
9.834674364801506696e-01 1.649157581764302094e+01
9.836619372274429951e-01 1.641228939544019738e+01
9.838462010932988999e-01 1.801783944499357659e+01
9.840202280777183841e-01 1.649157581763950375e+01
9.841942550621378683e-01 1.926660059464690988e+01
9.843580451651209318e-01 1.980178394450173585e+01
9.845218352681038843e-01 1.926660059464690988e+01
9.846753884896505271e-01 2.140733399405262816e+01
9.848187048297606383e-01 2.079569587993735169e+01
9.849620211698708605e-01 2.242673085090990526e+01
9.851053375099809717e-01 2.263061022228770014e+01
9.852486538500910829e-01 2.283448959365643560e+01
9.853919701902013051e-01 2.120345462267935943e+01
9.855455234117478369e-01 2.015857284440098951e+01
9.856990766332944798e-01 2.242673085090990526e+01
9.858423929734045910e-01 2.079569587993735169e+01
9.859959461949511228e-01 1.908820614469530241e+01
9.861597362979341863e-01 1.980178394450173585e+01
9.863132895194808292e-01 2.120345462267935943e+01
9.864566058595909404e-01 2.201897210816789752e+01
9.865999221997010515e-01 2.283448959365643560e+01
9.867432385398112737e-01 2.405776582188697788e+01
9.868763179984849643e-01 2.426164519326024660e+01
9.869991605757222342e-01 2.568880079286254769e+01
9.871220031529595040e-01 2.592666005946469099e+01
9.872448457301967739e-01 2.782953419227128222e+01
9.873574514259976231e-01 2.882854311198972397e+01
9.874700571217983613e-01 2.640237859266370180e+01
9.875928996990356312e-01 2.711595639246485234e+01
9.877157422762729011e-01 2.545094152626568729e+01
9.878385848535102820e-01 2.497522299306139715e+01
9.879716643121839725e-01 2.426164519326024660e+01
9.881047437708576631e-01 2.592666005946469099e+01
9.882275863480949329e-01 2.616451932606155495e+01
9.883504289253322028e-01 2.640237859266370180e+01
9.884732715025694727e-01 2.640237859266898113e+01
9.885961140798067426e-01 2.759167492566385604e+01
9.887087197756075918e-01 2.939940535183486858e+01
9.888213254714084410e-01 2.711595639246485234e+01
9.889339311672091792e-01 3.025569871159624924e+01
9.890362999815736078e-01 2.854311199207348793e+01
9.891386687959380364e-01 2.882854311198972397e+01
9.892410376103023539e-01 2.911397423191229450e+01
9.893434064246667825e-01 2.911397423191229450e+01
9.894457752390312111e-01 2.968483647175110463e+01
9.895583809348320603e-01 2.878097125866929673e+01
9.896709866306327985e-01 3.082656095143505581e+01
9.897733554449972271e-01 2.939940535183486858e+01
9.898859611407980763e-01 2.854311199207243277e+01
9.900088037180353462e-01 2.854311199206714633e+01
9.901214094138361954e-01 2.882854311198972397e+01
9.902237782282005130e-01 2.968483647175744267e+01
9.903261470425649415e-01 3.168285431119643647e+01
9.904285158569293701e-01 3.025569871159624924e+01
9.905308846712936877e-01 3.311000991079662725e+01
9.906332534856581162e-01 3.396630327056434595e+01
9.907356223000225448e-01 3.510802775024830424e+01
9.908277542329504417e-01 3.674925668979359017e+01
9.909096492844420290e-01 3.710604558968888256e+01
9.909915443359335052e-01 3.639246778989036812e+01
9.910734393874249815e-01 3.746283448959209750e+01
9.911655713203529894e-01 3.624975222992591029e+01
9.912577032532808863e-01 3.924677898910024965e+01
9.913395983047724735e-01 3.817641228939060483e+01
9.914214933562639498e-01 3.746283448959209750e+01
9.915033884077554260e-01 3.746283448959209750e+01
9.915852834592470133e-01 3.639246778989036812e+01
9.916671785107384895e-01 3.746283448959209750e+01
9.917490735622299658e-01 3.853320118930174232e+01
9.918309686137215531e-01 4.103072348860048635e+01
9.919128636652130293e-01 3.888999008918911215e+01
9.919947587167045056e-01 3.996035678889876408e+01
9.920766537681960928e-01 4.352824578790716004e+01
9.921585488196875691e-01 4.281466798810864560e+01
9.922404438711790453e-01 3.996035678889876408e+01
9.923223389226706326e-01 4.281466798810864560e+01
9.924042339741621088e-01 4.067393458869727141e+01
9.924861290256535851e-01 4.281466798810073016e+01
9.925680240771451723e-01 4.245787908820543066e+01
9.926499191286366486e-01 4.210109018831013827e+01
9.927318141801281248e-01 4.174430128839900078e+01
9.928137092316197121e-01 4.459861248760888941e+01
9.928956042831111883e-01 4.424182358771358992e+01
9.929774993346026646e-01 4.673934588701233395e+01
9.930593943860942518e-01 4.780971258671405621e+01
9.931310525561493074e-01 4.995044598612279430e+01
9.932027107262043630e-01 4.709613478691555599e+01
9.932846057776958393e-01 4.816650148662519371e+01
9.933665008291874265e-01 4.816650148661727826e+01
9.934483958806789028e-01 4.673934588701233395e+01
9.935302909321703790e-01 4.566897918731061168e+01
9.936019491022255457e-01 4.899900891972477979e+01
9.936633703908441806e-01 4.947472745291850060e+01
9.937247916794628155e-01 4.804757185331619951e+01
9.937964498495178711e-01 4.816650148661727826e+01
9.938681080195729267e-01 5.137760158572509539e+01
9.939295293081915617e-01 5.423191278495082202e+01
9.939909505968101966e-01 5.661050545093001318e+01
9.940523718854288315e-01 5.756194251733859346e+01
9.941137931740474665e-01 5.898909811695145322e+01
9.941752144626661014e-01 5.470763131813398417e+01
9.942366357512847364e-01 5.851337958374716663e+01
9.942980570399033713e-01 5.756194251733859346e+01
9.943594783285220062e-01 5.613478691774685103e+01
9.944208996171406412e-01 5.518334985131714632e+01
9.944823209057592761e-01 5.708622398415542420e+01
9.945437421943779110e-01 5.851337958374716663e+01
9.946051634829965460e-01 5.803766105054287294e+01
9.946665847716151809e-01 6.089197224974747513e+01
9.947280060602338159e-01 6.374628344895208443e+01
9.947894273488524508e-01 6.564915758176923077e+01
9.948508486374710857e-01 6.755203171456525979e+01
9.949020330446533000e-01 7.207135777997430637e+01
9.949532174518355143e-01 6.945490584736128881e+01
9.950146387404541493e-01 7.040634291376986198e+01
9.950760600290727842e-01 7.040634291379099352e+01
9.951374813176914191e-01 6.850346878095271563e+01
9.951989026063100541e-01 6.945490584738240614e+01
9.952603238949286890e-01 7.135777998017843515e+01
9.953115083021107923e-01 7.492566897916834989e+01
9.953524558278565859e-01 7.849355797820049929e+01
9.953934033536023795e-01 7.849355797820049929e+01
9.954343508793480622e-01 7.920713577797525318e+01
9.954752984050938558e-01 8.063429137761980314e+01
9.955162459308396494e-01 8.348860257678215646e+01
9.955571934565853320e-01 8.277502477700741679e+01
9.955981409823311257e-01 8.562933597623313631e+01
9.956390885080769193e-01 8.634291377600787598e+01
9.956800360338226019e-01 8.420218037658858634e+01
9.957209835595683955e-01 8.634291377600787598e+01
9.957619310853141892e-01 8.991080277504005380e+01
9.958028786110598718e-01 8.777006937562073574e+01
9.958438261368056654e-01 9.062438057481477927e+01
9.958847736625514591e-01 9.062438057481477927e+01
9.959257211882971417e-01 9.419226957384694288e+01
9.959666687140429353e-01 9.918731417242860005e+01
9.960076162397887289e-01 1.020416253716543196e+02
9.960485637655345226e-01 1.006144697720414456e+02
9.960895112912802052e-01 1.027552031714607637e+02
9.961304588170259988e-01 1.048959365708483631e+02
9.961714063427717925e-01 1.027552031714607637e+02
9.962123538685174751e-01 1.041823587710736092e+02
9.962533013942632687e-01 1.063230921704612228e+02
9.962942489200090623e-01 1.070366699702676527e+02
9.963351964457547449e-01 1.098909811694616963e+02
9.963761439715005386e-01 1.127452923686874158e+02
9.964170914972463322e-01 1.163131813676561990e+02
9.964580390229920148e-01 1.198810703667200670e+02
9.964989865487378085e-01 1.234489593656888360e+02
9.965399340744836021e-01 1.270168483647209996e+02
9.965808816002292847e-01 1.327254707631090866e+02
9.966218291259750783e-01 1.327254707631407769e+02
9.966627766517208720e-01 1.255896927651081256e+02
9.967037241774665546e-01 1.277304261645274295e+02
9.967446717032123482e-01 1.248761149653017100e+02
9.967856192289581418e-01 1.248761149653017100e+02
9.968265667547038245e-01 1.291575817641086132e+02
9.968675142804496181e-01 1.377205153617541100e+02
9.969084618061954117e-01 1.469970267591426420e+02
9.969391724505046737e-01 1.527056491576257997e+02
9.969596462133775150e-01 1.555599603567881672e+02
9.969801199762504673e-01 1.555599603567881672e+02
9.970005937391233086e-01 1.541328047571752791e+02
9.970210675019961499e-01 1.541328047571752791e+02
9.970415412648691023e-01 1.555599603567881672e+02
9.970620150277419436e-01 1.512784935579495595e+02
9.970824887906147849e-01 1.527056491575624193e+02
9.971029625534877372e-01 1.527056491575624193e+02
9.971234363163605785e-01 1.527056491576257997e+02
9.971439100792334198e-01 1.541328047571752791e+02
9.971643838421063721e-01 1.555599603567881672e+02
9.971848576049792134e-01 1.584142715559505064e+02
9.972053313678520547e-01 1.655500495540148336e+02
9.972258051307250071e-01 1.712586719524029206e+02
9.972462788935978484e-01 1.755401387512414715e+02
9.972667526564706897e-01 1.812487611496929389e+02
9.972872264193436420e-01 1.826759167492424467e+02
9.973077001822164833e-01 1.841030723488553065e+02
9.973281739450893246e-01 1.841030723488553065e+02
9.973486477079622770e-01 1.826759167492424467e+02
9.973691214708351183e-01 1.826759167492424467e+02
9.973895952337079596e-01 1.783944499504038390e+02
9.974100689965809119e-01 2.069375619425343871e+02
9.974305427594537532e-01 1.912388503468562249e+02
9.974510165223265945e-01 1.983746283449205521e+02
9.974714902851995468e-01 1.998017839444700599e+02
9.974919640480723881e-01 2.083647175421472184e+02
9.975124378109452294e-01 2.083647175420838664e+02
9.975329115738181818e-01 2.097918731416967262e+02
9.975533853366910231e-01 2.069375619425343871e+02
9.975738590995638644e-01 2.040832507433086391e+02
9.975943328624368167e-01 2.040832507433086391e+02
9.976148066253096580e-01 2.069375619424709782e+02
9.976352803881824993e-01 2.097918731417600782e+02
9.976557541510554517e-01 2.126461843409224457e+02
9.976762279139282930e-01 2.226362735381491404e+02
9.976967016768011343e-01 2.311992071357629186e+02
9.977171754396740866e-01 2.369078295341510056e+02
9.977376492025469279e-01 2.411892963329895849e+02
9.977581229654197692e-01 2.311992071357629186e+02
9.977785967282927215e-01 2.340535183349886665e+02
9.977990704911655628e-01 2.326263627353758068e+02
9.978195442540384041e-01 2.269177403369877197e+02
9.978400180169113565e-01 2.383349851337638938e+02
9.978604917797841978e-01 2.426164519326024731e+02
9.978809655426570391e-01 2.554608523290548590e+02
9.979014393055299914e-01 2.668780971258310046e+02
9.979219130684028327e-01 2.825768087215091668e+02
9.979423868312756740e-01 2.811496531218962787e+02
9.979628605941486263e-01 2.797224975222833905e+02
9.979833343570214677e-01 2.740138751238953319e+02
9.980038081198943090e-01 2.768681863230577278e+02
9.980242818827672613e-01 2.768681863230577278e+02
9.980447556456401026e-01 2.868582755203477177e+02
9.980652294085129439e-01 2.997026759167367800e+02
9.980857031713858962e-01 3.139742319127386736e+02
9.981061769342587375e-01 3.296729435084167790e+02
9.981266506971315788e-01 3.239643211100286635e+02
9.981471244600045312e-01 3.339544103071920063e+02
9.981675982228773725e-01 3.339544103072553867e+02
9.981880719857502138e-01 3.368087215064177258e+02
9.982085457486231661e-01 3.453716551040315039e+02
9.982290195114960074e-01 3.582160555004839466e+02
9.982494932743688487e-01 3.753419226957115029e+02
9.982699670372418010e-01 3.810505450941629988e+02
9.982904408001146424e-01 3.839048562933253947e+02
9.983109145629874837e-01 3.867591674925510574e+02
9.983313883258604360e-01 3.910406342913897220e+02
9.983518620887332773e-01 4.010307234885529510e+02
9.983723358516061186e-01 4.181565906838440014e+02
9.983928096144790709e-01 4.352824578790715577e+02
9.984132833773519122e-01 4.495540138751368318e+02
9.984337571402247535e-01 4.438453914766853359e+02
9.984542309030977059e-01 4.495540138750735082e+02
9.984747046659705472e-01 4.623984142715258372e+02
9.984951784288433885e-01 4.738156590684287721e+02
9.985156521917163408e-01 4.809514370663663385e+02
9.985361259545891821e-01 4.866600594647543971e+02
9.985565997174620234e-01 5.009316154608830516e+02
9.985770734803349757e-01 5.223389494548858920e+02
9.985975472432078170e-01 5.480277502477273401e+02
9.986180210060806584e-01 5.494549058473402283e+02
9.986384947689536107e-01 5.565906838454045555e+02
9.986589685318264520e-01 5.680079286421806728e+02
9.986794422946992933e-01 5.879881070366340055e+02
9.986999160575722456e-01 5.908424182358596681e+02
9.987203898204450869e-01 6.079682854310873381e+02
9.987408635833179282e-01 6.336570862239921098e+02
9.987613373461908806e-01 6.536372646183821189e+02
9.987818111090637219e-01 6.707631318136731124e+02
9.988022848719365632e-01 6.878889990089007824e+02
9.988227586348095155e-01 7.121506442021292287e+02
9.988432323976823568e-01 7.392666005946468886e+02
9.988637061605551981e-01 7.492566897918102313e+02
9.988841799234281504e-01 7.792269573835535539e+02
9.989046536863009917e-01 8.077700693755574548e+02
9.989251274491738330e-01 8.163330029732345565e+02
9.989456012120467854e-01 8.434489593656888928e+02
9.989660749749196267e-01 9.048166501485983417e+02
9.989865487377924680e-01 9.062438057482745535e+02
9.990070225006654203e-01 9.390683845390536817e+02
9.990274962635382616e-01 9.975817641228641151e+02
9.990479700264111029e-01 1.070366699702676669e+03
9.990684437892840553e-01 1.061803766104999340e+03
9.990889175521568966e-01 1.107472745292294121e+03
9.991093913150297379e-01 1.148860257680877112e+03
9.991298650779026902e-01 1.197383548067334232e+03
9.991503388407755315e-01 1.278731417244760451e+03
9.991708126036483728e-01 1.318691774033603906e+03
9.991912863665213251e-01 1.365787908820574785e+03
9.992117601293941664e-01 1.418592666005934007e+03
9.992322338922670077e-01 1.448562933597550455e+03
9.992527076551399601e-01 1.504222001982072015e+03
9.992731814180128014e-01 1.528483647175363785e+03
9.992936551808856427e-01 1.545609514370655006e+03
9.993141289437585950e-01 1.619821605549953574e+03
9.993346027066314363e-01 1.632666005946469113e+03
9.993550764695042776e-01 1.662636273538085561e+03
9.993755502323772300e-01 1.708305252725380569e+03
9.993960239952500713e-01 1.733994053518285455e+03
9.994164977581229126e-01 1.771100099107966344e+03
9.994369715209958649e-01 1.759682854311126675e+03
9.994574452838687062e-01 1.838176412289327345e+03
9.994779190467415475e-01 1.876709613478621122e+03
9.994983928096144998e-01 1.926660059464754568e+03
9.995188665724873411e-01 1.939504459861143687e+03
9.995393403353601824e-01 1.979464816650113562e+03
9.995598140982331348e-01 2.035123885034571686e+03
9.995802878611059761e-01 2.100773042616383009e+03
9.996007616239788174e-01 2.153577799801742003e+03
9.996212353868517697e-01 2.147869177403227241e+03
9.996417091497246110e-01 2.242061446977169453e+03
9.996621829125974523e-01 2.276313181367560901e+03
9.996826566754704047e-01 2.339108027750210567e+03
9.997031304383432460e-01 2.384777006937441911e+03
9.997236042012160873e-01 2.463270564915705563e+03
9.997440779640890396e-01 2.554608523290231915e+03
9.997645517269618809e-01 2.591714568880039678e+03
9.997850254898347222e-01 2.707314172447857345e+03
9.998054992527076745e-01 2.780099108027606690e+03
9.998259730155805158e-01 2.827195242814577796e+03
9.998464467784533571e-01 2.927096134786844232e+03
9.998669205413263095e-01 3.019861248760983472e+03
9.998873943041991508e-01 3.119762140733313572e+03
9.999078680670719921e-01 3.246778989097971134e+03
9.999283418299449444e-01 3.326699702675784465e+03
9.999488155928177857e-01 3.440872150644116573e+03
9.999692893556906270e-01 3.593577799801615583e+03
9.999795262371271587e-01 nan
