4.010000000000000231e-01 5.657830000000000359e-01 5.999989999999999668e+01
7.990000000000000435e-01 5.859360000000000124e-01 5.999989999999999668e+01
1.199999999999999956e+00 5.939079999999999915e-01 5.999989999999999668e+01
1.600000000000000089e+00 5.999830000000000441e-01 5.999989999999999668e+01
2.000000000000000000e+00 6.050860000000000127e-01 5.999989999999999668e+01
2.400999999999999801e+00 6.095180000000000042e-01 5.999989999999999668e+01
2.801000000000000156e+00 6.134260000000000268e-01 5.999989999999999668e+01
3.201999999999999957e+00 6.168970000000000287e-01 5.999989999999999668e+01
3.601999999999999869e+00 6.200299999999999701e-01 5.999989999999999668e+01
4.001999999999999780e+00 6.229050000000000420e-01 5.999989999999999668e+01
4.402999999999999581e+00 6.255830000000000002e-01 5.999989999999999668e+01
4.801000000000000156e+00 6.280820000000000292e-01 5.999989999999999668e+01
5.201999999999999957e+00 6.304530000000000411e-01 5.999989999999999668e+01
5.602000000000000313e+00 6.326920000000000321e-01 5.999989999999999668e+01
6.001999999999999780e+00 6.348089999999999566e-01 5.999989999999999668e+01
6.402999999999999581e+00 6.368310000000000359e-01 5.999989999999999668e+01
6.801000000000000156e+00 6.387559999999999905e-01 5.999989999999999668e+01
7.201999999999999957e+00 6.406049999999999800e-01 5.999989999999999668e+01
7.602000000000000313e+00 6.423590000000000133e-01 5.999989999999999668e+01
8.002000000000000668e+00 6.440550000000000441e-01 5.999989999999999668e+01
8.403000000000000469e+00 6.456659999999999622e-01 5.999989999999999668e+01
8.798999999999999488e+00 6.472210000000000463e-01 5.999989999999999668e+01
9.199999999999999289e+00 6.487270000000000536e-01 5.999989999999999668e+01
9.599999999999999645e+00 6.501810000000000089e-01 5.999989999999999668e+01
1.000000000000000000e+01 6.515900000000000025e-01 5.999989999999999668e+01
1.040099999999999980e+01 6.529570000000000096e-01 5.999989999999999668e+01
1.079899999999999949e+01 6.542829999999999480e-01 5.999989999999999668e+01
1.119999999999999929e+01 6.555649999999999533e-01 5.999989999999999668e+01
1.159999999999999964e+01 6.568140000000000089e-01 5.999989999999999668e+01
1.200000000000000000e+01 6.580289999999999750e-01 5.999989999999999668e+01
1.240099999999999980e+01 6.592139999999999667e-01 5.999989999999999668e+01
1.279899999999999949e+01 6.603679999999999550e-01 5.999989999999999668e+01
1.319999999999999929e+01 6.615140000000000464e-01 5.999989999999999668e+01
1.359999999999999964e+01 6.630840000000000067e-01 5.999989999999999668e+01
1.400000000000000000e+01 6.642000000000000126e-01 5.999989999999999668e+01
1.440099999999999980e+01 6.652839999999999865e-01 5.999989999999999668e+01
1.479899999999999949e+01 6.663470000000000226e-01 5.999989999999999668e+01
1.519999999999999929e+01 6.673829999999999485e-01 5.999989999999999668e+01
1.559999999999999964e+01 6.683940000000000436e-01 5.999989999999999668e+01
1.640099999999999980e+01 6.703550000000000342e-01 5.999989999999999668e+01
1.719999999999999929e+01 6.722280000000000477e-01 5.999989999999999668e+01
1.800000000000000000e+01 6.740180000000000060e-01 5.999989999999999668e+01
1.879899999999999949e+01 6.757480000000000153e-01 5.999989999999999668e+01
1.960000000000000142e+01 6.774000000000000021e-01 5.999989999999999668e+01
2.040099999999999980e+01 6.789950000000000152e-01 5.999989999999999668e+01
2.119999999999999929e+01 6.805400000000000338e-01 5.999989999999999668e+01
2.200000000000000000e+01 6.820330000000000004e-01 5.999989999999999668e+01
2.279899999999999949e+01 6.834909999999999597e-01 5.999989999999999668e+01
2.360000000000000142e+01 6.849049999999999860e-01 5.999989999999999668e+01
2.440099999999999980e+01 6.862740000000000506e-01 5.999989999999999668e+01
2.519999999999999929e+01 6.876160000000000050e-01 5.999989999999999668e+01
2.600000000000000000e+01 6.889229999999999521e-01 5.999989999999999668e+01
2.679899999999999949e+01 6.902009999999999534e-01 5.999989999999999668e+01
2.760000000000000142e+01 6.914500000000000091e-01 5.999989999999999668e+01
2.840099999999999980e+01 6.926619999999999999e-01 5.999989999999999668e+01
2.919999999999999929e+01 6.938549999999999995e-01 5.999989999999999668e+01
3.000000000000000000e+01 6.950190000000000534e-01 5.999989999999999668e+01
3.079899999999999949e+01 6.961610000000000298e-01 5.999989999999999668e+01
3.160000000000000142e+01 6.972800000000000109e-01 5.999989999999999668e+01
3.240100000000000335e+01 6.983770000000000255e-01 5.999989999999999668e+01
3.320000000000000284e+01 6.994540000000000202e-01 5.999989999999999668e+01
3.400000000000000000e+01 7.005040000000000155e-01 5.999989999999999668e+01
3.479899999999999949e+01 7.015310000000000157e-01 5.999989999999999668e+01
3.560000000000000142e+01 7.025369999999999671e-01 5.999989999999999668e+01
3.679899999999999949e+01 7.040170000000000039e-01 5.999989999999999668e+01
3.800000000000000000e+01 7.054570000000000007e-01 5.999989999999999668e+01
3.920199999999999818e+01 7.068560000000000398e-01 5.999989999999999668e+01
4.040299999999999869e+01 7.082100000000000062e-01 5.999989999999999668e+01
4.160199999999999676e+01 7.095390000000000308e-01 5.999989999999999668e+01
4.280100000000000193e+01 7.108400000000000274e-01 5.999989999999999668e+01
4.400200000000000244e+01 7.121129999999999960e-01 5.999989999999999668e+01
4.520199999999999818e+01 7.133570000000000189e-01 5.999989999999999668e+01
4.640299999999999869e+01 7.145740000000000425e-01 5.999989999999999668e+01
4.760199999999999676e+01 7.157649999999999846e-01 5.999989999999999668e+01
4.880100000000000193e+01 7.169229999999999769e-01 5.999989999999999668e+01
5.000200000000000244e+01 7.180689999999999573e-01 5.999989999999999668e+01
5.120199999999999818e+01 7.191880000000000495e-01 5.999989999999999668e+01
5.240299999999999869e+01 7.202859999999999818e-01 5.999989999999999668e+01
5.360199999999999676e+01 7.213730000000000420e-01 5.999989999999999668e+01
5.480100000000000193e+01 7.224409999999999998e-01 5.999989999999999668e+01
5.600200000000000244e+01 7.234969999999999457e-01 5.999989999999999668e+01
5.720199999999999818e+01 7.245300000000000074e-01 5.999989999999999668e+01
5.840299999999999869e+01 7.255549999999999500e-01 5.999989999999999668e+01
5.960199999999999676e+01 7.265559999999999796e-01 5.999989999999999668e+01
6.120199999999999818e+01 7.278710000000000457e-01 5.999989999999999668e+01
6.280100000000000193e+01 7.291659999999999808e-01 5.999989999999999668e+01
6.440300000000000580e+01 7.304089999999999749e-01 5.999989999999999668e+01
6.600199999999999534e+01 7.316249999999999698e-01 5.999989999999999668e+01
6.760200000000000387e+01 7.328209999999999447e-01 5.999989999999999668e+01
6.920199999999999818e+01 7.340010000000000145e-01 5.999989999999999668e+01
7.080100000000000193e+01 7.351499999999999702e-01 5.999989999999999668e+01
7.240300000000000580e+01 7.362790000000000168e-01 5.999989999999999668e+01
7.400199999999999534e+01 7.373830000000000107e-01 5.999989999999999668e+01
7.560200000000000387e+01 7.384549999999999725e-01 5.999989999999999668e+01
7.720199999999999818e+01 7.395070000000000254e-01 5.999989999999999668e+01
7.880100000000000193e+01 7.405450000000000088e-01 5.999989999999999668e+01
8.040300000000000580e+01 7.415699999999999514e-01 5.999989999999999668e+01
8.200199999999999534e+01 7.425749999999999851e-01 5.999989999999999668e+01
8.400199999999999534e+01 7.438139999999999752e-01 5.999989999999999668e+01
8.600199999999999534e+01 7.450309999999999988e-01 5.999989999999999668e+01
8.800199999999999534e+01 7.462239999999999984e-01 5.999989999999999668e+01
9.000199999999999534e+01 7.474129999999999940e-01 5.999989999999999668e+01
9.200199999999999534e+01 7.485840000000000272e-01 5.999989999999999668e+01
9.400199999999999534e+01 7.497260000000000035e-01 5.999989999999999668e+01
9.600199999999999534e+01 7.508519999999999639e-01 5.999989999999999668e+01
9.800199999999999534e+01 7.519689999999999985e-01 5.999989999999999668e+01
1.000019999999999953e+02 7.530580000000000052e-01 5.999989999999999668e+01
1.020019999999999953e+02 7.541349999999999998e-01 5.999989999999999668e+01
1.040019999999999953e+02 7.551980000000000359e-01 5.999989999999999668e+01
1.060019999999999953e+02 7.562499999999999778e-01 5.999989999999999668e+01
1.080019999999999953e+02 7.572820000000000107e-01 5.999989999999999668e+01
1.100019999999999953e+02 7.582989999999999453e-01 5.999989999999999668e+01
1.124030000000000058e+02 7.594959999999999489e-01 5.999989999999999668e+01
1.148010000000000019e+02 7.606690000000000396e-01 5.999989999999999668e+01
1.172019999999999982e+02 7.618139999999999912e-01 5.999989999999999668e+01
1.196020000000000039e+02 7.629590000000000538e-01 5.999989999999999668e+01
1.220019999999999953e+02 7.640900000000000469e-01 5.999989999999999668e+01
1.244030000000000058e+02 7.651900000000000368e-01 5.999989999999999668e+01
1.268010000000000019e+02 7.662780000000000147e-01 5.999989999999999668e+01
1.292019999999999982e+02 7.673410000000000508e-01 5.999989999999999668e+01
1.316020000000000039e+02 7.684060000000000334e-01 5.999989999999999668e+01
1.340020000000000095e+02 7.694539999999999713e-01 5.999989999999999668e+01
1.364029999999999916e+02 7.704750000000000210e-01 5.999989999999999668e+01
1.388009999999999877e+02 7.714959999999999596e-01 5.999989999999999668e+01
1.416020000000000039e+02 7.726560000000000095e-01 5.999989999999999668e+01
1.444029999999999916e+02 7.738040000000000473e-01 5.999989999999999668e+01
1.472019999999999982e+02 7.749460000000000237e-01 5.999989999999999668e+01
1.500000000000000000e+02 7.760669999999999513e-01 5.999989999999999668e+01
1.527990000000000066e+02 7.771770000000000067e-01 5.999989999999999668e+01
1.555999999999999943e+02 7.782620000000000093e-01 5.999989999999999668e+01
1.584010000000000105e+02 7.793480000000000407e-01 5.999989999999999668e+01
1.611999999999999886e+02 7.804240000000000066e-01 5.999989999999999668e+01
1.640000000000000000e+02 7.814969999999999972e-01 5.999989999999999668e+01
1.667990000000000066e+02 7.825539999999999718e-01 5.999989999999999668e+01
1.695999999999999943e+02 7.835980000000000167e-01 5.999989999999999668e+01
1.724010000000000105e+02 7.846370000000000289e-01 5.999989999999999668e+01
1.751999999999999886e+02 7.856490000000000418e-01 5.999989999999999668e+01
1.780000000000000000e+02 7.866539999999999644e-01 5.999989999999999668e+01
1.811999999999999886e+02 7.877920000000000478e-01 5.999989999999999668e+01
1.844010000000000105e+02 7.889119999999999466e-01 5.999989999999999668e+01
1.875999999999999943e+02 7.900179999999999980e-01 5.999989999999999668e+01
1.907990000000000066e+02 7.911110000000000086e-01 5.999989999999999668e+01
1.940000000000000000e+02 7.921930000000000360e-01 5.999989999999999668e+01
1.971999999999999886e+02 7.932460000000000067e-01 5.999989999999999668e+01
2.004010000000000105e+02 7.942850000000000188e-01 5.999989999999999668e+01
2.035999999999999943e+02 7.952970000000000317e-01 5.999989999999999668e+01
2.071999999999999886e+02 7.964120000000000088e-01 5.999989999999999668e+01
2.104010000000000105e+02 7.974409999999999554e-01 5.999989999999999668e+01
2.140000000000000000e+02 7.985600000000000476e-01 5.999989999999999668e+01
2.175999999999999943e+02 7.996590000000000087e-01 5.999989999999999668e+01
2.211999999999999886e+02 8.007630000000000026e-01 5.999989999999999668e+01
2.247990000000000066e+02 8.018429999999999724e-01 5.999989999999999668e+01
2.284010000000000105e+02 8.029190000000000493e-01 5.999989999999999668e+01
2.320000000000000000e+02 8.039910000000000112e-01 5.999989999999999668e+01
2.355999999999999943e+02 8.050599999999999978e-01 5.999989999999999668e+01
2.391999999999999886e+02 8.061180000000000012e-01 5.999989999999999668e+01
2.427990000000000066e+02 8.071610000000000174e-01 5.999989999999999668e+01
2.464010000000000105e+02 8.081960000000000255e-01 5.999989999999999668e+01
2.500000000000000000e+02 8.092230000000000256e-01 5.999989999999999668e+01
2.535999999999999943e+02 8.102359999999999562e-01 5.999989999999999668e+01
2.571999999999999886e+02 8.112430000000000474e-01 5.999989999999999668e+01
2.611999999999999886e+02 8.123409999999999798e-01 5.999989999999999668e+01
2.647989999999999782e+02 8.133460000000000134e-01 5.999989999999999668e+01
2.687989999999999782e+02 8.144419999999999993e-01 5.999989999999999668e+01
2.727989999999999782e+02 8.155329999999999524e-01 5.999989999999999668e+01
2.767989999999999782e+02 8.166179999999999550e-01 5.999989999999999668e+01
2.807970000000000255e+02 8.176879999999999704e-01 5.999989999999999668e+01
2.847970000000000255e+02 8.187579999999999858e-01 5.999989999999999668e+01
2.887970000000000255e+02 8.197950000000000514e-01 5.999989999999999668e+01
2.927970000000000255e+02 8.208229999999999693e-01 5.999989999999999668e+01
2.967970000000000255e+02 8.218600000000000350e-01 5.999989999999999668e+01
3.007970000000000255e+02 8.228809999999999736e-01 5.999989999999999668e+01
3.047970000000000255e+02 8.238919999999999577e-01 5.999989999999999668e+01
3.087970000000000255e+02 8.249039999999999706e-01 5.999989999999999668e+01
3.131979999999999791e+02 8.260020000000000140e-01 5.999989999999999668e+01
3.175980000000000132e+02 8.270999999999999464e-01 5.999989999999999668e+01
3.219979999999999905e+02 8.281849999999999490e-01 5.999989999999999668e+01
3.263990000000000009e+02 8.292730000000000379e-01 5.999989999999999668e+01
3.307970000000000255e+02 8.303519999999999790e-01 5.999989999999999668e+01
3.351979999999999791e+02 8.314179999999999904e-01 5.999989999999999668e+01
3.395980000000000132e+02 8.324470000000000480e-01 5.999989999999999668e+01
3.439979999999999905e+02 8.334899999999999531e-01 5.999989999999999668e+01
3.483990000000000009e+02 8.345369999999999733e-01 5.999989999999999668e+01
3.527970000000000255e+02 8.355709999999999527e-01 5.999989999999999668e+01
3.571979999999999791e+02 8.366120000000000223e-01 5.999989999999999668e+01
3.615980000000000132e+02 8.376339999999999897e-01 5.999989999999999668e+01
3.659979999999999905e+02 8.386670000000000513e-01 5.999989999999999668e+01
3.703990000000000009e+02 8.396959999999999980e-01 5.999989999999999668e+01
3.747970000000000255e+02 8.407170000000000476e-01 5.999989999999999668e+01
3.791979999999999791e+02 8.417470000000000230e-01 5.999989999999999668e+01
3.839979999999999905e+02 8.428320000000000256e-01 5.999989999999999668e+01
3.883990000000000009e+02 8.438320000000000265e-01 5.999989999999999668e+01
3.931979999999999791e+02 8.449140000000000539e-01 5.999989999999999668e+01
3.979979999999999905e+02 8.459879999999999622e-01 5.999989999999999668e+01
4.027970000000000255e+02 8.470729999999999649e-01 5.999989999999999668e+01
4.071979999999999791e+02 8.480760000000000520e-01 5.999989999999999668e+01
4.119970000000000141e+02 8.491469999999999851e-01 5.999989999999999668e+01
4.167950000000000159e+02 8.502039999999999598e-01 5.999989999999999668e+01
4.215960000000000036e+02 8.512669999999999959e-01 5.999989999999999668e+01
4.263949999999999818e+02 8.523190000000000488e-01 5.999989999999999668e+01
4.311960000000000264e+02 8.533519999999999994e-01 5.999989999999999668e+01
4.359970000000000141e+02 8.543910000000000116e-01 5.999989999999999668e+01
4.407950000000000159e+02 8.554220000000000157e-01 5.999989999999999668e+01
4.455960000000000036e+02 8.564300000000000246e-01 5.999989999999999668e+01
4.503949999999999818e+02 8.574349999999999472e-01 5.999989999999999668e+01
4.551960000000000264e+02 8.584580000000000544e-01 5.999989999999999668e+01
4.599970000000000141e+02 8.594760000000000177e-01 5.999989999999999668e+01
4.647950000000000159e+02 8.604889999999999484e-01 5.999989999999999668e+01
4.695960000000000036e+02 8.615059999999999940e-01 5.999989999999999668e+01
4.743949999999999818e+02 8.625059999999999949e-01 5.999989999999999668e+01
4.791960000000000264e+02 8.635159999999999503e-01 5.999989999999999668e+01
4.843949999999999818e+02 8.645939999999999737e-01 5.999989999999999668e+01
4.895960000000000036e+02 8.656730000000000258e-01 5.999989999999999668e+01
4.947950000000000159e+02 8.667529999999999957e-01 5.999989999999999668e+01
4.999970000000000141e+02 8.678339999999999943e-01 5.999989999999999668e+01
5.051960000000000264e+02 8.688970000000000304e-01 5.999989999999999668e+01
5.103949999999999818e+02 8.699710000000000498e-01 5.999989999999999668e+01
5.151960000000000264e+02 8.709719999999999684e-01 5.999989999999999668e+01
5.203949999999999818e+02 8.720529999999999671e-01 5.999989999999999668e+01
5.255960000000000036e+02 8.731250000000000400e-01 5.999989999999999668e+01
5.307949999999999591e+02 8.742090000000000138e-01 5.999989999999999668e+01
5.355960000000000036e+02 8.752100000000000435e-01 5.999989999999999668e+01
5.407970000000000255e+02 8.762929999999999886e-01 5.999989999999999668e+01
5.455979999999999563e+02 8.772969999999999935e-01 5.999989999999999668e+01
5.507970000000000255e+02 8.783680000000000376e-01 5.999989999999999668e+01
5.559980000000000473e+02 8.794389999999999707e-01 5.999989999999999668e+01
5.611979999999999791e+02 8.805150000000000476e-01 5.999989999999999668e+01
5.659980000000000473e+02 8.815250000000000030e-01 5.999989999999999668e+01
5.712000000000000455e+02 8.826019999999999976e-01 5.999989999999999668e+01
5.764009999999999536e+02 8.836739999999999595e-01 5.999989999999999668e+01
5.812000000000000455e+02 8.846840000000000259e-01 5.999989999999999668e+01
5.860000000000000000e+02 8.857030000000000181e-01 5.999989999999999668e+01
5.907989999999999782e+02 8.867159999999999487e-01 5.999989999999999668e+01
5.956000000000000227e+02 8.877239999999999576e-01 5.999989999999999668e+01
6.007989999999999782e+02 8.888000000000000345e-01 5.999989999999999668e+01
6.056019999999999754e+02 8.898169999999999691e-01 5.999989999999999668e+01
6.104030000000000200e+02 8.908399999999999652e-01 5.999989999999999668e+01
6.152019999999999982e+02 8.918540000000000356e-01 5.999989999999999668e+01
6.200019999999999527e+02 8.928650000000000198e-01 5.999989999999999668e+01
6.248010000000000446e+02 8.938939999999999664e-01 5.999989999999999668e+01
6.296019999999999754e+02 8.949279999999999458e-01 5.999989999999999668e+01
6.344030000000000200e+02 8.959570000000000034e-01 5.999989999999999668e+01
6.392039999999999509e+02 8.970089999999999453e-01 5.999989999999999668e+01
6.440040000000000191e+02 8.980369999999999742e-01 5.999989999999999668e+01
6.472039999999999509e+02 8.991000000000000103e-01 5.999989999999999668e+01
6.516040000000000418e+02 9.001010000000000399e-01 5.999989999999999668e+01
6.560040000000000191e+02 9.011019999999999586e-01 5.999989999999999668e+01
6.604049999999999727e+02 9.021019999999999595e-01 5.999989999999999668e+01
6.648029999999999973e+02 9.031090000000000506e-01 5.999989999999999668e+01
6.692050000000000409e+02 9.041249999999999565e-01 5.999989999999999668e+01
6.736059999999999945e+02 9.051489999999999814e-01 5.999989999999999668e+01
6.780059999999999718e+02 9.061639999999999695e-01 5.999989999999999668e+01
6.824070000000000391e+02 9.071700000000000319e-01 5.999989999999999668e+01
6.868049999999999500e+02 9.081900000000000528e-01 5.999989999999999668e+01
6.912050000000000409e+02 9.091960000000000042e-01 5.999989999999999668e+01
6.956059999999999945e+02 9.102080000000000171e-01 5.999989999999999668e+01
7.000059999999999718e+02 9.112369999999999637e-01 5.999989999999999668e+01
7.044089999999999918e+02 9.122759999999999758e-01 5.999989999999999668e+01
7.088070000000000164e+02 9.133289999999999464e-01 5.999989999999999668e+01
7.132069999999999936e+02 9.143809999999999993e-01 5.999989999999999668e+01
7.176079999999999472e+02 9.154200000000000115e-01 5.999989999999999668e+01
7.220080000000000382e+02 9.164539999999999909e-01 5.999989999999999668e+01
7.264089999999999918e+02 9.174989999999999535e-01 5.999989999999999668e+01
7.308070000000000164e+02 9.185769999999999769e-01 5.999989999999999668e+01
7.352089999999999463e+02 9.196699999999999875e-01 5.999989999999999668e+01
7.396100000000000136e+02 9.207689999999999486e-01 5.999989999999999668e+01
7.440099999999999909e+02 9.218560000000000088e-01 5.999989999999999668e+01
7.484109999999999445e+02 9.229519999999999946e-01 5.999989999999999668e+01
7.524109999999999445e+02 9.240009999999999613e-01 5.999989999999999668e+01
7.564109999999999445e+02 9.250420000000000309e-01 5.999989999999999668e+01
7.604109999999999445e+02 9.260920000000000263e-01 5.999989999999999668e+01
7.644109999999999445e+02 9.271470000000000544e-01 5.999989999999999668e+01
7.684130000000000109e+02 9.282200000000000450e-01 5.999989999999999668e+01
7.724130000000000109e+02 9.293099999999999694e-01 5.999989999999999668e+01
7.764130000000000109e+02 9.304109999999999880e-01 5.999989999999999668e+01
7.800119999999999436e+02 9.314139999999999642e-01 5.999989999999999668e+01
7.836119999999999663e+02 9.324280000000000346e-01 5.999989999999999668e+01
7.872110000000000127e+02 9.334630000000000427e-01 5.999989999999999668e+01
7.908110000000000355e+02 9.345029999999999726e-01 5.999989999999999668e+01
7.944130000000000109e+02 9.355599999999999472e-01 5.999989999999999668e+01
7.980119999999999436e+02 9.366290000000000449e-01 5.999989999999999668e+01
8.016140000000000327e+02 9.377039999999999820e-01 5.999989999999999668e+01
8.052129999999999654e+02 9.388050000000000006e-01 5.999989999999999668e+01
8.088150000000000546e+02 9.399210000000000065e-01 5.999989999999999668e+01
8.120140000000000100e+02 9.409239999999999826e-01 5.999989999999999668e+01
8.156140000000000327e+02 9.420460000000000500e-01 5.999989999999999668e+01
8.188150000000000546e+02 9.430520000000000014e-01 5.999989999999999668e+01
8.220140000000000100e+02 9.440650000000000430e-01 5.999989999999999668e+01
8.252129999999999654e+02 9.450979999999999936e-01 5.999989999999999668e+01
8.284139999999999873e+02 9.461730000000000418e-01 5.999989999999999668e+01
8.316140000000000327e+02 9.472429999999999461e-01 5.999989999999999668e+01
8.348170000000000073e+02 9.483350000000000390e-01 5.999989999999999668e+01
8.380159999999999627e+02 9.494420000000000082e-01 5.999989999999999668e+01
8.412150000000000318e+02 9.505470000000000308e-01 5.999989999999999668e+01
8.444160000000000537e+02 9.516639999999999544e-01 5.999989999999999668e+01
8.476159999999999854e+02 9.527949999999999475e-01 5.999989999999999668e+01
8.504160000000000537e+02 9.537959999999999772e-01 5.999989999999999668e+01
8.532150000000000318e+02 9.548179999999999445e-01 5.999989999999999668e+01
8.560159999999999627e+02 9.558550000000000102e-01 5.999989999999999668e+01
8.588170000000000073e+02 9.569050000000000056e-01 5.999989999999999668e+01
8.616159999999999854e+02 9.579609999999999514e-01 5.999989999999999668e+01
8.644160000000000537e+02 9.590459999999999541e-01 5.999989999999999668e+01
8.672169999999999845e+02 9.601460000000000550e-01 5.999989999999999668e+01
8.700180000000000291e+02 9.612600000000000033e-01 5.999989999999999668e+01
8.728189999999999600e+02 9.623909999999999965e-01 5.999989999999999668e+01
8.756180000000000518e+02 9.635479999999999601e-01 5.999989999999999668e+01
8.780180000000000291e+02 9.645500000000000185e-01 5.999989999999999668e+01
8.804180000000000064e+02 9.655660000000000354e-01 5.999989999999999668e+01
8.828189999999999600e+02 9.665799999999999947e-01 5.999989999999999668e+01
8.852169999999999845e+02 9.675890000000000324e-01 5.999989999999999668e+01
8.876180000000000518e+02 9.686109999999999998e-01 5.999989999999999668e+01
8.900180000000000291e+02 9.696399999999999464e-01 5.999989999999999668e+01
8.924180000000000064e+02 9.706829999999999625e-01 5.999989999999999668e+01
8.948189999999999600e+02 9.717409999999999659e-01 5.999989999999999668e+01
8.972169999999999845e+02 9.728059999999999485e-01 5.999989999999999668e+01
8.996200000000000045e+02 9.738900000000000334e-01 5.999989999999999668e+01
9.020199999999999818e+02 9.749809999999999865e-01 5.999989999999999668e+01
9.044199999999999591e+02 9.760860000000000092e-01 5.999989999999999668e+01
9.068210000000000264e+02 9.772089999999999943e-01 5.999989999999999668e+01
9.092190000000000509e+02 9.783539999999999459e-01 5.999989999999999668e+01
9.116200000000000045e+02 9.795099999999999918e-01 5.999989999999999668e+01
9.140199999999999818e+02 9.806820000000000537e-01 5.999989999999999668e+01
9.164199999999999591e+02 9.818660000000000165e-01 5.999989999999999668e+01
9.184199999999999591e+02 9.828670000000000462e-01 5.999989999999999668e+01
9.204199999999999591e+02 9.838900000000000423e-01 5.999989999999999668e+01
9.224199999999999591e+02 9.849259999999999682e-01 5.999989999999999668e+01
9.244199999999999591e+02 9.859700000000000131e-01 5.999989999999999668e+01
9.264199999999999591e+02 9.870280000000000165e-01 5.999989999999999668e+01
9.284199999999999591e+02 9.880929999999999991e-01 5.999989999999999668e+01
9.304199999999999591e+02 9.891649999999999610e-01 5.999989999999999668e+01
9.324220000000000255e+02 9.902459999999999596e-01 5.999989999999999668e+01
9.344220000000000255e+02 9.913349999999999662e-01 5.999989999999999668e+01
9.364220000000000255e+02 9.924340000000000384e-01 5.999989999999999668e+01
9.384220000000000255e+02 9.935429999999999540e-01 5.999989999999999668e+01
9.404220000000000255e+02 9.946599999999999886e-01 5.999989999999999668e+01
9.424220000000000255e+02 9.957890000000000352e-01 5.999989999999999668e+01
9.444220000000000255e+02 9.969189999999999996e-01 5.999989999999999668e+01
9.464220000000000255e+02 9.980480000000000462e-01 5.999989999999999668e+01
9.484220000000000255e+02 9.991879999999999651e-01 5.999989999999999668e+01
9.504220000000000255e+02 1.000340000000000007e+00 5.999989999999999668e+01
9.524220000000000255e+02 1.001489999999999991e+00 5.999989999999999668e+01
9.544220000000000255e+02 1.002650000000000041e+00 5.999989999999999668e+01
9.564220000000000255e+02 1.003800000000000026e+00 5.999989999999999668e+01
9.584220000000000255e+02 1.004969999999999919e+00 5.999989999999999668e+01
9.604220000000000255e+02 1.006140000000000034e+00 5.999989999999999668e+01
9.624220000000000255e+02 1.007319999999999993e+00 5.999989999999999668e+01
9.644239999999999782e+02 1.008499999999999952e+00 5.999989999999999668e+01
9.664239999999999782e+02 1.009679999999999911e+00 5.999989999999999668e+01
9.684239999999999782e+02 1.010860000000000092e+00 5.999989999999999668e+01
9.704239999999999782e+02 1.012040000000000051e+00 5.999989999999999668e+01
9.724239999999999782e+02 1.013230000000000075e+00 5.999989999999999668e+01
9.744239999999999782e+02 1.014399999999999968e+00 5.999989999999999668e+01
9.764239999999999782e+02 1.015579999999999927e+00 5.999989999999999668e+01
9.784239999999999782e+02 1.016760000000000108e+00 5.999989999999999668e+01
9.804239999999999782e+02 1.017949999999999910e+00 5.999989999999999668e+01
9.824239999999999782e+02 1.019139999999999935e+00 5.999989999999999668e+01
9.844239999999999782e+02 1.020359999999999934e+00 5.999989999999999668e+01
9.864239999999999782e+02 1.021560000000000024e+00 5.999989999999999668e+01
9.884239999999999782e+02 1.022769999999999957e+00 5.999989999999999668e+01
9.904239999999999782e+02 1.023979999999999890e+00 5.999989999999999668e+01
9.924239999999999782e+02 1.025190000000000046e+00 5.999989999999999668e+01
9.944239999999999782e+02 1.026399999999999979e+00 5.999989999999999668e+01
9.964239999999999782e+02 1.027600000000000069e+00 5.999989999999999668e+01
9.984260000000000446e+02 1.028810000000000002e+00 5.999989999999999668e+01
1.000429999999999950e+03 1.030019999999999936e+00 5.999989999999999668e+01
1.002429999999999950e+03 1.031230000000000091e+00 5.999989999999999668e+01
1.004429999999999950e+03 1.032450000000000090e+00 5.999989999999999668e+01
1.006429999999999950e+03 1.033679999999999932e+00 5.999989999999999668e+01
1.008429999999999950e+03 1.034899999999999931e+00 5.999989999999999668e+01
1.010429999999999950e+03 1.036089999999999955e+00 5.999989999999999668e+01
1.012429999999999950e+03 1.037279999999999980e+00 5.999989999999999668e+01
1.014429999999999950e+03 1.038470000000000004e+00 5.999989999999999668e+01
1.016429999999999950e+03 1.039649999999999963e+00 5.999989999999999668e+01
1.018429999999999950e+03 1.040810000000000013e+00 5.999989999999999668e+01
1.020429999999999950e+03 1.041979999999999906e+00 5.999989999999999668e+01
1.022429999999999950e+03 1.043139999999999956e+00 5.999989999999999668e+01
1.024430000000000064e+03 1.044300000000000006e+00 5.999989999999999668e+01
1.026430000000000064e+03 1.045460000000000056e+00 5.999989999999999668e+01
1.028430000000000064e+03 1.046610000000000040e+00 5.999989999999999668e+01
1.030430000000000064e+03 1.047770000000000090e+00 5.999989999999999668e+01
1.032430000000000064e+03 1.048910000000000009e+00 5.999989999999999668e+01
1.034430000000000064e+03 1.050040000000000084e+00 5.999989999999999668e+01
1.036430000000000064e+03 1.051169999999999938e+00 5.999989999999999668e+01
1.038430000000000064e+03 1.052310000000000079e+00 5.999989999999999668e+01
1.040430000000000064e+03 1.053469999999999906e+00 5.999989999999999668e+01
1.042430000000000064e+03 1.054599999999999982e+00 5.999989999999999668e+01
1.044430000000000064e+03 1.055739999999999901e+00 5.999989999999999668e+01
1.046430000000000064e+03 1.056890000000000107e+00 5.999989999999999668e+01
1.048430000000000064e+03 1.058019999999999960e+00 5.999989999999999668e+01
1.050430000000000064e+03 1.059160000000000101e+00 5.999989999999999668e+01
1.052430000000000064e+03 1.060270000000000046e+00 5.999989999999999668e+01
1.054430000000000064e+03 1.061369999999999925e+00 5.999989999999999668e+01
1.056430000000000064e+03 1.062480000000000091e+00 5.999989999999999668e+01
1.058430000000000064e+03 1.063609999999999944e+00 5.999989999999999668e+01
1.060430000000000064e+03 1.064710000000000045e+00 5.999989999999999668e+01
1.062430000000000064e+03 1.065830000000000055e+00 5.999989999999999668e+01
1.064430000000000064e+03 1.066959999999999908e+00 5.999989999999999668e+01
1.066430000000000064e+03 1.068070000000000075e+00 5.999989999999999668e+01
1.068430000000000064e+03 1.069180000000000019e+00 5.999989999999999668e+01
1.070430000000000064e+03 1.070310000000000095e+00 5.999989999999999668e+01
1.072430000000000064e+03 1.071450000000000014e+00 5.999989999999999668e+01
1.074430000000000064e+03 1.072589999999999932e+00 5.999989999999999668e+01
1.076430000000000064e+03 1.073720000000000008e+00 5.999989999999999668e+01
1.078430000000000064e+03 1.074850000000000083e+00 5.999989999999999668e+01
1.080430000000000064e+03 1.075990000000000002e+00 5.999989999999999668e+01
1.082430000000000064e+03 1.077139999999999986e+00 5.999989999999999668e+01
1.084430000000000064e+03 1.078300000000000036e+00 5.999989999999999668e+01
1.086430000000000064e+03 1.079450000000000021e+00 5.999989999999999668e+01
1.088430000000000064e+03 1.080589999999999939e+00 5.999989999999999668e+01
1.090430000000000064e+03 1.081749999999999989e+00 5.999989999999999668e+01
1.092430000000000064e+03 1.082899999999999974e+00 5.999989999999999668e+01
1.094430000000000064e+03 1.084060000000000024e+00 5.999989999999999668e+01
1.096430000000000064e+03 1.085220000000000073e+00 5.999989999999999668e+01
1.098430000000000064e+03 1.086370000000000058e+00 5.999989999999999668e+01
1.100430000000000064e+03 1.087530000000000108e+00 5.999989999999999668e+01
1.102430000000000064e+03 1.088659999999999961e+00 5.999989999999999668e+01
1.104430000000000064e+03 1.089790000000000036e+00 5.999989999999999668e+01
1.106430000000000064e+03 1.090940000000000021e+00 5.999989999999999668e+01
1.108430000000000064e+03 1.092070000000000096e+00 5.999989999999999668e+01
1.110430000000000064e+03 1.093199999999999950e+00 5.999989999999999668e+01
1.112430000000000064e+03 1.094349999999999934e+00 5.999989999999999668e+01
1.114430000000000064e+03 1.095490000000000075e+00 5.999989999999999668e+01
1.116430000000000064e+03 1.096649999999999903e+00 5.999989999999999668e+01
1.118430000000000064e+03 1.097809999999999953e+00 5.999989999999999668e+01
1.120430000000000064e+03 1.098959999999999937e+00 5.999989999999999668e+01
1.122430000000000064e+03 1.100090000000000012e+00 5.999989999999999668e+01
1.124430000000000064e+03 1.101229999999999931e+00 5.999989999999999668e+01
1.126430000000000064e+03 1.102379999999999916e+00 5.999989999999999668e+01
1.128430000000000064e+03 1.103550000000000031e+00 5.999989999999999668e+01
1.130430000000000064e+03 1.104729999999999990e+00 5.999989999999999668e+01
1.132430000000000064e+03 1.105900000000000105e+00 5.999989999999999668e+01
1.134430000000000064e+03 1.107069999999999999e+00 5.999989999999999668e+01
1.136430000000000064e+03 1.108239999999999892e+00 5.999989999999999668e+01
1.138430000000000064e+03 1.109420000000000073e+00 5.999989999999999668e+01
1.140430000000000064e+03 1.110600000000000032e+00 5.999989999999999668e+01
1.142430000000000064e+03 1.111790000000000056e+00 5.999989999999999668e+01
1.144430000000000064e+03 1.112999999999999989e+00 5.999989999999999668e+01
1.146430000000000064e+03 1.114190000000000014e+00 5.999989999999999668e+01
1.148430000000000064e+03 1.115380000000000038e+00 5.999989999999999668e+01
1.150430000000000064e+03 1.116589999999999971e+00 5.999989999999999668e+01
1.152430000000000064e+03 1.117790000000000061e+00 5.999989999999999668e+01
1.154430000000000064e+03 1.118989999999999929e+00 5.999989999999999668e+01
1.156430000000000064e+03 1.120190000000000019e+00 5.999989999999999668e+01
1.158430000000000064e+03 1.121390000000000109e+00 5.999989999999999668e+01
1.160430000000000064e+03 1.122589999999999977e+00 5.999989999999999668e+01
1.162440000000000055e+03 1.123790000000000067e+00 5.999989999999999668e+01
1.164440000000000055e+03 1.124989999999999934e+00 5.999989999999999668e+01
1.166440000000000055e+03 1.126190000000000024e+00 5.999989999999999668e+01
1.168440000000000055e+03 1.127399999999999958e+00 5.999989999999999668e+01
1.170440000000000055e+03 1.128600000000000048e+00 5.999989999999999668e+01
1.172440000000000055e+03 1.129829999999999890e+00 5.999989999999999668e+01
1.174440000000000055e+03 1.131070000000000020e+00 5.999989999999999668e+01
1.176440000000000055e+03 1.132290000000000019e+00 5.999989999999999668e+01
1.178440000000000055e+03 1.133510000000000018e+00 5.999989999999999668e+01
1.180440000000000055e+03 1.134749999999999925e+00 5.999989999999999668e+01
1.181630000000000109e+03 1.135809999999999986e+00 5.999989999999999668e+01
1.183240000000000009e+03 1.136840000000000073e+00 5.999989999999999668e+01
1.184839999999999918e+03 1.137860000000000094e+00 5.999989999999999668e+01
1.186440000000000055e+03 1.138900000000000023e+00 5.999989999999999668e+01
1.188039999999999964e+03 1.139920000000000044e+00 5.999989999999999668e+01
1.189630000000000109e+03 1.140940000000000065e+00 5.999989999999999668e+01
1.191240000000000009e+03 1.141960000000000086e+00 5.999989999999999668e+01
1.192839999999999918e+03 1.142989999999999950e+00 5.999989999999999668e+01
1.194440000000000055e+03 1.144020000000000037e+00 5.999989999999999668e+01
1.196039999999999964e+03 1.145040000000000058e+00 5.999989999999999668e+01
1.197640000000000100e+03 1.146060000000000079e+00 5.999989999999999668e+01
1.199240000000000009e+03 1.147080000000000100e+00 5.999989999999999668e+01
1.200839999999999918e+03 1.148099999999999898e+00 5.999989999999999668e+01
1.202440000000000055e+03 1.149110000000000076e+00 5.999989999999999668e+01
1.204039999999999964e+03 1.150130000000000097e+00 5.999989999999999668e+01
1.205640000000000100e+03 1.151140000000000052e+00 5.999989999999999668e+01
1.207240000000000009e+03 1.152150000000000007e+00 5.999989999999999668e+01
1.208839999999999918e+03 1.153170000000000028e+00 5.999989999999999668e+01
1.210440000000000055e+03 1.154179999999999984e+00 5.999989999999999668e+01
1.212039999999999964e+03 1.155189999999999939e+00 5.999989999999999668e+01
1.213640000000000100e+03 1.156199999999999894e+00 5.999989999999999668e+01
1.215240000000000009e+03 1.157210000000000072e+00 5.999989999999999668e+01
1.216839999999999918e+03 1.158220000000000027e+00 5.999989999999999668e+01
1.218839999999999918e+03 1.159480000000000066e+00 5.999989999999999668e+01
1.220440000000000055e+03 1.160490000000000022e+00 5.999989999999999668e+01
1.222039999999999964e+03 1.161510000000000042e+00 5.999989999999999668e+01
1.223640000000000100e+03 1.162539999999999907e+00 5.999989999999999668e+01
1.225240000000000009e+03 1.163569999999999993e+00 5.999989999999999668e+01
1.226839999999999918e+03 1.164609999999999923e+00 5.999989999999999668e+01
1.228440000000000055e+03 1.165640000000000009e+00 5.999989999999999668e+01
1.230039999999999964e+03 1.166660000000000030e+00 5.999989999999999668e+01
1.231640000000000100e+03 1.167689999999999895e+00 5.999989999999999668e+01
1.233240000000000009e+03 1.168730000000000047e+00 5.999989999999999668e+01
1.234839999999999918e+03 1.169759999999999911e+00 5.999989999999999668e+01
1.236440000000000055e+03 1.170800000000000063e+00 5.999989999999999668e+01
1.238039999999999964e+03 1.171839999999999993e+00 5.999989999999999668e+01
1.239640000000000100e+03 1.172879999999999923e+00 5.999989999999999668e+01
1.241240000000000009e+03 1.173920000000000075e+00 5.999989999999999668e+01
1.242839999999999918e+03 1.174949999999999939e+00 5.999989999999999668e+01
1.244440000000000055e+03 1.175999999999999934e+00 5.999989999999999668e+01
1.246039999999999964e+03 1.177040000000000086e+00 5.999989999999999668e+01
1.247640000000000100e+03 1.178080000000000016e+00 5.999989999999999668e+01
1.249240000000000009e+03 1.179130000000000011e+00 5.999989999999999668e+01
1.250839999999999918e+03 1.180180000000000007e+00 5.999989999999999668e+01
1.252440000000000055e+03 1.181210000000000093e+00 5.999989999999999668e+01
1.254039999999999964e+03 1.182250000000000023e+00 5.999989999999999668e+01
1.255640000000000100e+03 1.183300000000000018e+00 5.999989999999999668e+01
1.257240000000000009e+03 1.184350000000000014e+00 5.999989999999999668e+01
1.258839999999999918e+03 1.185400000000000009e+00 5.999989999999999668e+01
1.260440000000000055e+03 1.186460000000000070e+00 5.999989999999999668e+01
1.262039999999999964e+03 1.187510000000000066e+00 5.999989999999999668e+01
1.263640000000000100e+03 1.188560000000000061e+00 5.999989999999999668e+01
1.265240000000000009e+03 1.189619999999999900e+00 5.999989999999999668e+01
1.266839999999999918e+03 1.190660000000000052e+00 5.999989999999999668e+01
1.268440000000000055e+03 1.191719999999999891e+00 5.999989999999999668e+01
1.270039999999999964e+03 1.192760000000000042e+00 5.999989999999999668e+01
1.271640000000000100e+03 1.193829999999999947e+00 5.999989999999999668e+01
1.273240000000000009e+03 1.194890000000000008e+00 5.999989999999999668e+01
1.274839999999999918e+03 1.195950000000000069e+00 5.999989999999999668e+01
1.276440000000000055e+03 1.197019999999999973e+00 5.999989999999999668e+01
1.278039999999999964e+03 1.198090000000000099e+00 5.999989999999999668e+01
1.279640000000000100e+03 1.199170000000000069e+00 5.999989999999999668e+01
1.281240000000000009e+03 1.200239999999999974e+00 5.999989999999999668e+01
1.282839999999999918e+03 1.201330000000000009e+00 5.999989999999999668e+01
1.284440000000000055e+03 1.202409999999999979e+00 5.999989999999999668e+01
1.286039999999999964e+03 1.203489999999999949e+00 5.999989999999999668e+01
1.287640000000000100e+03 1.204569999999999919e+00 5.999989999999999668e+01
1.289240000000000009e+03 1.205659999999999954e+00 5.999989999999999668e+01
1.290839999999999918e+03 1.206739999999999924e+00 5.999989999999999668e+01
1.292440000000000055e+03 1.207810000000000050e+00 5.999989999999999668e+01
1.294039999999999964e+03 1.208890000000000020e+00 5.999989999999999668e+01
1.295640000000000100e+03 1.209959999999999924e+00 5.999989999999999668e+01
1.297240000000000009e+03 1.211030000000000051e+00 5.999989999999999668e+01
1.298839999999999918e+03 1.212089999999999890e+00 5.999989999999999668e+01
1.300440000000000055e+03 1.213160000000000016e+00 5.999989999999999668e+01
1.302039999999999964e+03 1.214220000000000077e+00 5.999989999999999668e+01
1.303640000000000100e+03 1.215279999999999916e+00 5.999989999999999668e+01
1.305240000000000009e+03 1.216350000000000042e+00 5.999989999999999668e+01
1.306839999999999918e+03 1.217410000000000103e+00 5.999989999999999668e+01
1.308440000000000055e+03 1.218499999999999917e+00 5.999989999999999668e+01
1.310039999999999964e+03 1.219570000000000043e+00 5.999989999999999668e+01
1.311640000000000100e+03 1.220660000000000078e+00 5.999989999999999668e+01
1.313240000000000009e+03 1.221740000000000048e+00 5.999989999999999668e+01
1.314839999999999918e+03 1.222820000000000018e+00 5.999989999999999668e+01
1.316440000000000055e+03 1.223919999999999897e+00 5.999989999999999668e+01
1.318039999999999964e+03 1.225009999999999932e+00 5.999989999999999668e+01
1.319640000000000100e+03 1.226099999999999968e+00 5.999989999999999668e+01
1.321240000000000009e+03 1.227190000000000003e+00 5.999989999999999668e+01
1.322839999999999918e+03 1.228280000000000038e+00 5.999989999999999668e+01
1.324440000000000055e+03 1.229379999999999917e+00 5.999989999999999668e+01
1.326039999999999964e+03 1.230490000000000084e+00 5.999989999999999668e+01
1.327650000000000091e+03 1.231589999999999963e+00 5.999989999999999668e+01
1.329250000000000000e+03 1.232699999999999907e+00 5.999989999999999668e+01
1.330849999999999909e+03 1.233810000000000073e+00 5.999989999999999668e+01
1.332450000000000045e+03 1.234900000000000109e+00 5.999989999999999668e+01
1.334039999999999964e+03 1.236010000000000053e+00 5.999989999999999668e+01
1.335650000000000091e+03 1.237109999999999932e+00 5.999989999999999668e+01
1.337250000000000000e+03 1.238210000000000033e+00 5.999989999999999668e+01
1.338849999999999909e+03 1.239319999999999977e+00 5.999989999999999668e+01
1.340450000000000045e+03 1.240429999999999922e+00 5.999989999999999668e+01
1.342039999999999964e+03 1.241530000000000022e+00 5.999989999999999668e+01
1.343650000000000091e+03 1.242629999999999901e+00 5.999989999999999668e+01
1.345250000000000000e+03 1.243749999999999911e+00 5.999989999999999668e+01
1.346849999999999909e+03 1.244879999999999987e+00 5.999989999999999668e+01
1.348450000000000045e+03 1.245999999999999996e+00 5.999989999999999668e+01
1.350039999999999964e+03 1.247149999999999981e+00 5.999989999999999668e+01
1.351650000000000091e+03 1.248280000000000056e+00 5.999989999999999668e+01
1.353250000000000000e+03 1.249400000000000066e+00 5.999989999999999668e+01
1.354849999999999909e+03 1.250529999999999919e+00 5.999989999999999668e+01
1.356450000000000045e+03 1.251670000000000060e+00 5.999989999999999668e+01
1.358039999999999964e+03 1.252809999999999979e+00 5.999989999999999668e+01
1.359650000000000091e+03 1.253959999999999964e+00 5.999989999999999668e+01
1.361250000000000000e+03 1.255109999999999948e+00 5.999989999999999668e+01
1.362849999999999909e+03 1.256259999999999932e+00 5.999989999999999668e+01
1.364450000000000045e+03 1.257419999999999982e+00 5.999989999999999668e+01
1.366049999999999955e+03 1.258580000000000032e+00 5.999989999999999668e+01
1.367650000000000091e+03 1.259740000000000082e+00 5.999989999999999668e+01
1.369250000000000000e+03 1.260909999999999975e+00 5.999989999999999668e+01
1.370849999999999909e+03 1.262070000000000025e+00 5.999989999999999668e+01
1.372450000000000045e+03 1.263230000000000075e+00 5.999989999999999668e+01
1.374049999999999955e+03 1.264399999999999968e+00 5.999989999999999668e+01
1.375650000000000091e+03 1.265579999999999927e+00 5.999989999999999668e+01
1.377250000000000000e+03 1.266750000000000043e+00 5.999989999999999668e+01
1.378849999999999909e+03 1.267919999999999936e+00 5.999989999999999668e+01
1.380450000000000045e+03 1.269090000000000051e+00 5.999989999999999668e+01
1.382049999999999955e+03 1.270270000000000010e+00 5.999989999999999668e+01
1.383650000000000091e+03 1.271439999999999904e+00 5.999989999999999668e+01
1.385250000000000000e+03 1.272620000000000084e+00 5.999989999999999668e+01
1.386849999999999909e+03 1.273800000000000043e+00 5.999989999999999668e+01
1.388450000000000045e+03 1.274990000000000068e+00 5.999989999999999668e+01
1.390049999999999955e+03 1.276180000000000092e+00 5.999989999999999668e+01
1.391650000000000091e+03 1.277379999999999960e+00 5.999989999999999668e+01
1.393250000000000000e+03 1.278569999999999984e+00 5.999989999999999668e+01
1.394849999999999909e+03 1.279760000000000009e+00 5.999989999999999668e+01
1.396450000000000045e+03 1.280960000000000099e+00 5.999989999999999668e+01
1.398049999999999955e+03 1.282170000000000032e+00 5.999989999999999668e+01
1.399650000000000091e+03 1.283379999999999965e+00 5.999989999999999668e+01
1.401250000000000000e+03 1.284589999999999899e+00 5.999989999999999668e+01
1.402849999999999909e+03 1.285809999999999897e+00 5.999989999999999668e+01
1.404450000000000045e+03 1.287029999999999896e+00 5.999989999999999668e+01
1.406049999999999955e+03 1.288249999999999895e+00 5.999989999999999668e+01
1.407650000000000091e+03 1.289479999999999960e+00 5.999989999999999668e+01
1.409250000000000000e+03 1.290699999999999958e+00 5.999989999999999668e+01
1.410849999999999909e+03 1.291909999999999892e+00 5.999989999999999668e+01
1.412450000000000045e+03 1.293120000000000047e+00 5.999989999999999668e+01
1.414049999999999955e+03 1.294329999999999981e+00 5.999989999999999668e+01
1.415650000000000091e+03 1.295530000000000070e+00 5.999989999999999668e+01
1.417250000000000000e+03 1.296750000000000069e+00 5.999989999999999668e+01
1.418849999999999909e+03 1.297970000000000068e+00 5.999989999999999668e+01
1.420450000000000045e+03 1.299190000000000067e+00 5.999989999999999668e+01
1.422049999999999955e+03 1.300419999999999909e+00 5.999989999999999668e+01
1.423650000000000091e+03 1.301639999999999908e+00 5.999989999999999668e+01
1.425250000000000000e+03 1.302859999999999907e+00 5.999989999999999668e+01
1.426849999999999909e+03 1.304089999999999971e+00 5.999989999999999668e+01
1.428450000000000045e+03 1.305320000000000036e+00 5.999989999999999668e+01
1.430049999999999955e+03 1.306550000000000100e+00 5.999989999999999668e+01
1.431650000000000091e+03 1.307760000000000034e+00 5.999989999999999668e+01
1.433250000000000000e+03 1.308980000000000032e+00 5.999989999999999668e+01
1.434849999999999909e+03 1.310200000000000031e+00 5.999989999999999668e+01
1.436450000000000045e+03 1.311409999999999965e+00 5.999989999999999668e+01
1.438049999999999955e+03 1.312650000000000095e+00 5.999989999999999668e+01
1.439650000000000091e+03 1.313890000000000002e+00 5.999989999999999668e+01
1.441250000000000000e+03 1.315139999999999976e+00 5.999989999999999668e+01
1.442849999999999909e+03 1.316400000000000015e+00 5.999989999999999668e+01
1.444450000000000045e+03 1.317660000000000053e+00 5.999989999999999668e+01
1.446049999999999955e+03 1.318920000000000092e+00 5.999989999999999668e+01
1.447650000000000091e+03 1.320179999999999909e+00 5.999989999999999668e+01
1.449250000000000000e+03 1.321439999999999948e+00 5.999989999999999668e+01
1.450849999999999909e+03 1.322689999999999921e+00 5.999989999999999668e+01
1.452450000000000045e+03 1.323939999999999895e+00 5.999989999999999668e+01
1.454049999999999955e+03 1.325169999999999959e+00 5.999989999999999668e+01
1.455650000000000091e+03 1.326410000000000089e+00 5.999989999999999668e+01
1.457250000000000000e+03 1.327639999999999931e+00 5.999989999999999668e+01
1.458849999999999909e+03 1.328869999999999996e+00 5.999989999999999668e+01
1.460450000000000045e+03 1.330100000000000060e+00 5.999989999999999668e+01
1.462049999999999955e+03 1.331320000000000059e+00 5.999989999999999668e+01
1.463650000000000091e+03 1.332540000000000058e+00 5.999989999999999668e+01
1.465250000000000000e+03 1.333769999999999900e+00 5.999989999999999668e+01
1.466849999999999909e+03 1.335010000000000030e+00 5.999989999999999668e+01
1.468450000000000045e+03 1.336260000000000003e+00 5.999989999999999668e+01
1.470049999999999955e+03 1.337490000000000068e+00 5.999989999999999668e+01
1.471650000000000091e+03 1.338729999999999976e+00 5.999989999999999668e+01
1.473250000000000000e+03 1.339970000000000105e+00 5.999989999999999668e+01
1.474849999999999909e+03 1.341210000000000013e+00 5.999989999999999668e+01
1.476450000000000045e+03 1.342459999999999987e+00 5.999989999999999668e+01
1.478049999999999955e+03 1.343699999999999894e+00 5.999989999999999668e+01
1.479650000000000091e+03 1.344940000000000024e+00 5.999989999999999668e+01
1.481250000000000000e+03 1.346179999999999932e+00 5.999989999999999668e+01
1.482849999999999909e+03 1.347420000000000062e+00 5.999989999999999668e+01
1.484450000000000045e+03 1.348680000000000101e+00 5.999989999999999668e+01
1.486049999999999955e+03 1.349930000000000074e+00 5.999989999999999668e+01
1.487650000000000091e+03 1.351199999999999957e+00 5.999989999999999668e+01
1.489250000000000000e+03 1.352459999999999996e+00 5.999989999999999668e+01
1.490859999999999900e+03 1.353730000000000100e+00 5.999989999999999668e+01
1.492450000000000045e+03 1.354989999999999917e+00 5.999989999999999668e+01
1.494059999999999945e+03 1.356249999999999956e+00 5.999989999999999668e+01
1.495660000000000082e+03 1.357499999999999929e+00 5.999989999999999668e+01
1.497259999999999991e+03 1.358759999999999968e+00 5.999989999999999668e+01
1.498859999999999900e+03 1.360009999999999941e+00 5.999989999999999668e+01
1.500450000000000045e+03 1.361259999999999915e+00 5.999989999999999668e+01
1.502059999999999945e+03 1.362519999999999953e+00 5.999989999999999668e+01
1.503660000000000082e+03 1.363790000000000058e+00 5.999989999999999668e+01
1.505259999999999991e+03 1.365050000000000097e+00 5.999989999999999668e+01
1.506859999999999900e+03 1.366330000000000044e+00 5.999989999999999668e+01
1.508450000000000045e+03 1.367609999999999992e+00 5.999989999999999668e+01
1.510059999999999945e+03 1.368880000000000097e+00 5.999989999999999668e+01
1.511660000000000082e+03 1.370160000000000045e+00 5.999989999999999668e+01
1.513259999999999991e+03 1.371450000000000058e+00 5.999989999999999668e+01
1.514450000000000045e+03 1.372649999999999926e+00 5.999989999999999668e+01
1.515660000000000082e+03 1.373650000000000038e+00 5.999989999999999668e+01
1.517259999999999991e+03 1.374989999999999934e+00 5.999989999999999668e+01
1.518450000000000045e+03 1.375990000000000046e+00 5.999989999999999668e+01
1.520059999999999945e+03 1.377329999999999943e+00 5.999989999999999668e+01
1.521660000000000082e+03 1.378649999999999931e+00 5.999989999999999668e+01
1.523259999999999991e+03 1.379969999999999919e+00 5.999989999999999668e+01
1.524859999999999900e+03 1.381280000000000063e+00 5.999989999999999668e+01
1.526460000000000036e+03 1.382589999999999986e+00 5.999989999999999668e+01
1.528059999999999945e+03 1.383890000000000065e+00 5.999989999999999668e+01
1.529660000000000082e+03 1.385180000000000078e+00 5.999989999999999668e+01
1.531259999999999991e+03 1.386470000000000091e+00 5.999989999999999668e+01
1.532859999999999900e+03 1.387760000000000105e+00 5.999989999999999668e+01
1.534460000000000036e+03 1.389040000000000052e+00 5.999989999999999668e+01
1.536059999999999945e+03 1.390309999999999935e+00 5.999989999999999668e+01
1.537660000000000082e+03 1.391580000000000039e+00 5.999989999999999668e+01
1.539259999999999991e+03 1.392830000000000013e+00 5.999989999999999668e+01
1.540859999999999900e+03 1.394099999999999895e+00 5.999989999999999668e+01
1.542460000000000036e+03 1.395350000000000090e+00 5.999989999999999668e+01
1.544059999999999945e+03 1.396619999999999973e+00 5.999989999999999668e+01
1.545660000000000082e+03 1.397880000000000011e+00 5.999989999999999668e+01
1.547259999999999991e+03 1.399149999999999894e+00 5.999989999999999668e+01
1.548859999999999900e+03 1.400419999999999998e+00 5.999989999999999668e+01
1.550460000000000036e+03 1.401690000000000103e+00 5.999989999999999668e+01
1.552059999999999945e+03 1.402949999999999919e+00 5.999989999999999668e+01
1.553660000000000082e+03 1.404220000000000024e+00 5.999989999999999668e+01
1.555259999999999991e+03 1.405499999999999972e+00 5.999989999999999668e+01
1.556859999999999900e+03 1.406770000000000076e+00 5.999989999999999668e+01
1.558460000000000036e+03 1.408039999999999958e+00 5.999989999999999668e+01
1.560059999999999945e+03 1.409310000000000063e+00 5.999989999999999668e+01
1.561660000000000082e+03 1.410579999999999945e+00 5.999989999999999668e+01
1.563259999999999991e+03 1.411820000000000075e+00 5.999989999999999668e+01
1.564859999999999900e+03 1.413059999999999983e+00 5.999989999999999668e+01
1.566460000000000036e+03 1.414320000000000022e+00 5.999989999999999668e+01
1.568059999999999945e+03 1.415559999999999929e+00 5.999989999999999668e+01
1.569660000000000082e+03 1.416800000000000059e+00 5.999989999999999668e+01
1.571259999999999991e+03 1.418029999999999902e+00 5.999989999999999668e+01
1.572859999999999900e+03 1.419270000000000032e+00 5.999989999999999668e+01
1.574460000000000036e+03 1.420509999999999939e+00 5.999989999999999668e+01
1.576059999999999945e+03 1.421740000000000004e+00 5.999989999999999668e+01
1.577660000000000082e+03 1.422970000000000068e+00 5.999989999999999668e+01
1.579259999999999991e+03 1.424209999999999976e+00 5.999989999999999668e+01
1.580859999999999900e+03 1.425459999999999949e+00 5.999989999999999668e+01
1.582460000000000036e+03 1.426679999999999948e+00 5.999989999999999668e+01
1.584059999999999945e+03 1.427899999999999947e+00 5.999989999999999668e+01
1.585660000000000082e+03 1.429130000000000011e+00 5.999989999999999668e+01
1.587259999999999991e+03 1.430379999999999985e+00 5.999989999999999668e+01
1.588859999999999900e+03 1.431629999999999958e+00 5.999989999999999668e+01
1.590460000000000036e+03 1.432879999999999932e+00 5.999989999999999668e+01
1.592059999999999945e+03 1.434150000000000036e+00 5.999989999999999668e+01
1.593660000000000082e+03 1.435410000000000075e+00 5.999989999999999668e+01
1.595259999999999991e+03 1.436679999999999957e+00 5.999989999999999668e+01
1.596859999999999900e+03 1.437939999999999996e+00 5.999989999999999668e+01
1.598460000000000036e+03 1.439200000000000035e+00 5.999989999999999668e+01
1.600059999999999945e+03 1.440439999999999943e+00 5.999989999999999668e+01
1.601660000000000082e+03 1.441689999999999916e+00 5.999989999999999668e+01
1.603259999999999991e+03 1.442939999999999889e+00 5.999989999999999668e+01
1.604859999999999900e+03 1.444190000000000085e+00 5.999989999999999668e+01
1.606460000000000036e+03 1.445440000000000058e+00 5.999989999999999668e+01
1.608059999999999945e+03 1.446690000000000031e+00 5.999989999999999668e+01
1.609660000000000082e+03 1.447929999999999939e+00 5.999989999999999668e+01
1.611259999999999991e+03 1.449179999999999913e+00 5.999989999999999668e+01
1.612859999999999900e+03 1.450420000000000043e+00 5.999989999999999668e+01
1.614460000000000036e+03 1.451659999999999950e+00 5.999989999999999668e+01
1.616059999999999945e+03 1.452900000000000080e+00 5.999989999999999668e+01
1.617660000000000082e+03 1.454139999999999988e+00 5.999989999999999668e+01
1.619259999999999991e+03 1.455370000000000053e+00 5.999989999999999668e+01
1.620859999999999900e+03 1.456590000000000051e+00 5.999989999999999668e+01
1.622460000000000036e+03 1.457829999999999959e+00 5.999989999999999668e+01
1.624059999999999945e+03 1.459070000000000089e+00 5.999989999999999668e+01
1.625660000000000082e+03 1.460320000000000062e+00 5.999989999999999668e+01
1.627259999999999991e+03 1.461559999999999970e+00 5.999989999999999668e+01
1.628859999999999900e+03 1.462809999999999944e+00 5.999989999999999668e+01
1.630460000000000036e+03 1.464059999999999917e+00 5.999989999999999668e+01
1.632059999999999945e+03 1.465309999999999890e+00 5.999989999999999668e+01
1.633660000000000082e+03 1.466569999999999929e+00 5.999989999999999668e+01
1.635259999999999991e+03 1.467840000000000034e+00 5.999989999999999668e+01
1.636859999999999900e+03 1.469109999999999916e+00 5.999989999999999668e+01
1.638460000000000036e+03 1.470380000000000020e+00 5.999989999999999668e+01
1.640059999999999945e+03 1.471649999999999903e+00 5.999989999999999668e+01
1.641660000000000082e+03 1.472920000000000007e+00 5.999989999999999668e+01
1.643259999999999991e+03 1.474199999999999955e+00 5.999989999999999668e+01
1.644859999999999900e+03 1.475470000000000059e+00 5.999989999999999668e+01
1.646460000000000036e+03 1.476739999999999942e+00 5.999989999999999668e+01
1.648059999999999945e+03 1.478010000000000046e+00 5.999989999999999668e+01
1.649660000000000082e+03 1.479279999999999928e+00 5.999989999999999668e+01
1.651259999999999991e+03 1.480550000000000033e+00 5.999989999999999668e+01
1.652859999999999900e+03 1.481819999999999915e+00 5.999989999999999668e+01
1.654470000000000027e+03 1.483090000000000019e+00 5.999989999999999668e+01
1.656069999999999936e+03 1.484359999999999902e+00 5.999989999999999668e+01
1.657670000000000073e+03 1.485619999999999941e+00 5.999989999999999668e+01
1.659269999999999982e+03 1.486890000000000045e+00 5.999989999999999668e+01
1.660869999999999891e+03 1.488140000000000018e+00 5.999989999999999668e+01
1.662470000000000027e+03 1.489400000000000057e+00 5.999989999999999668e+01
1.664069999999999936e+03 1.490669999999999940e+00 5.999989999999999668e+01
1.665670000000000073e+03 1.491919999999999913e+00 5.999989999999999668e+01
1.667269999999999982e+03 1.493190000000000017e+00 5.999989999999999668e+01
1.668869999999999891e+03 1.494450000000000056e+00 5.999989999999999668e+01
1.670470000000000027e+03 1.495710000000000095e+00 5.999989999999999668e+01
1.672069999999999936e+03 1.496969999999999912e+00 5.999989999999999668e+01
1.673670000000000073e+03 1.498220000000000107e+00 5.999989999999999668e+01
1.675269999999999982e+03 1.499460000000000015e+00 5.999989999999999668e+01
1.676869999999999891e+03 1.500690000000000079e+00 5.999989999999999668e+01
1.678470000000000027e+03 1.501929999999999987e+00 5.999989999999999668e+01
1.680069999999999936e+03 1.503149999999999986e+00 5.999989999999999668e+01
1.681670000000000073e+03 1.504369999999999985e+00 5.999989999999999668e+01
1.683269999999999982e+03 1.505600000000000049e+00 5.999989999999999668e+01
1.684869999999999891e+03 1.506809999999999983e+00 5.999989999999999668e+01
1.686470000000000027e+03 1.508019999999999916e+00 5.999989999999999668e+01
1.688069999999999936e+03 1.509220000000000006e+00 5.999989999999999668e+01
1.689670000000000073e+03 1.510420000000000096e+00 5.999989999999999668e+01
1.691269999999999982e+03 1.511619999999999964e+00 5.999989999999999668e+01
1.692869999999999891e+03 1.512829999999999897e+00 5.999989999999999668e+01
1.694470000000000027e+03 1.514019999999999921e+00 5.999989999999999668e+01
1.696069999999999936e+03 1.515220000000000011e+00 5.999989999999999668e+01
1.697670000000000073e+03 1.516429999999999945e+00 5.999989999999999668e+01
1.699269999999999982e+03 1.517640000000000100e+00 5.999989999999999668e+01
1.700869999999999891e+03 1.518839999999999968e+00 5.999989999999999668e+01
1.702470000000000027e+03 1.520049999999999901e+00 5.999989999999999668e+01
1.704069999999999936e+03 1.521260000000000057e+00 5.999989999999999668e+01
1.705670000000000073e+03 1.522459999999999924e+00 5.999989999999999668e+01
1.707269999999999982e+03 1.523660000000000014e+00 5.999989999999999668e+01
1.708869999999999891e+03 1.524869999999999948e+00 5.999989999999999668e+01
1.710470000000000027e+03 1.526100000000000012e+00 5.999989999999999668e+01
1.712069999999999936e+03 1.527309999999999945e+00 5.999989999999999668e+01
1.713670000000000073e+03 1.528520000000000101e+00 5.999989999999999668e+01
1.715269999999999982e+03 1.529719999999999969e+00 5.999989999999999668e+01
1.716869999999999891e+03 1.530909999999999993e+00 5.999989999999999668e+01
1.718470000000000027e+03 1.532110000000000083e+00 5.999989999999999668e+01
1.720069999999999936e+03 1.533300000000000107e+00 5.999989999999999668e+01
1.721670000000000073e+03 1.534489999999999910e+00 5.999989999999999668e+01
1.723269999999999982e+03 1.535690000000000000e+00 5.999989999999999668e+01
1.724869999999999891e+03 1.536899999999999933e+00 5.999989999999999668e+01
1.726470000000000027e+03 1.538079999999999892e+00 5.999989999999999668e+01
1.728069999999999936e+03 1.539279999999999982e+00 5.999989999999999668e+01
1.729670000000000073e+03 1.540459999999999940e+00 5.999989999999999668e+01
1.731269999999999982e+03 1.541649999999999965e+00 5.999989999999999668e+01
1.732869999999999891e+03 1.542839999999999989e+00 5.999989999999999668e+01
1.734470000000000027e+03 1.544019999999999948e+00 5.999989999999999668e+01
1.736069999999999936e+03 1.545199999999999907e+00 5.999989999999999668e+01
1.737670000000000073e+03 1.546399999999999997e+00 5.999989999999999668e+01
1.739269999999999982e+03 1.547590000000000021e+00 5.999989999999999668e+01
1.740869999999999891e+03 1.548799999999999955e+00 5.999989999999999668e+01
1.742470000000000027e+03 1.550010000000000110e+00 5.999989999999999668e+01
1.744069999999999936e+03 1.551220000000000043e+00 5.999989999999999668e+01
1.745670000000000073e+03 1.552419999999999911e+00 5.999989999999999668e+01
1.747269999999999982e+03 1.553620000000000001e+00 5.999989999999999668e+01
1.748869999999999891e+03 1.554829999999999934e+00 5.999989999999999668e+01
1.750470000000000027e+03 1.556049999999999933e+00 5.999989999999999668e+01
1.752069999999999936e+03 1.557260000000000089e+00 5.999989999999999668e+01
1.753670000000000073e+03 1.558470000000000022e+00 5.999989999999999668e+01
1.755269999999999982e+03 1.559669999999999890e+00 5.999989999999999668e+01
1.756869999999999891e+03 1.560869999999999980e+00 5.999989999999999668e+01
1.758470000000000027e+03 1.562070000000000070e+00 5.999989999999999668e+01
1.760069999999999936e+03 1.563269999999999937e+00 5.999989999999999668e+01
1.761670000000000073e+03 1.564489999999999936e+00 5.999989999999999668e+01
1.763269999999999982e+03 1.565690000000000026e+00 5.999989999999999668e+01
1.764869999999999891e+03 1.566869999999999985e+00 5.999989999999999668e+01
1.766470000000000027e+03 1.568060000000000009e+00 5.999989999999999668e+01
1.768069999999999936e+03 1.569239999999999968e+00 5.999989999999999668e+01
1.769670000000000073e+03 1.570410000000000084e+00 5.999989999999999668e+01
1.771269999999999982e+03 1.571590000000000042e+00 5.999989999999999668e+01
1.772869999999999891e+03 1.572759999999999936e+00 5.999989999999999668e+01
1.774470000000000027e+03 1.573939999999999895e+00 5.999989999999999668e+01
1.776069999999999936e+03 1.575120000000000076e+00 5.999989999999999668e+01
1.777670000000000073e+03 1.576300000000000034e+00 5.999989999999999668e+01
1.779269999999999982e+03 1.577490000000000059e+00 5.999989999999999668e+01
1.780869999999999891e+03 1.578689999999999927e+00 5.999989999999999668e+01
1.782470000000000027e+03 1.579890000000000017e+00 5.999989999999999668e+01
1.784069999999999936e+03 1.581090000000000106e+00 5.999989999999999668e+01
1.785670000000000073e+03 1.582300000000000040e+00 5.999989999999999668e+01
1.787269999999999982e+03 1.583490000000000064e+00 5.999989999999999668e+01
1.788869999999999891e+03 1.584689999999999932e+00 5.999989999999999668e+01
1.790470000000000027e+03 1.585879999999999956e+00 5.999989999999999668e+01
1.792079999999999927e+03 1.587059999999999915e+00 5.999989999999999668e+01
1.793670000000000073e+03 1.588249999999999940e+00 5.999989999999999668e+01
1.795269999999999982e+03 1.589450000000000029e+00 5.999989999999999668e+01
1.796869999999999891e+03 1.590640000000000054e+00 5.999989999999999668e+01
1.798470000000000027e+03 1.591839999999999922e+00 5.999989999999999668e+01
1.800079999999999927e+03 1.593040000000000012e+00 5.999989999999999668e+01
1.801670000000000073e+03 1.594230000000000036e+00 5.999989999999999668e+01
1.803269999999999982e+03 1.595420000000000060e+00 5.999989999999999668e+01
1.804869999999999891e+03 1.596600000000000019e+00 5.999989999999999668e+01
1.806470000000000027e+03 1.597779999999999978e+00 5.999989999999999668e+01
1.808079999999999927e+03 1.598959999999999937e+00 5.999989999999999668e+01
1.809670000000000073e+03 1.600130000000000052e+00 5.999989999999999668e+01
1.811269999999999982e+03 1.601299999999999946e+00 5.999989999999999668e+01
1.812869999999999891e+03 1.602470000000000061e+00 5.999989999999999668e+01
1.814470000000000027e+03 1.603639999999999954e+00 5.999989999999999668e+01
1.816079999999999927e+03 1.604819999999999913e+00 5.999989999999999668e+01
1.817680000000000064e+03 1.605990000000000029e+00 5.999989999999999668e+01
1.819279999999999973e+03 1.607159999999999922e+00 5.999989999999999668e+01
1.820880000000000109e+03 1.608340000000000103e+00 5.999989999999999668e+01
1.822470000000000027e+03 1.609639999999999960e+00 5.999989999999999668e+01
1.824079999999999927e+03 1.610840000000000050e+00 5.999989999999999668e+01
1.825680000000000064e+03 1.612049999999999983e+00 5.999989999999999668e+01
1.827279999999999973e+03 1.613259999999999916e+00 5.999989999999999668e+01
1.828880000000000109e+03 1.614460000000000006e+00 5.999989999999999668e+01
1.830470000000000027e+03 1.615669999999999940e+00 5.999989999999999668e+01
1.832079999999999927e+03 1.616870000000000029e+00 5.999989999999999668e+01
1.833680000000000064e+03 1.618049999999999988e+00 5.999989999999999668e+01
1.835279999999999973e+03 1.619229999999999947e+00 5.999989999999999668e+01
1.836880000000000109e+03 1.620400000000000063e+00 5.999989999999999668e+01
1.838470000000000027e+03 1.621559999999999890e+00 5.999989999999999668e+01
1.840079999999999927e+03 1.622730000000000006e+00 5.999989999999999668e+01
1.841680000000000064e+03 1.623909999999999965e+00 5.999989999999999668e+01
1.843279999999999973e+03 1.625099999999999989e+00 5.999989999999999668e+01
1.844880000000000109e+03 1.626279999999999948e+00 5.999989999999999668e+01
1.846470000000000027e+03 1.627459999999999907e+00 5.999989999999999668e+01
1.848079999999999927e+03 1.628630000000000022e+00 5.999989999999999668e+01
1.849680000000000064e+03 1.629799999999999915e+00 5.999989999999999668e+01
1.851279999999999973e+03 1.630970000000000031e+00 5.999989999999999668e+01
1.852880000000000109e+03 1.632130000000000081e+00 5.999989999999999668e+01
1.854480000000000018e+03 1.633299999999999974e+00 5.999989999999999668e+01
1.856079999999999927e+03 1.634460000000000024e+00 5.999989999999999668e+01
1.857680000000000064e+03 1.635620000000000074e+00 5.999989999999999668e+01
1.859279999999999973e+03 1.636789999999999967e+00 5.999989999999999668e+01
1.860880000000000109e+03 1.637969999999999926e+00 5.999989999999999668e+01
1.862480000000000018e+03 1.639150000000000107e+00 5.999989999999999668e+01
1.864079999999999927e+03 1.640339999999999909e+00 5.999989999999999668e+01
1.865680000000000064e+03 1.641539999999999999e+00 5.999989999999999668e+01
1.867279999999999973e+03 1.642740000000000089e+00 5.999989999999999668e+01
1.868880000000000109e+03 1.643939999999999957e+00 5.999989999999999668e+01
1.870480000000000018e+03 1.645140000000000047e+00 5.999989999999999668e+01
1.872079999999999927e+03 1.646330000000000071e+00 5.999989999999999668e+01
1.873680000000000064e+03 1.647520000000000095e+00 5.999989999999999668e+01
1.875279999999999973e+03 1.648709999999999898e+00 5.999989999999999668e+01
1.876880000000000109e+03 1.649869999999999948e+00 5.999989999999999668e+01
1.878480000000000018e+03 1.651049999999999907e+00 5.999989999999999668e+01
1.880079999999999927e+03 1.652230000000000087e+00 5.999989999999999668e+01
1.881680000000000064e+03 1.653410000000000046e+00 5.999989999999999668e+01
1.883279999999999973e+03 1.654579999999999940e+00 5.999989999999999668e+01
1.884880000000000109e+03 1.655759999999999899e+00 5.999989999999999668e+01
1.886480000000000018e+03 1.656959999999999988e+00 5.999989999999999668e+01
1.888079999999999927e+03 1.658150000000000013e+00 5.999989999999999668e+01
1.889680000000000064e+03 1.659350000000000103e+00 5.999989999999999668e+01
1.891279999999999973e+03 1.660539999999999905e+00 5.999989999999999668e+01
1.892880000000000109e+03 1.661739999999999995e+00 5.999989999999999668e+01
1.894480000000000018e+03 1.662919999999999954e+00 5.999989999999999668e+01
1.896079999999999927e+03 1.664109999999999978e+00 5.999989999999999668e+01
1.897680000000000064e+03 1.665310000000000068e+00 5.999989999999999668e+01
1.899279999999999973e+03 1.666490000000000027e+00 5.999989999999999668e+01
1.900880000000000109e+03 1.667680000000000051e+00 5.999989999999999668e+01
1.902480000000000018e+03 1.668879999999999919e+00 5.999989999999999668e+01
1.904079999999999927e+03 1.670060000000000100e+00 5.999989999999999668e+01
1.905680000000000064e+03 1.671270000000000033e+00 5.999989999999999668e+01
1.907279999999999973e+03 1.672469999999999901e+00 5.999989999999999668e+01
1.908880000000000109e+03 1.673689999999999900e+00 5.999989999999999668e+01
1.910480000000000018e+03 1.674930000000000030e+00 5.999989999999999668e+01
1.912079999999999927e+03 1.676169999999999938e+00 5.999989999999999668e+01
1.913680000000000064e+03 1.677400000000000002e+00 5.999989999999999668e+01
1.915279999999999973e+03 1.678609999999999935e+00 5.999989999999999668e+01
1.916880000000000109e+03 1.679829999999999934e+00 5.999989999999999668e+01
1.918480000000000018e+03 1.681049999999999933e+00 5.999989999999999668e+01
1.920079999999999927e+03 1.682250000000000023e+00 5.999989999999999668e+01
1.921680000000000064e+03 1.683459999999999956e+00 5.999989999999999668e+01
1.923279999999999973e+03 1.684649999999999981e+00 5.999989999999999668e+01
1.924880000000000109e+03 1.685840000000000005e+00 5.999989999999999668e+01
1.926480000000000018e+03 1.687040000000000095e+00 5.999989999999999668e+01
1.928079999999999927e+03 1.688239999999999963e+00 5.999989999999999668e+01
1.929680000000000064e+03 1.689459999999999962e+00 5.999989999999999668e+01
1.931279999999999973e+03 1.690700000000000092e+00 5.999989999999999668e+01
1.932880000000000109e+03 1.691940000000000000e+00 5.999989999999999668e+01
1.934480000000000018e+03 1.693189999999999973e+00 5.999989999999999668e+01
1.936079999999999927e+03 1.694450000000000012e+00 5.999989999999999668e+01
1.937680000000000064e+03 1.695710000000000051e+00 5.999989999999999668e+01
1.939279999999999973e+03 1.696960000000000024e+00 5.999989999999999668e+01
1.940880000000000109e+03 1.698220000000000063e+00 5.999989999999999668e+01
1.942480000000000018e+03 1.699459999999999971e+00 5.999989999999999668e+01
1.944079999999999927e+03 1.700700000000000101e+00 5.999989999999999668e+01
1.945680000000000064e+03 1.701940000000000008e+00 5.999989999999999668e+01
1.947279999999999973e+03 1.703200000000000047e+00 5.999989999999999668e+01
1.948880000000000109e+03 1.704450000000000021e+00 5.999989999999999668e+01
1.950490000000000009e+03 1.705719999999999903e+00 5.999989999999999668e+01
1.952079999999999927e+03 1.707000000000000073e+00 5.999989999999999668e+01
1.953680000000000064e+03 1.708290000000000086e+00 5.999989999999999668e+01
1.955279999999999973e+03 1.709589999999999943e+00 5.999989999999999668e+01
1.956880000000000109e+03 1.710900000000000087e+00 5.999989999999999668e+01
1.958490000000000009e+03 1.712199999999999944e+00 5.999989999999999668e+01
1.960079999999999927e+03 1.713510000000000089e+00 5.999989999999999668e+01
1.961680000000000064e+03 1.714820000000000011e+00 5.999989999999999668e+01
1.963279999999999973e+03 1.716120000000000090e+00 5.999989999999999668e+01
1.964880000000000109e+03 1.717410000000000103e+00 5.999989999999999668e+01
1.966490000000000009e+03 1.718709999999999960e+00 5.999989999999999668e+01
1.968079999999999927e+03 1.719999999999999973e+00 5.999989999999999668e+01
1.969279999999999973e+03 1.721000000000000085e+00 5.999989999999999668e+01
1.970880000000000109e+03 1.722310000000000008e+00 5.999989999999999668e+01
1.972490000000000009e+03 1.723629999999999995e+00 5.999989999999999668e+01
1.974079999999999927e+03 1.724930000000000074e+00 5.999989999999999668e+01
1.975680000000000064e+03 1.726259999999999906e+00 5.999989999999999668e+01
1.976880000000000109e+03 1.727270000000000083e+00 5.999989999999999668e+01
1.978079999999999927e+03 1.728280000000000038e+00 5.999989999999999668e+01
1.979279999999999973e+03 1.729300000000000059e+00 5.999989999999999668e+01
1.980490000000000009e+03 1.730329999999999924e+00 5.999989999999999668e+01
1.981690000000000055e+03 1.731360000000000010e+00 5.999989999999999668e+01
1.982880000000000109e+03 1.732380000000000031e+00 5.999989999999999668e+01
1.984089999999999918e+03 1.733430000000000026e+00 5.999989999999999668e+01
1.985289999999999964e+03 1.734450000000000047e+00 5.999989999999999668e+01
1.986490000000000009e+03 1.735489999999999977e+00 5.999989999999999668e+01
1.987690000000000055e+03 1.736529999999999907e+00 5.999989999999999668e+01
1.988880000000000109e+03 1.737559999999999993e+00 5.999989999999999668e+01
1.990089999999999918e+03 1.738599999999999923e+00 5.999989999999999668e+01
1.991289999999999964e+03 1.739640000000000075e+00 5.999989999999999668e+01
1.992490000000000009e+03 1.740669999999999940e+00 5.999989999999999668e+01
1.993690000000000055e+03 1.741700000000000026e+00 5.999989999999999668e+01
1.994880000000000109e+03 1.742729999999999890e+00 5.999989999999999668e+01
1.996089999999999918e+03 1.743770000000000042e+00 5.999989999999999668e+01
1.997289999999999964e+03 1.744799999999999907e+00 5.999989999999999668e+01
1.998490000000000009e+03 1.745840000000000058e+00 5.999989999999999668e+01
1.999690000000000055e+03 1.746890000000000054e+00 5.999989999999999668e+01
2.000880000000000109e+03 1.747940000000000049e+00 5.999989999999999668e+01
2.002089999999999918e+03 1.748990000000000045e+00 5.999989999999999668e+01
2.003289999999999964e+03 1.750040000000000040e+00 5.999989999999999668e+01
2.004490000000000009e+03 1.751079999999999970e+00 5.999989999999999668e+01
2.005690000000000055e+03 1.752140000000000031e+00 5.999989999999999668e+01
2.006880000000000109e+03 1.753209999999999935e+00 5.999989999999999668e+01
2.008089999999999918e+03 1.754289999999999905e+00 5.999989999999999668e+01
2.009289999999999964e+03 1.755360000000000031e+00 5.999989999999999668e+01
2.010490000000000009e+03 1.756450000000000067e+00 5.999989999999999668e+01
2.011690000000000055e+03 1.757540000000000102e+00 5.999989999999999668e+01
2.012880000000000109e+03 1.758650000000000047e+00 5.999989999999999668e+01
2.014089999999999918e+03 1.759770000000000056e+00 5.999989999999999668e+01
2.015289999999999964e+03 1.760909999999999975e+00 5.999989999999999668e+01
2.016490000000000009e+03 1.762049999999999894e+00 5.999989999999999668e+01
2.017690000000000055e+03 1.763209999999999944e+00 5.999989999999999668e+01
2.018890000000000100e+03 1.764399999999999968e+00 5.999989999999999668e+01
2.020089999999999918e+03 1.765579999999999927e+00 5.999989999999999668e+01
2.021289999999999964e+03 1.766769999999999952e+00 5.999989999999999668e+01
2.022490000000000009e+03 1.768010000000000081e+00 5.999989999999999668e+01
2.023690000000000055e+03 1.769239999999999924e+00 5.999989999999999668e+01
2.024890000000000100e+03 1.770469999999999988e+00 5.999989999999999668e+01
2.026089999999999918e+03 1.771689999999999987e+00 5.999989999999999668e+01
2.027289999999999964e+03 1.772890000000000077e+00 5.999989999999999668e+01
2.028490000000000009e+03 1.774089999999999945e+00 5.999989999999999668e+01
2.029690000000000055e+03 1.775309999999999944e+00 5.999989999999999668e+01
2.030890000000000100e+03 1.776520000000000099e+00 5.999989999999999668e+01
2.032089999999999918e+03 1.777749999999999941e+00 5.999989999999999668e+01
2.033289999999999964e+03 1.778990000000000071e+00 5.999989999999999668e+01
2.034490000000000009e+03 1.780219999999999914e+00 5.999989999999999668e+01
2.035690000000000055e+03 1.781479999999999952e+00 5.999989999999999668e+01
2.036890000000000100e+03 1.782739999999999991e+00 5.999989999999999668e+01
2.038089999999999918e+03 1.784010000000000096e+00 5.999989999999999668e+01
2.039289999999999964e+03 1.785290000000000044e+00 5.999989999999999668e+01
2.040490000000000009e+03 1.786589999999999900e+00 5.999989999999999668e+01
2.041690000000000055e+03 1.787879999999999914e+00 5.999989999999999668e+01
2.042890000000000100e+03 1.789169999999999927e+00 5.999989999999999668e+01
2.044089999999999918e+03 1.790470000000000006e+00 5.999989999999999668e+01
2.045289999999999964e+03 1.791770000000000085e+00 5.999989999999999668e+01
2.046490000000000009e+03 1.793080000000000007e+00 5.999989999999999668e+01
2.047690000000000055e+03 1.794380000000000086e+00 5.999989999999999668e+01
2.048889999999999873e+03 1.795679999999999943e+00 5.999989999999999668e+01
2.050090000000000146e+03 1.796969999999999956e+00 5.999989999999999668e+01
2.051289999999999964e+03 1.798289999999999944e+00 5.999989999999999668e+01
2.052489999999999782e+03 1.799630000000000063e+00 5.999989999999999668e+01
2.053690000000000055e+03 1.800990000000000091e+00 5.999989999999999668e+01
2.054889999999999873e+03 1.802370000000000028e+00 5.999989999999999668e+01
2.056090000000000146e+03 1.803739999999999899e+00 5.999989999999999668e+01
2.057289999999999964e+03 1.805090000000000083e+00 5.999989999999999668e+01
2.058489999999999782e+03 1.806440000000000046e+00 5.999989999999999668e+01
2.059690000000000055e+03 1.807790000000000008e+00 5.999989999999999668e+01
2.060880000000000109e+03 1.809150000000000036e+00 5.999989999999999668e+01
2.062090000000000146e+03 1.810499999999999998e+00 5.999989999999999668e+01
2.063289999999999964e+03 1.811879999999999935e+00 5.999989999999999668e+01
2.064489999999999782e+03 1.813260000000000094e+00 5.999989999999999668e+01
2.065679999999999836e+03 1.814670000000000005e+00 5.999989999999999668e+01
2.066880000000000109e+03 1.816089999999999982e+00 5.999989999999999668e+01
2.068079999999999927e+03 1.817530000000000090e+00 5.999989999999999668e+01
2.069280000000000200e+03 1.818969999999999976e+00 5.999989999999999668e+01
2.070489999999999782e+03 1.820419999999999927e+00 5.999989999999999668e+01
2.071679999999999836e+03 1.821870000000000100e+00 5.999989999999999668e+01
2.072880000000000109e+03 1.823309999999999986e+00 5.999989999999999668e+01
2.074079999999999927e+03 1.824750000000000094e+00 5.999989999999999668e+01
2.075280000000000200e+03 1.826189999999999980e+00 5.999989999999999668e+01
2.076480000000000018e+03 1.827649999999999997e+00 5.999989999999999668e+01
2.077679999999999836e+03 1.829099999999999948e+00 5.999989999999999668e+01
2.078880000000000109e+03 1.830570000000000030e+00 5.999989999999999668e+01
2.080079999999999927e+03 1.832049999999999956e+00 5.999989999999999668e+01
2.081280000000000200e+03 1.833539999999999948e+00 5.999989999999999668e+01
2.082079999999999927e+03 1.834540000000000060e+00 5.999989999999999668e+01
2.083280000000000200e+03 1.836039999999999894e+00 5.999989999999999668e+01
2.084079999999999927e+03 1.837050000000000072e+00 5.999989999999999668e+01
2.085280000000000200e+03 1.838540000000000063e+00 5.999989999999999668e+01
2.086079999999999927e+03 1.839550000000000018e+00 5.999989999999999668e+01
2.087280000000000200e+03 1.841040000000000010e+00 5.999989999999999668e+01
2.088480000000000018e+03 1.842549999999999910e+00 5.999989999999999668e+01
2.089280000000000200e+03 1.843560000000000088e+00 5.999989999999999668e+01
2.090079999999999927e+03 1.844600000000000017e+00 5.999989999999999668e+01
2.090880000000000109e+03 1.845669999999999922e+00 5.999989999999999668e+01
2.091679999999999836e+03 1.846729999999999983e+00 5.999989999999999668e+01
2.092480000000000018e+03 1.847800000000000109e+00 5.999989999999999668e+01
2.093280000000000200e+03 1.848870000000000013e+00 5.999989999999999668e+01
2.094079999999999927e+03 1.849960000000000049e+00 5.999989999999999668e+01
2.094880000000000109e+03 1.851040000000000019e+00 5.999989999999999668e+01
2.095679999999999836e+03 1.852139999999999898e+00 5.999989999999999668e+01
2.096480000000000018e+03 1.853220000000000089e+00 5.999989999999999668e+01
2.097280000000000200e+03 1.854300000000000059e+00 5.999989999999999668e+01
2.098079999999999927e+03 1.855390000000000095e+00 5.999989999999999668e+01
2.098880000000000109e+03 1.856470000000000065e+00 5.999989999999999668e+01
2.099679999999999836e+03 1.857560000000000100e+00 5.999989999999999668e+01
2.100469999999999800e+03 1.858649999999999913e+00 5.999989999999999668e+01
2.101280000000000200e+03 1.859739999999999949e+00 5.999989999999999668e+01
2.102079999999999927e+03 1.860849999999999893e+00 5.999989999999999668e+01
2.102880000000000109e+03 1.861969999999999903e+00 5.999989999999999668e+01
2.103679999999999836e+03 1.863080000000000069e+00 5.999989999999999668e+01
2.104469999999999800e+03 1.864200000000000079e+00 5.999989999999999668e+01
2.105280000000000200e+03 1.865310000000000024e+00 5.999989999999999668e+01
2.106079999999999927e+03 1.866440000000000099e+00 5.999989999999999668e+01
2.106869999999999891e+03 1.867580000000000018e+00 5.999989999999999668e+01
2.107670000000000073e+03 1.868719999999999937e+00 5.999989999999999668e+01
2.108469999999999800e+03 1.869860000000000078e+00 5.999989999999999668e+01
2.109269999999999982e+03 1.870999999999999996e+00 5.999989999999999668e+01
2.110079999999999927e+03 1.872149999999999981e+00 5.999989999999999668e+01
2.110869999999999891e+03 1.873310000000000031e+00 5.999989999999999668e+01
2.111670000000000073e+03 1.874470000000000081e+00 5.999989999999999668e+01
2.112469999999999800e+03 1.875639999999999974e+00 5.999989999999999668e+01
2.113269999999999982e+03 1.876819999999999933e+00 5.999989999999999668e+01
2.114070000000000164e+03 1.877999999999999892e+00 5.999989999999999668e+01
2.114869999999999891e+03 1.879219999999999891e+00 5.999989999999999668e+01
2.115670000000000073e+03 1.880439999999999889e+00 5.999989999999999668e+01
2.116469999999999800e+03 1.881680000000000019e+00 5.999989999999999668e+01
2.117269999999999982e+03 1.882929999999999993e+00 5.999989999999999668e+01
2.118070000000000164e+03 1.884200000000000097e+00 5.999989999999999668e+01
2.118869999999999891e+03 1.885469999999999979e+00 5.999989999999999668e+01
2.119670000000000073e+03 1.886740000000000084e+00 5.999989999999999668e+01
2.120469999999999800e+03 1.887999999999999901e+00 5.999989999999999668e+01
2.121269999999999982e+03 1.889270000000000005e+00 5.999989999999999668e+01
2.122070000000000164e+03 1.890530000000000044e+00 5.999989999999999668e+01
2.122869999999999891e+03 1.891799999999999926e+00 5.999989999999999668e+01
2.123670000000000073e+03 1.893070000000000030e+00 5.999989999999999668e+01
2.124469999999999800e+03 1.894360000000000044e+00 5.999989999999999668e+01
2.125269999999999982e+03 1.895650000000000057e+00 5.999989999999999668e+01
2.126070000000000164e+03 1.896959999999999980e+00 5.999989999999999668e+01
2.126869999999999891e+03 1.898290000000000033e+00 5.999989999999999668e+01
2.127670000000000073e+03 1.899620000000000086e+00 5.999989999999999668e+01
2.128469999999999800e+03 1.900970000000000049e+00 5.999989999999999668e+01
2.129269999999999982e+03 1.902330000000000076e+00 5.999989999999999668e+01
2.130070000000000164e+03 1.903699999999999948e+00 5.999989999999999668e+01
2.130869999999999891e+03 1.905089999999999950e+00 5.999989999999999668e+01
2.131670000000000073e+03 1.906479999999999952e+00 5.999989999999999668e+01
2.132469999999999800e+03 1.907880000000000020e+00 5.999989999999999668e+01
2.133269999999999982e+03 1.909299999999999997e+00 5.999989999999999668e+01
2.134070000000000164e+03 1.910730000000000040e+00 5.999989999999999668e+01
2.134869999999999891e+03 1.912169999999999925e+00 5.999989999999999668e+01
2.135670000000000073e+03 1.913620000000000099e+00 5.999989999999999668e+01
2.136469999999999800e+03 1.915079999999999893e+00 5.999989999999999668e+01
2.137269999999999982e+03 1.916549999999999976e+00 5.999989999999999668e+01
2.138070000000000164e+03 1.918029999999999902e+00 5.999989999999999668e+01
2.138869999999999891e+03 1.919499999999999984e+00 5.999989999999999668e+01
2.139670000000000073e+03 1.920979999999999910e+00 5.999989999999999668e+01
2.140469999999999800e+03 1.922449999999999992e+00 5.999989999999999668e+01
2.141269999999999982e+03 1.923939999999999984e+00 5.999989999999999668e+01
2.142070000000000164e+03 1.925450000000000106e+00 5.999989999999999668e+01
2.142869999999999891e+03 1.926970000000000072e+00 5.999989999999999668e+01
2.143670000000000073e+03 1.928509999999999946e+00 5.999989999999999668e+01
2.144469999999999800e+03 1.930080000000000018e+00 5.999989999999999668e+01
2.145269999999999982e+03 1.931669999999999998e+00 5.999989999999999668e+01
2.146070000000000164e+03 1.933280000000000109e+00 5.999989999999999668e+01
2.146860000000000127e+03 1.934889999999999999e+00 5.999989999999999668e+01
2.147659999999999854e+03 1.936500000000000110e+00 5.999989999999999668e+01
2.148460000000000036e+03 1.938120000000000065e+00 5.999989999999999668e+01
2.149260000000000218e+03 1.939750000000000085e+00 5.999989999999999668e+01
2.150059999999999945e+03 1.941410000000000080e+00 5.999989999999999668e+01
2.150860000000000127e+03 1.943079999999999918e+00 5.999989999999999668e+01
2.151659999999999854e+03 1.944770000000000110e+00 5.999989999999999668e+01
2.152460000000000036e+03 1.946479999999999988e+00 5.999989999999999668e+01
2.153260000000000218e+03 1.948209999999999997e+00 5.999989999999999668e+01
2.154059999999999945e+03 1.949950000000000072e+00 5.999989999999999668e+01
2.154860000000000127e+03 1.951680000000000081e+00 5.999989999999999668e+01
2.155659999999999854e+03 1.953440000000000065e+00 5.999989999999999668e+01
2.156460000000000036e+03 1.955219999999999958e+00 5.999989999999999668e+01
2.157260000000000218e+03 1.957019999999999982e+00 5.999989999999999668e+01
2.158059999999999945e+03 1.958860000000000046e+00 5.999989999999999668e+01
2.158860000000000127e+03 1.960720000000000018e+00 5.999989999999999668e+01
2.159659999999999854e+03 1.962609999999999966e+00 5.999989999999999668e+01
2.160460000000000036e+03 1.964539999999999953e+00 5.999989999999999668e+01
2.161260000000000218e+03 1.966490000000000071e+00 5.999989999999999668e+01
2.162059999999999945e+03 1.968460000000000099e+00 5.999989999999999668e+01
2.162860000000000127e+03 1.970439999999999969e+00 5.999989999999999668e+01
2.163659999999999854e+03 1.972439999999999971e+00 5.999989999999999668e+01
2.164059999999999945e+03 1.973449999999999926e+00 5.999989999999999668e+01
2.164460000000000036e+03 1.974460000000000104e+00 5.999989999999999668e+01
2.164860000000000127e+03 1.975479999999999903e+00 5.999989999999999668e+01
2.165260000000000218e+03 1.976509999999999989e+00 5.999989999999999668e+01
2.165659999999999854e+03 1.977540000000000076e+00 5.999989999999999668e+01
2.166059999999999945e+03 1.978580000000000005e+00 5.999989999999999668e+01
2.166460000000000036e+03 1.979630000000000001e+00 5.999989999999999668e+01
2.166860000000000127e+03 1.980669999999999931e+00 5.999989999999999668e+01
2.167260000000000218e+03 1.981719999999999926e+00 5.999989999999999668e+01
2.167659999999999854e+03 1.982769999999999921e+00 5.999989999999999668e+01
2.168059999999999945e+03 1.983840000000000048e+00 5.999989999999999668e+01
2.168460000000000036e+03 1.984900000000000109e+00 5.999989999999999668e+01
2.168860000000000127e+03 1.985959999999999948e+00 5.999989999999999668e+01
2.169260000000000218e+03 1.987049999999999983e+00 5.999989999999999668e+01
2.169659999999999854e+03 1.988140000000000018e+00 5.999989999999999668e+01
2.170059999999999945e+03 1.989239999999999897e+00 5.999989999999999668e+01
2.170460000000000036e+03 1.990359999999999907e+00 5.999989999999999668e+01
2.170860000000000127e+03 1.991489999999999982e+00 5.999989999999999668e+01
2.171260000000000218e+03 1.992620000000000058e+00 5.999989999999999668e+01
2.171659999999999854e+03 1.993780000000000108e+00 5.999989999999999668e+01
2.172059999999999945e+03 1.994939999999999936e+00 5.999989999999999668e+01
2.172460000000000036e+03 1.996099999999999985e+00 5.999989999999999668e+01
2.172860000000000127e+03 1.997270000000000101e+00 5.999989999999999668e+01
2.173260000000000218e+03 1.998450000000000060e+00 5.999989999999999668e+01
2.173659999999999854e+03 1.999649999999999928e+00 5.999989999999999668e+01
2.174059999999999945e+03 2.000849999999999795e+00 5.999989999999999668e+01
2.174460000000000036e+03 2.002050000000000107e+00 5.999989999999999668e+01
2.174860000000000127e+03 2.003260000000000041e+00 5.999989999999999668e+01
2.175260000000000218e+03 2.004490000000000105e+00 5.999989999999999668e+01
2.175659999999999854e+03 2.005720000000000169e+00 5.999989999999999668e+01
2.176059999999999945e+03 2.006979999999999986e+00 5.999989999999999668e+01
2.176460000000000036e+03 2.008239999999999803e+00 5.999989999999999668e+01
2.176860000000000127e+03 2.009510000000000129e+00 5.999989999999999668e+01
2.177260000000000218e+03 2.010790000000000077e+00 5.999989999999999668e+01
2.177659999999999854e+03 2.012080000000000091e+00 5.999989999999999668e+01
2.178059999999999945e+03 2.013380000000000170e+00 5.999989999999999668e+01
2.178460000000000036e+03 2.014689999999999870e+00 5.999989999999999668e+01
2.178860000000000127e+03 2.016010000000000080e+00 5.999989999999999668e+01
2.179260000000000218e+03 2.017339999999999911e+00 5.999989999999999668e+01
2.179659999999999854e+03 2.018689999999999873e+00 5.999989999999999668e+01
2.180059999999999945e+03 2.020049999999999901e+00 5.999989999999999668e+01
2.180449999999999818e+03 2.021440000000000126e+00 5.999989999999999668e+01
2.180860000000000127e+03 2.022850000000000037e+00 5.999989999999999668e+01
2.181260000000000218e+03 2.024280000000000079e+00 5.999989999999999668e+01
2.181659999999999854e+03 2.025739999999999874e+00 5.999989999999999668e+01
2.182059999999999945e+03 2.027219999999999800e+00 5.999989999999999668e+01
2.182449999999999818e+03 2.028709999999999791e+00 5.999989999999999668e+01
2.182860000000000127e+03 2.030209999999999848e+00 5.999989999999999668e+01
2.183260000000000218e+03 2.031719999999999970e+00 5.999989999999999668e+01
2.183659999999999854e+03 2.033220000000000027e+00 5.999989999999999668e+01
2.184059999999999945e+03 2.034749999999999837e+00 5.999989999999999668e+01
2.184449999999999818e+03 2.036290000000000155e+00 5.999989999999999668e+01
2.184860000000000127e+03 2.037850000000000161e+00 5.999989999999999668e+01
2.185260000000000218e+03 2.039419999999999789e+00 5.999989999999999668e+01
2.185659999999999854e+03 2.040999999999999925e+00 5.999989999999999668e+01
2.186059999999999945e+03 2.042600000000000193e+00 5.999989999999999668e+01
2.186449999999999818e+03 2.044220000000000148e+00 5.999989999999999668e+01
2.186860000000000127e+03 2.045859999999999790e+00 5.999989999999999668e+01
2.187260000000000218e+03 2.047530000000000072e+00 5.999989999999999668e+01
2.187650000000000091e+03 2.049209999999999976e+00 5.999989999999999668e+01
2.188050000000000182e+03 2.050930000000000142e+00 5.999989999999999668e+01
2.188449999999999818e+03 2.052680000000000060e+00 5.999989999999999668e+01
2.188849999999999909e+03 2.054440000000000044e+00 5.999989999999999668e+01
2.189250000000000000e+03 2.056229999999999780e+00 5.999989999999999668e+01
2.189650000000000091e+03 2.058050000000000157e+00 5.999989999999999668e+01
2.190050000000000182e+03 2.059919999999999973e+00 5.999989999999999668e+01
2.190449999999999818e+03 2.061799999999999855e+00 5.999989999999999668e+01
2.190849999999999909e+03 2.063699999999999868e+00 5.999989999999999668e+01
2.191250000000000000e+03 2.065640000000000143e+00 5.999989999999999668e+01
2.191650000000000091e+03 2.067590000000000039e+00 5.999989999999999668e+01
2.192050000000000182e+03 2.069570000000000132e+00 5.999989999999999668e+01
2.192449999999999818e+03 2.071579999999999977e+00 5.999989999999999668e+01
2.192849999999999909e+03 2.073620000000000019e+00 5.999989999999999668e+01
2.193250000000000000e+03 2.075699999999999878e+00 5.999989999999999668e+01
2.193650000000000091e+03 2.077799999999999869e+00 5.999989999999999668e+01
2.194050000000000182e+03 2.079950000000000188e+00 5.999989999999999668e+01
2.194449999999999818e+03 2.082139999999999880e+00 5.999989999999999668e+01
2.194849999999999909e+03 2.084350000000000147e+00 5.999989999999999668e+01
2.195250000000000000e+03 2.086640000000000050e+00 5.999989999999999668e+01
2.195650000000000091e+03 2.088940000000000019e+00 5.999989999999999668e+01
2.196050000000000182e+03 2.091310000000000002e+00 5.999989999999999668e+01
2.196449999999999818e+03 2.093690000000000051e+00 5.999989999999999668e+01
2.196849999999999909e+03 2.096130000000000049e+00 5.999989999999999668e+01
2.197250000000000000e+03 2.098599999999999799e+00 5.999989999999999668e+01
2.197650000000000091e+03 2.101100000000000190e+00 5.999989999999999668e+01
2.198050000000000182e+03 2.103650000000000020e+00 5.999989999999999668e+01
2.198449999999999818e+03 2.106259999999999799e+00 5.999989999999999668e+01
2.198849999999999909e+03 2.108909999999999840e+00 5.999989999999999668e+01
2.199250000000000000e+03 2.111650000000000027e+00 5.999989999999999668e+01
2.199650000000000091e+03 2.114440000000000097e+00 5.999989999999999668e+01
2.200050000000000182e+03 2.117300000000000182e+00 5.999989999999999668e+01
2.200449999999999818e+03 2.120239999999999903e+00 5.999989999999999668e+01
2.200849999999999909e+03 2.123240000000000016e+00 5.999989999999999668e+01
2.201250000000000000e+03 2.126300000000000079e+00 5.999989999999999668e+01
2.201650000000000091e+03 2.129389999999999894e+00 5.999989999999999668e+01
2.202050000000000182e+03 2.132540000000000102e+00 5.999989999999999668e+01
2.202449999999999818e+03 2.135740000000000194e+00 5.999989999999999668e+01
2.202849999999999909e+03 2.138999999999999790e+00 5.999989999999999668e+01
2.203250000000000000e+03 2.142370000000000108e+00 5.999989999999999668e+01
2.203650000000000091e+03 2.145840000000000192e+00 5.999989999999999668e+01
2.204050000000000182e+03 2.149379999999999846e+00 5.999989999999999668e+01
2.204449999999999818e+03 2.153010000000000090e+00 5.999989999999999668e+01
2.204849999999999909e+03 2.156730000000000036e+00 5.999989999999999668e+01
2.205250000000000000e+03 2.160530000000000062e+00 5.999989999999999668e+01
2.205650000000000091e+03 2.164499999999999869e+00 5.999989999999999668e+01
2.206050000000000182e+03 2.168649999999999967e+00 5.999989999999999668e+01
2.206449999999999818e+03 2.172989999999999977e+00 5.999989999999999668e+01
2.206849999999999909e+03 2.177490000000000148e+00 5.999989999999999668e+01
2.207250000000000000e+03 2.182139999999999969e+00 5.999989999999999668e+01
2.207650000000000091e+03 2.186910000000000132e+00 5.999989999999999668e+01
2.208050000000000182e+03 2.191829999999999945e+00 5.999989999999999668e+01
2.208449999999999818e+03 2.196870000000000100e+00 5.999989999999999668e+01
2.208849999999999909e+03 2.202069999999999972e+00 5.999989999999999668e+01
2.209250000000000000e+03 2.207500000000000018e+00 5.999989999999999668e+01
2.209650000000000091e+03 2.213099999999999845e+00 5.999989999999999668e+01
2.210050000000000182e+03 2.218879999999999963e+00 5.999989999999999668e+01
2.210449999999999818e+03 2.224930000000000074e+00 5.999989999999999668e+01
2.210849999999999909e+03 2.231289999999999996e+00 5.999989999999999668e+01
2.211250000000000000e+03 2.237909999999999844e+00 5.999989999999999668e+01
2.211650000000000091e+03 2.244810000000000194e+00 5.999989999999999668e+01
2.212050000000000182e+03 2.251939999999999831e+00 5.999989999999999668e+01
2.212449999999999818e+03 2.259529999999999816e+00 5.999989999999999668e+01
2.212849999999999909e+03 2.267679999999999918e+00 5.999989999999999668e+01
2.213250000000000000e+03 2.276209999999999845e+00 5.999989999999999668e+01
2.213650000000000091e+03 2.285060000000000091e+00 5.999989999999999668e+01
2.214050000000000182e+03 2.294410000000000061e+00 5.999989999999999668e+01
2.214449999999999818e+03 2.304399999999999782e+00 5.999989999999999668e+01
2.214849999999999909e+03 2.314830000000000165e+00 5.999989999999999668e+01
2.215250000000000000e+03 2.325680000000000192e+00 5.999989999999999668e+01
2.215650000000000091e+03 2.337190000000000101e+00 5.999989999999999668e+01
2.216050000000000182e+03 2.349369999999999958e+00 5.999989999999999668e+01
2.216449999999999818e+03 2.362589999999999968e+00 5.999989999999999668e+01
2.216849999999999909e+03 2.376749999999999918e+00 5.999989999999999668e+01
2.217250000000000000e+03 2.392459999999999809e+00 5.999989999999999668e+01
2.217650000000000091e+03 2.414989999999999970e+00 5.999989999999999668e+01
2.218050000000000182e+03 2.440640000000000143e+00 5.999989999999999668e+01
2.218449999999999818e+03 2.467480000000000118e+00 5.999989999999999668e+01
2.218849999999999909e+03 2.497819999999999929e+00 5.999989999999999668e+01
2.219250000000000000e+03 2.533030000000000115e+00 5.999989999999999668e+01
2.219650000000000091e+03 2.571320000000000050e+00 5.999989999999999668e+01
2.220050000000000182e+03 2.610710000000000086e+00 5.999989999999999668e+01
2.220449999999999818e+03 2.650869999999999838e+00 5.999989999999999668e+01
2.220849999999999909e+03 2.691940000000000222e+00 5.999989999999999668e+01
2.221250000000000000e+03 2.734840000000000160e+00 5.999989999999999668e+01
2.221650000000000091e+03 2.780990000000000073e+00 5.999989999999999668e+01
2.222039999999999964e+03 2.833629999999999871e+00 5.999989999999999668e+01
2.222449999999999818e+03 2.899430000000000174e+00 5.999989999999999668e+01
2.222849999999999909e+03 2.987740000000000062e+00 5.999989999999999668e+01
2.223250000000000000e+03 3.125789999999999846e+00 5.999989999999999668e+01
2.223250000000000000e+03 3.125789999999999846e+00 5.999989999999999668e+01
