2.698266363861219421e-04 2.476527676009316394e+02
4.494862051132147420e-04 9.723205626572934079e+01
6.295954849009510355e-04 7.428016227657398929e+01
8.094799091583657720e-04 6.239533631232126965e+01
9.895891889461019570e-04 5.405575431130367292e+01
1.169698468733838467e-03 4.778384760112759722e+01
1.349807748521574761e-03 4.233472996717858194e+01
1.529917028309311271e-03 3.830777751646091644e+01
1.709801452566725574e-03 3.515316321730927740e+01
1.889910732354462084e-03 3.266275046156796691e+01
2.069570301081555264e-03 3.070928726416589072e+01
2.249229869808648009e-03 2.891836495309158650e+01
2.429339149596384303e-03 2.737667215427933698e+01
2.609223573853798606e-03 2.588495531514410430e+01
2.789332853641534899e-03 2.466171823498658000e+01
2.968992422368628079e-03 2.365561343878241729e+01
3.148651991095720824e-03 2.255168991913360088e+01
3.328761270883457118e-03 2.144648635936001213e+01
3.508645695140871854e-03 2.073730950141080243e+01
3.688754974928608581e-03 1.964887639790297058e+01
3.867964832595056912e-03 1.920532939935621641e+01
4.047174690261506544e-03 1.836822337383210169e+01
4.227283970049242404e-03 1.777833019755296817e+01
4.407168394306658007e-03 1.722810677328252282e+01
4.587277674094393867e-03 1.667288270387018301e+01
4.766937242821486613e-03 1.629472385445446037e+01
4.946596811548579359e-03 1.563616358914524618e+01
5.126706091336315219e-03 1.527175682032003223e+01
5.306590515593730822e-03 1.485603245531424754e+01
5.486699795381467550e-03 1.445308412881194116e+01
5.666359364108559428e-03 1.418107943291186324e+01
5.846018932835652174e-03 1.397741300558643296e+01
6.026128212623388901e-03 1.919668391345138403e+01
6.206012636880804505e-03 1.364554092191872314e+01
6.386121916668540364e-03 1.322121788660918007e+01
6.565781485395633110e-03 1.306281407035180031e+01
6.745441054122725856e-03 1.263577650417570020e+01
6.925550333910461716e-03 1.236168626528768577e+01
7.195601825826905378e-03 1.197378981823006505e+01
7.555370674341734850e-03 1.146509218366769467e+01
7.914914667326243200e-03 1.094333254938791100e+01
8.274458660310750682e-03 1.058975412586496212e+01
8.634227508825580155e-03 1.008704782239467512e+01
8.994446068401053609e-03 9.739008036755350872e+00
9.354214916915881348e-03 9.457323771365015119e+00
9.713758909900388830e-03 9.127595249293946722e+00
1.007330290288489631e-02 8.924775442491675648e+00
1.043307175139972579e-02 8.633829068321096756e+00
1.079329031097519924e-02 8.359060816500686997e+00
1.115305915949002698e-02 8.214711003994345617e+00
1.151260315247453446e-02 7.990466839133940624e+00
1.187214714545904194e-02 7.822951313789227257e+00
1.223191599397387141e-02 7.626345478312114956e+00
1.259213455354934487e-02 7.400424915703636586e+00
1.295190340206417261e-02 7.302645475235160610e+00
1.331144739504868182e-02 7.116222953904142834e+00
1.367099138803318757e-02 6.990461972102584909e+00
1.403076023654801704e-02 6.832570528607471161e+00
1.439097879612349050e-02 6.698239383273120851e+00
1.475074764463831824e-02 6.592581036737830580e+00
1.511029163762282745e-02 6.419273283160657151e+00
1.546983563060733494e-02 6.286518778764889070e+00
1.582960447912216267e-02 6.142596918479803492e+00
1.627931553976569995e-02 6.037109946592339682e+00
1.681896881253794676e-02 5.864163056342779790e+00
1.735929665190115087e-02 5.692457537844564541e+00
1.789962449126435845e-02 5.513942207144405749e+00
1.843927776403660526e-02 5.421161566906194551e+00
1.897848132574820462e-02 5.306945973321871790e+00
1.951813459852044796e-02 5.184083035225133251e+00
2.005801272682301850e-02 5.070206961429866155e+00
2.059789085512557863e-02 4.956032249700915493e+00
2.113754412789782544e-02 4.858241855669559683e+00
2.167674768960942480e-02 4.723630620374099642e+00
2.221640096238166814e-02 4.666896432339393108e+00
2.275627909068423521e-02 4.560740827845966905e+00
2.329615721898679881e-02 4.471424330461104546e+00
2.383581049175904215e-02 4.434012508071670133e+00
2.437501405347064151e-02 4.356509069567679582e+00
2.491466732624288832e-02 4.300386241317827540e+00
2.545454545454545539e-02 4.210228127939926068e+00
2.599442358284801552e-02 4.174143842188213327e+00
2.653407685562026233e-02 4.083207470634432568e+00
2.716344748499089148e-02 4.019687793979374923e+00
2.788276032649023017e-02 3.961027500136452328e+00
2.860252287905020938e-02 3.794854855701157437e+00
2.932228543161018858e-02 3.719389529085860957e+00
3.004159827310952380e-02 3.655928974599975678e+00
3.076113597013918621e-02 3.607020225776217615e+00
3.148044881163851449e-02 3.514456059966668988e+00
3.220021136419850410e-02 3.446815070061789221e+00
3.291997391675847984e-02 3.376814177722684995e+00
3.363928675825781506e-02 3.276886171213308607e+00
3.435882445528747747e-02 3.215750235183514327e+00
3.507813729678681269e-02 3.174939417097898176e+00
3.579789984934679536e-02 3.129305090179796078e+00
3.651766240190677110e-02 3.074002036785716374e+00
3.732691745553481238e-02 3.029896989651808425e+00
3.822633957682188693e-02 2.976097365945400863e+00
3.912576169810896148e-02 2.917406867356444611e+00
4.002518381939603603e-02 2.907625117591618569e+00
4.092460594068311058e-02 2.863607243650037493e+00
4.182402806197017819e-02 2.792689557854980631e+00
4.272345018325725274e-02 2.753562558795676463e+00
4.362287230454432729e-02 2.731553621825021594e+00
4.452229442583140184e-02 2.663081373471239299e+00
4.542171654711846945e-02 2.633736124176761173e+00
4.632113866840554400e-02 2.599500000000006139e+00
4.722056078969261855e-02 2.572600188146530797e+00
4.811998291097969310e-02 2.523691439322671926e+00
4.901940503226676765e-02 2.487009877704370986e+00
5.000899422121286853e-02 2.438307885981889189e+00
5.108807591122703495e-02 2.392408772754453850e+00
5.216715760124119444e-02 2.332383065538139455e+00
5.324668900231600832e-02 2.333354891815664356e+00
5.432599554786049501e-02 2.304824788334822294e+00
5.540552694893530888e-02 2.240717355538885069e+00
5.648460863894947531e-02 2.219045818206813347e+00
5.756369032896363480e-02 2.165347771761774176e+00
5.864322173003844174e-02 2.170325729068564247e+00
5.972252827558294230e-02 2.135682031984748708e+00
6.080205967665773537e-02 2.079793109095782633e+00
6.188114136667190179e-02 2.082395018739950920e+00
6.305016526881479511e-02 2.025496202639641030e+00
6.430980594967733444e-02 2.004542793646817422e+00
6.556899691947923325e-02 1.995490930943175645e+00
6.682751332269017130e-02 1.959496334231289660e+00
6.808602972590109548e-02 1.939575248114782102e+00
6.934522069570300817e-02 1.894537396434434307e+00
7.060486137656554750e-02 1.896283513850533620e+00
7.186405234636746020e-02 1.880164835109330079e+00
7.312301846063903876e-02 1.874253124579946084e+00
7.438198457491061732e-02 1.846964898429885871e+00
7.564117554471251614e-02 1.822946582375695401e+00
7.690081622557505547e-02 1.814215995295276995e+00
7.816000719537696817e-02 1.768333469452348261e+00
7.941897330964854673e-02 1.755474734578487794e+00
8.076810649157915856e-02 1.739317380056522477e+00
8.220740674116878977e-02 1.711271436518764899e+00
8.364648213522810072e-02 1.690937049060226016e+00
8.508510781822678504e-02 1.671061658790906623e+00
8.652418321228609599e-02 1.653210441351369520e+00
8.796348346187574108e-02 1.609403515992384071e+00
8.940278371146538616e-02 1.587509841556409063e+00
9.084185910552469712e-02 1.547222688651800127e+00
9.237065185618238694e-02 1.514812637190265043e+00
9.389989431790074503e-02 1.572230632301675701e+00
9.542891192408876899e-02 1.520669350768312444e+00
9.704764688687518570e-02 1.493075415490651592e+00
9.866660670519189491e-02 1.499868297271818474e+00
1.002853416679783255e-01 1.467670150875409751e+00
1.019045263418253827e-01 1.461016483473490224e+00
1.035237110156724261e-01 1.456798520128184782e+00
1.051424459784588428e-01 1.452318124803951838e+00
1.067614057967755520e-01 1.437373784885505490e+00
1.083801407595619826e-01 1.417388858669554441e+00
1.099993254334090398e-01 1.405345781036213770e+00
1.116185101072560831e-01 1.395645597175092734e+00
1.132372450700424998e-01 1.376237848855304868e+00
1.148562048883592090e-01 1.368086390718175949e+00
1.165651069188046590e-01 1.342545155220947084e+00
1.182737840937197887e-01 1.365748612620267588e+00
1.199824612686348907e-01 1.340099717779808630e+00
1.217813055112090398e-01 1.333986124176758326e+00
1.235801497537831750e-01 1.326649811853206629e+00
1.253785442852966836e-01 1.308963512800576767e+00
1.271769388168101922e-01 1.308309031044191828e+00
1.289757830593843413e-01 1.267959313264386267e+00
1.307746273019584904e-01 1.256954844778787272e+00
1.325734715445326395e-01 1.267959313264386267e+00
1.343723157871067886e-01 1.248395813734598514e+00
1.361711600296809377e-01 1.236168626528633796e+00
1.379700042722550868e-01 1.237391345249271080e+00
1.398590155824882553e-01 1.220218273320697211e+00
1.418379691048501368e-01 1.220495595655397114e+00
1.438166977716816841e-01 1.206045283502921617e+00
1.457956512940435656e-01 1.209105174292311125e+00
1.477741551053448066e-01 1.199921327448396413e+00
1.497526589166460476e-01 1.184656356429713675e+00
1.517316124390079290e-01 1.143797784999591283e+00
1.537103411058395042e-01 1.159359659625280647e+00
1.556892946282013579e-01 1.163541468275708146e+00
1.576677984395026266e-01 1.149878269306473522e+00
1.596463022508038399e-01 1.156873608858725477e+00
1.616252557731657491e-01 1.136016847686569076e+00
1.636039844399972965e-01 1.148244034892708987e+00
1.655829379623591502e-01 1.143537890024468595e+00
1.675614417736604189e-01 1.135421385843317088e+00
1.695399455849616599e-01 1.144649199927357364e+00
1.716088413194522266e-01 1.105541509877669748e+00
1.736777370539428211e-01 1.111309902842107622e+00
1.757464079329031093e-01 1.102714445252291675e+00
1.779047961684617485e-01 1.094333254938721689e+00
1.800631844040204155e-01 1.105771879019126436e+00
1.821318552829806758e-01 1.114643832550744396e+00
1.842005261619409362e-01 1.091503854773647531e+00
1.863584646864389627e-01 1.077460348208682861e+00
1.885168529219976297e-01 1.082899395959180389e+00
1.906754660130865753e-01 1.072140107583585689e+00
1.928340791041755486e-01 1.052337794944241400e+00
1.949931419063251625e-01 1.058450115147284487e+00
1.971515301418838295e-01 1.050957066228177084e+00
1.993099183774424965e-01 1.026869794098613786e+00
2.014685314685314699e-01 1.024240311902439693e+00
2.036271445596204432e-01 1.042150594606121361e+00
2.057862073617700571e-01 1.037056994436847290e+00
2.079445955973287241e-01 1.032608640241577280e+00
2.101029838328873911e-01 1.036038274403102921e+00
2.122615969239763367e-01 1.019144588957730857e+00
2.144202100150653101e-01 1.028907234166202889e+00
2.166687653182829965e-01 1.014111006585134866e+00
2.190072628336293681e-01 1.014661410905325578e+00
2.213457603489757952e-01 1.015992474129758349e+00
2.236844827198525010e-01 1.016346741230906625e+00
2.260232050907292067e-01 1.000000000000000000e+00
2.283612528950149378e-01 1.010348071495761557e+00
2.306098081982325965e-01 1.019738753861713976e+00
2.328583635014502828e-01 1.016933207902138925e+00
2.351968610167966822e-01 1.008078806756747436e+00
2.375353585321431094e-01 1.019755409219142761e+00
2.397839138353607957e-01 1.019738753861826996e+00
2.420329188496390949e-01 1.018422898990137826e+00
2.442819238639174217e-01 1.022794913963309904e+00
2.465304791671351081e-01 1.007525870178735738e+00
2.488689766824815075e-01 1.007138434735387555e+00
2.512076990533582133e-01 1.012034879513766583e+00
2.534562543565758719e-01 1.029121589839982587e+00
2.557052593708542543e-01 1.012585976230973683e+00
2.580444314527916005e-01 1.008078806756664836e+00
2.602929867560092592e-01 1.029336034847350367e+00
2.624513749915678984e-01 1.038291980244559820e+00
2.646097632271265376e-01 1.032393468614109633e+00
2.667683763182154832e-01 1.026869794098601574e+00
2.690169316214331974e-01 1.012229539040500503e+00
2.712659366357115243e-01 1.035606861421766389e+00
2.734254491489218064e-01 1.042150594606008118e+00
2.755840622400108075e-01 1.033412613203209984e+00
2.777424504755694468e-01 1.030140522107204637e+00
2.799008387111280860e-01 1.048699782037424866e+00
2.820594518022170871e-01 1.053356514978123659e+00
2.842185146043667010e-01 1.048262914809038548e+00
2.863775774065163149e-01 1.071693475586989353e+00
2.885364153531356224e-01 1.047462370649087537e+00
2.903352595957097715e-01 1.624687500000038476e+00
2.920441616261552076e-01 1.112674035747857948e+00
2.940228902929867827e-01 1.112674035747763357e+00
2.960018438153486642e-01 1.111309902842122055e+00
2.979803476266498774e-01 1.119852434421418463e+00
2.999590762934814525e-01 1.128834366316706861e+00
3.019384795269040023e-01 1.137981340510359596e+00
3.039174330492658282e-01 1.128235910373684758e+00
3.058963865716277097e-01 1.117977762259214192e+00
3.078748903829289785e-01 1.134309317884604207e+00
3.098531693386998853e-01 1.118231848114143778e+00
3.118321228610617668e-01 1.124645621676240825e+00
3.138110763834236483e-01 1.143797784999482703e+00
3.157904796168461425e-01 1.154126505296860561e+00
3.177694331392080240e-01 1.171007560521960311e+00
3.197477120949789864e-01 1.169363721884916218e+00
3.217266656173408679e-01 1.154650989052977472e+00
3.237056191397027494e-01 1.149355597365862236e+00
3.256845726620645753e-01 1.161318848469975018e+00
3.276630764733658441e-01 1.198809259489777679e+00
3.296418051401974192e-01 1.214385789748345212e+00
3.316212083736199134e-01 1.221329583223416337e+00
3.336001618959817949e-01 1.208268408449534537e+00
3.355791154183436764e-01 1.217995653514948984e+00
3.374681267285768449e-01 1.282631937911489661e+00
3.392669709711509940e-01 1.272850188146799288e+00
3.410658152137251431e-01 1.283854656632126723e+00
3.428646594562992922e-01 1.289968250235177027e+00
3.446639534099341096e-01 1.311321526442724483e+00
3.464632473635688714e-01 1.332763405456121264e+00
3.482620916061430205e-01 1.346213311382858713e+00
3.499707687810581502e-01 1.363030704933404502e+00
3.515895037438445114e-01 1.377596425211708331e+00
3.532082387066309281e-01 1.406517227922306823e+00
3.548269736694173448e-01 1.412919410473353565e+00
3.564463831987947917e-01 1.435217865270765447e+00
3.580655678726418212e-01 1.452721658598182808e+00
3.596847525464888506e-01 1.459658661462602813e+00
3.613039372203359356e-01 1.496208181586978547e+00
3.629231218941829651e-01 1.515329363899877491e+00
3.644523643559013371e-01 1.533462803080744008e+00
3.659811571065590408e-01 1.524322671683947084e+00
3.675103995682774127e-01 1.537088451016026536e+00
3.689494749623367098e-01 1.548751564826414961e+00
3.703881006453353386e-01 1.579329088317418028e+00
3.718271760393946357e-01 1.642514994873143452e+00
3.732664762889842947e-01 1.635386288805046773e+00
3.747062262496346219e-01 1.667447821289468335e+00
3.761457513547545872e-01 1.692465925234672319e+00
3.775843770377532160e-01 1.689408172885579873e+00
3.790234524318125686e-01 1.706687673742412814e+00
3.804627526814022276e-01 1.728618591251147585e+00
3.818118858633328117e-01 1.748487770460913193e+00
3.830708519776043763e-01 1.785807120336185161e+00
3.843300429474062474e-01 1.810723760463288423e+00
3.855896836282688422e-01 1.833423286871983304e+00
3.868488745980707133e-01 1.845217533341462435e+00
3.881078407123423335e-01 1.895214016933106205e+00
3.893672565376745109e-01 1.920729157675673759e+00
3.906268972185371058e-01 1.945174801500289208e+00
3.918865378993995896e-01 1.974858797573613156e+00
3.931457288692015162e-01 2.021701407268965855e+00
3.943147527713443679e-01 2.041940263405530143e+00
3.953940593168889239e-01 2.070470366886159930e+00
3.964735907179637309e-01 2.065533998651284620e+00
3.975526724079778695e-01 2.057920248686376130e+00
3.986317540979920082e-01 2.081830124873303767e+00
3.997112854990668152e-01 2.096962605832394022e+00
4.007905920446113712e-01 2.125492709313249851e+00
4.018701234456861227e-01 2.155162692872932606e+00
4.029492051357003168e-01 2.172135842270439099e+00
4.040287365367751238e-01 2.206287296101030471e+00
4.051087176489105435e-01 2.223310206961284674e+00
4.061880241944550440e-01 2.251840310442140947e+00
4.072675555955298510e-01 2.287568718427361869e+00
4.083466372855439896e-01 2.335300975962054881e+00
4.094257189755581838e-01 2.354790239093762949e+00
4.105052503766329908e-01 2.388377234242782254e+00
4.115845569221774913e-01 2.412831608654621540e+00
4.125739212555932234e-01 2.447882878645338156e+00
4.134733433768802979e-01 2.501682502351745718e+00
4.143727654981673725e-01 2.533473189087226629e+00
4.152721876194544470e-01 2.553036688617150052e+00
4.161716097407415216e-01 2.587272812793905530e+00
4.170710318620285961e-01 2.604390874882283047e+00
4.179704539833156707e-01 2.621508936970661008e+00
4.188703258156634135e-01 2.640876996944554911e+00
4.197701976480111563e-01 2.663081373471239299e+00
4.206696197692982309e-01 2.687535747883440074e+00
4.215690418905853054e-01 2.711990122295098171e+00
4.224684640118723800e-01 2.731553621825021594e+00
4.233678861331594545e-01 2.760898871119499720e+00
4.242673082544465291e-01 2.763344308560502505e+00
4.251667303757336036e-01 2.760898871119499720e+00
4.260661524970206782e-01 2.787798682972431941e+00
4.269655746183077527e-01 2.817143932267181405e+00
4.278649967395948273e-01 2.812253057384632715e+00
4.287644188608819018e-01 2.836707431796833490e+00
4.296638409821689764e-01 2.812253057384632715e+00
4.305632631034560509e-01 2.861161806208491587e+00
4.314626852247430699e-01 2.861161806209034264e+00
4.323621073460301445e-01 2.885616180620692361e+00
4.332619791783778873e-01 2.882733447173587038e+00
4.341618510107255746e-01 2.885616180620692361e+00
4.350612731320126492e-01 2.885616180621235038e+00
4.359606952532997237e-01 2.885616180620692361e+00
4.368601173745867983e-01 2.910070555032893136e+00
4.377595394958738728e-01 2.861161806208491587e+00
4.386589616171609474e-01 2.885616180620692361e+00
4.395583837384480219e-01 2.885616180621235038e+00
4.404578058597350965e-01 2.910070555032350015e+00
4.413572279810221710e-01 2.910070555032893136e+00
4.422566501023092456e-01 2.983433678268952338e+00
4.431560722235963201e-01 2.934524929445093910e+00
4.440554943448833947e-01 2.958979303856751564e+00
4.449549164661704692e-01 2.958979303856751564e+00
4.458543385874575438e-01 2.958979303857294685e+00
4.467537607087446183e-01 2.958979303856751564e+00
4.476531828300316929e-01 2.934524929445093910e+00
4.485530546623793802e-01 2.956023280576077550e+00
4.494538259168484040e-01 2.953073157541807880e+00
4.503541474602567596e-01 2.958979303857294685e+00
4.512535695815438341e-01 2.983433678268952338e+00
4.521529917028309087e-01 3.007888052680610436e+00
4.530524138241179832e-01 2.983433678268952338e+00
4.539518359454050578e-01 2.910070555032893136e+00
4.548512580666921323e-01 2.910070555032893136e+00
4.557506801879792069e-01 2.910070555032893136e+00
4.566501023092662814e-01 2.885616180620692361e+00
4.575495244305533560e-01 2.836707431796833490e+00
4.584489465518403750e-01 2.861161806208491587e+00
4.593483686731274496e-01 2.836707431796833490e+00
4.602477907944145796e-01 2.836707431796672285e+00
4.611472129157016542e-01 2.836707431796833490e+00
4.620466350369887287e-01 2.812253057384632715e+00
4.629460571582758033e-01 2.836707431796833490e+00
4.638454792795628778e-01 2.787798682972431941e+00
4.647449014008499524e-01 2.763344308560774287e+00
4.656443235221370269e-01 2.763344308560231166e+00
4.665437456434241015e-01 2.787798682972975062e+00
4.674431677647111760e-01 2.836707431796290368e+00
4.683425898859982506e-01 2.763344308560774287e+00
4.692420120072853251e-01 2.787798682972431941e+00
4.701414341285723997e-01 2.812253057385175836e+00
4.710408562498594742e-01 2.763344308560231166e+00
4.719402783711465488e-01 2.787798682972975062e+00
4.728397004924336233e-01 2.714435559736372294e+00
4.737391226137206979e-01 2.689981185324171520e+00
4.746385447350077724e-01 2.714435559736915415e+00
4.755379668562948470e-01 2.763344308560231166e+00
4.764373889775819215e-01 2.689981185324714641e+00
4.773368110988689961e-01 2.738889934148573069e+00
4.782362332201560706e-01 2.763344308560231166e+00
4.791356553414431452e-01 2.714435559736915415e+00
4.800350774627302197e-01 2.714435559736372294e+00
4.809344995840172943e-01 2.763344308560774287e+00
4.818339217053043688e-01 2.787798682972431941e+00
4.827333438265914434e-01 2.787798682972431941e+00
4.836327659478785179e-01 2.763344308560774287e+00
4.845321880691655925e-01 2.763344308560774287e+00
4.854316101904526670e-01 2.787798682972431941e+00
4.863310323117397416e-01 2.812253057384632715e+00
4.872304544330268161e-01 2.836707431796833490e+00
4.881298765543138352e-01 2.812253057384632715e+00
4.890292986756009097e-01 2.787798682972431941e+00
4.899287207968879843e-01 2.836707431796833490e+00
4.908281429181750588e-01 2.812253057384632715e+00
4.917275650394621334e-01 2.836707431796833490e+00
4.926269871607492079e-01 2.836707431796833490e+00
4.935264092820362825e-01 2.812253057384632715e+00
4.944258314033233570e-01 2.836707431796833490e+00
4.953252535246104316e-01 2.763344308560231166e+00
4.962246756458975061e-01 2.763344308560774287e+00
4.971240977671845807e-01 2.812253057384632715e+00
4.980235198884716552e-01 2.763344308560774287e+00
4.989229420097587298e-01 2.763344308560231166e+00
4.998223641310458043e-01 2.812253057384632715e+00
5.007217862523328789e-01 2.787798682972975062e+00
5.016212083736200089e-01 2.836707431796290368e+00
5.025206304949070280e-01 2.836707431796833490e+00
5.034200526161941580e-01 2.812253057384632715e+00
5.043194747374811771e-01 2.763344308560774287e+00
5.052188968587681961e-01 2.787798682972431941e+00
5.061183189800553262e-01 2.812253057384632715e+00
5.070177411013423452e-01 2.861161806209034264e+00
5.079171632226294752e-01 2.885616180620692361e+00
5.088165853439164943e-01 2.861161806209034264e+00
5.097160074652036243e-01 2.861161806208491587e+00
5.106154295864906434e-01 2.861161806208491587e+00
5.115148517077777734e-01 2.885616180621235038e+00
5.124142738290647925e-01 2.885616180620692361e+00
5.133136959503519225e-01 2.910070555032893136e+00
5.142131180716389416e-01 2.958979303856751564e+00
5.151125401929260716e-01 2.910070555032893136e+00
5.160119623142130907e-01 2.910070555032893136e+00
5.169113844355002207e-01 2.958979303856751564e+00
5.178108065567872398e-01 2.934524929445093910e+00
5.187102286780743698e-01 2.934524929444550789e+00
5.196096507993613889e-01 2.934524929445093910e+00
5.205090729206485189e-01 2.934524929445093910e+00
5.214084950419355380e-01 2.934524929444550789e+00
5.223101657185258428e-01 2.919925302930454603e+00
5.232118363951161477e-01 2.934524929444550789e+00
5.241112585164031668e-01 2.934524929445093910e+00
5.250106806376902968e-01 2.958979303856751564e+00
5.259101027589773159e-01 2.934524929445093910e+00
5.268095248802644459e-01 3.007888052680610436e+00
5.277089470015514650e-01 3.032342427093354331e+00
5.286083691228385950e-01 2.983433678268952338e+00
5.295077912441256140e-01 2.983433678268952338e+00
5.304072133654127441e-01 3.032342427092811210e+00
5.311245025071391623e-01 4.356577626346782139e+00
5.317540979920400979e-01 3.128944800547269089e+00
5.324758842443729767e-01 3.117932737535419552e+00
5.331954219414025697e-01 3.179068673564795056e+00
5.339149596384322738e-01 3.117932737535419552e+00
5.346322487801586920e-01 3.137542377393667703e+00
5.353517864771883961e-01 3.098566695687390293e+00
5.360735727295212749e-01 3.148500705549994283e+00
5.367931104265508679e-01 3.148500705550225209e+00
5.375126481235805720e-01 3.117932737535419552e+00
5.382321858206102760e-01 3.117932737534976795e+00
5.389517235176398691e-01 3.117932737535419552e+00
5.396712612146695731e-01 3.117932737534740983e+00
5.403907989116991661e-01 3.087364769520407393e+00
5.411103366087288702e-01 3.117932737535419552e+00
5.418298743057585742e-01 3.087364769519728380e+00
5.425494120027881673e-01 3.087364769520167140e+00
5.432689496998178713e-01 3.117932737535419552e+00
5.439884873968474643e-01 3.087364769519728380e+00
5.447080250938771684e-01 3.087364769520167140e+00
5.454275627909068724e-01 3.087364769519728380e+00
5.461471004879364655e-01 3.087364769520845709e+00
5.468666381849661695e-01 3.087364769520167140e+00
5.476761180941244200e-01 3.081251175917212759e+00
5.484855980032827816e-01 3.087364769519728380e+00
5.492051357003124856e-01 3.117932737535419552e+00
5.499246733973423007e-01 3.148500705549546641e+00
5.506442110943718937e-01 3.148500705550672851e+00
5.513637487914014867e-01 3.179068673565246694e+00
5.520832864884310798e-01 3.148500705550225209e+00
5.528028241854607838e-01 3.117932737535419552e+00
5.535223618824904879e-01 3.148500705549546641e+00
5.542418995795201919e-01 3.179068673565925263e+00
5.549614372765497849e-01 3.148500705549994283e+00
5.556809749735793780e-01 3.179068673565473624e+00
5.564005126706090820e-01 3.179068673565246694e+00
5.571200503676387861e-01 3.179068673564795056e+00
5.578395880646684901e-01 3.179068673565925263e+00
5.585591257616980831e-01 3.148500705549994283e+00
5.592786634587276762e-01 3.209636641580043470e+00
5.599982011557573802e-01 3.179068673565925263e+00
5.607177388527870843e-01 3.179068673564795056e+00
5.614372765498167883e-01 3.209636641580499106e+00
5.621568142468463813e-01 3.209636641580499106e+00
5.628763519438759744e-01 3.148500705550225209e+00
5.635958896409056784e-01 3.179068673565246694e+00
5.643154273379353825e-01 3.209636641580043470e+00
5.650349650349650865e-01 3.209636641580499106e+00
5.657545027319946795e-01 3.209636641580499106e+00
5.664740404290242726e-01 3.240204609595291441e+00
5.671935781260539766e-01 3.209636641580499106e+00
5.679131158230836807e-01 3.209636641580043470e+00
5.686326535201132737e-01 3.240204609595073393e+00
5.693521912171429777e-01 3.179068673565925263e+00
5.700717289141725708e-01 3.240204609594612872e+00
5.707912666112022748e-01 3.179068673565925263e+00
5.715108043082319789e-01 3.270772577609861287e+00
5.722303420052615719e-01 3.240204609595751961e+00
5.729498797022912759e-01 3.240204609595751961e+00
5.736694173993208690e-01 3.270772577609861287e+00
5.743889550963505730e-01 3.270772577611005261e+00
5.751084927933802771e-01 3.301340545625109701e+00
5.758280304904098701e-01 3.270772577610326248e+00
5.765475681874395741e-01 3.331908513640831515e+00
5.772671058844691672e-01 3.301340545625109701e+00
5.779866435814988712e-01 3.301340545625579104e+00
5.787061812785285753e-01 3.301340545625109701e+00
5.794257189755581683e-01 3.331908513640831515e+00
5.801452566725878723e-01 3.301340545625579104e+00
5.808647943696174654e-01 3.270772577610539855e+00
5.815843320666471694e-01 3.301340545625579104e+00
5.823038697636768735e-01 3.270772577609861287e+00
5.830234074607064665e-01 3.270772577611005261e+00
5.837429451577360595e-01 3.240204609595073393e+00
5.844624828547657636e-01 3.270772577610539855e+00
5.851820205517954676e-01 3.240204609595751961e+00
5.859015582488251717e-01 3.240204609594612872e+00
5.866210959458547647e-01 3.270772577611005261e+00
5.873406336428843577e-01 3.240204609595751961e+00
5.880601713399140618e-01 3.331908513639679104e+00
5.887797090369437658e-01 3.270772577611005261e+00
5.894992467339734699e-01 3.331908513640358116e+00
5.902187844310030629e-01 3.301340545625579104e+00
5.909383221280326559e-01 3.301340545625579104e+00
5.916578598250623600e-01 3.362476481654927518e+00
5.923773975220920640e-01 3.331908513640831515e+00
5.930969352191217681e-01 3.331908513640358116e+00
5.938164729161513611e-01 3.331908513640831515e+00
5.945360106131809541e-01 3.331908513640831515e+00
5.952555483102106582e-01 3.362476481654927518e+00
5.959750860072403622e-01 3.393044449671337226e+00
5.966968722595732411e-01 3.341591534563923993e+00
5.974186585119061199e-01 3.393044449670658658e+00
5.981381962089357129e-01 3.393044449671337226e+00
5.988577339059654170e-01 3.331908513640358116e+00
5.995750230476918352e-01 3.414384351869826695e+00
6.002945607447215393e-01 3.341591534563923993e+00
6.010163469970544181e-01 3.362476481656084371e+00
6.017358846940840111e-01 3.393044449670658658e+00
6.024554223911137152e-01 3.393044449670175933e+00
6.031727115328400224e-01 3.383624132484092328e+00
6.038922492298698375e-01 3.341591534563923993e+00
6.046140354822027163e-01 3.423612417685911069e+00
6.053335731792323093e-01 3.454180385701163924e+00
6.060531108762620134e-01 3.423612417685424347e+00
6.067704000179883206e-01 3.537425229414814520e+00
6.074899377150181357e-01 3.432725849143547503e+00
6.082117239673510145e-01 3.423612417685911069e+00
6.089312616643806075e-01 3.454180385700484912e+00
6.096507993614103116e-01 3.484748353715921620e+00
6.103680885031366188e-01 3.506665010028396701e+00
6.110876262001664339e-01 3.493482058862621198e+00
6.118094124524993127e-01 3.515316321730991067e+00
6.125289501495289057e-01 3.515316321730991067e+00
6.132484878465586098e-01 3.545884289745739881e+00
6.139680255435882028e-01 3.545884289746243478e+00
6.146875632406177958e-01 3.545884289745739881e+00
6.154071009376476109e-01 3.576452257760817321e+00
6.161266386346772039e-01 3.545884289746243478e+00
6.168461763317069080e-01 3.545884289745739881e+00
6.175657140287365010e-01 3.576452257760817321e+00
6.182852517257660940e-01 3.607020225775557698e+00
6.190047894227957981e-01 3.576452257761495890e+00
6.197243271198255021e-01 3.576452257760817321e+00
6.204438648168552062e-01 3.576452257760988296e+00
6.211634025138847992e-01 3.607020225776070621e+00
6.218829402109143922e-01 3.576452257760309283e+00
6.226024779079440963e-01 3.607020225776749189e+00
6.233220156049738003e-01 3.607020225776070621e+00
6.240415533020035044e-01 3.637588193790806113e+00
6.247610909990330974e-01 3.637588193791323032e+00
6.254806286960626904e-01 3.668156161805375959e+00
6.262001663930923945e-01 3.637588193791323032e+00
6.269197040901220985e-01 3.637588193791323032e+00
6.276392417871518026e-01 3.668156161806054527e+00
6.283587794841813956e-01 3.698724129821149731e+00
6.290783171812109886e-01 3.698724129820623929e+00
6.297978548782406927e-01 3.698724129821149731e+00
6.305173925752703967e-01 3.729292097836402586e+00
6.312369302723001008e-01 3.729292097835872344e+00
6.319564679693296938e-01 3.729292097836402586e+00
6.326760056663592868e-01 3.759860065851120758e+00
6.333955433633889909e-01 3.729292097836402586e+00
6.341150810604185839e-01 3.698724129821149731e+00
6.348346187574483990e-01 3.698724129821302942e+00
6.355541564544779920e-01 3.698724129821149731e+00
6.362736941515075850e-01 3.668156161806054527e+00
6.369932318485372891e-01 3.729292097836402586e+00
6.377127695455668821e-01 3.729292097836402586e+00
6.384323072425966972e-01 3.729292097835872344e+00
6.391518449396262902e-01 3.759860065850976429e+00
6.398713826366558832e-01 3.729292097835872344e+00
6.405909203336855873e-01 3.729292097836402586e+00
6.413104580307151803e-01 3.759860065851655442e+00
6.420299957277448843e-01 3.759860065851120758e+00
6.427495334247745884e-01 3.759860065851655442e+00
6.434690711218041814e-01 3.698724129820623929e+00
6.441886088188338855e-01 3.729292097836402586e+00
6.449081465158634785e-01 3.729292097836402586e+00
6.456276842128931825e-01 3.698724129820623929e+00
6.463472219099228866e-01 3.790428033866907853e+00
6.470667596069524796e-01 3.790428033865691049e+00
6.477862973039821837e-01 3.820996001881482584e+00
6.485058350010117767e-01 3.851563969896734996e+00
6.492253726980414807e-01 3.851563969896187878e+00
6.499449103950711848e-01 3.851563969896734996e+00
6.506644480921007778e-01 3.851563969895508865e+00
6.513839857891304819e-01 3.851563969896734996e+00
6.521035234861600749e-01 3.820996001881482584e+00
6.528230611831897789e-01 3.820996001880939463e+00
6.535425988802194830e-01 3.759860065851655442e+00
6.542621365772490760e-01 3.790428033866369617e+00
6.549816742742787801e-01 3.759860065850976429e+00
6.557012119713083731e-01 3.759860065851655442e+00
6.564207496683380771e-01 3.759860065851120758e+00
6.571402873653676702e-01 3.729292097836402586e+00
6.578598250623973742e-01 3.729292097835872344e+00
6.585793627594270783e-01 3.759860065850976429e+00
6.592989004564566713e-01 3.790428033866907853e+00
6.600184381534863753e-01 3.820996001880939463e+00
6.607379758505159684e-01 3.759860065851655442e+00
6.614575135475456724e-01 3.790428033865691049e+00
6.621770512445753765e-01 3.790428033866907853e+00
6.628965889416049695e-01 3.790428033866229285e+00
6.636161266386346735e-01 3.820996001880939463e+00
6.643356643356642666e-01 3.790428033866229285e+00
6.650552020326939706e-01 3.790428033866369617e+00
6.657747397297236747e-01 3.790428033866229285e+00
6.664942774267532677e-01 3.790428033866907853e+00
6.672138151237829717e-01 3.851563969896187878e+00
6.679333528208125648e-01 3.820996001881482584e+00
6.686528905178422688e-01 3.882131937910757280e+00
6.693724282148719729e-01 3.851563969896734996e+00
6.700942144672047407e-01 3.858019317179635532e+00
6.708137521642344447e-01 3.875787642662123389e+00
6.715332898612641488e-01 3.827641212319757180e+00
6.722550761135970276e-01 3.820996001880939463e+00
6.729746138106266207e-01 3.851563969896734996e+00
6.736941515076563247e-01 3.820996001881482584e+00
6.744114406493827429e-01 3.845027423276392575e+00
6.751309783464124470e-01 3.827641212319757180e+00
6.758527645987453258e-01 3.882131937911436292e+00
6.765723022957749189e-01 3.851563969896734996e+00
6.772918399928046229e-01 3.912699905926561694e+00
6.780091291345310411e-01 3.937308081434949258e+00
6.787286668315607452e-01 3.858019317179635532e+00
6.794504530838936240e-01 3.912699905926005695e+00
6.801699907809232171e-01 3.943267873941814550e+00
6.807973377105209778e-01 4.931974671335153992e+00
6.813369909832932558e-01 4.042045357362415992e+00
6.819688350234973662e-01 4.096107714016721246e+00
6.825961819530951269e-01 4.109978892780207005e+00
6.832257774379960624e-01 4.070666051196762503e+00
6.839475636903289413e-01 4.034971777986320340e+00
6.846671013873586453e-01 4.034971777986894104e+00
6.853866390843882384e-01 4.004403809972320261e+00
6.861061767814178314e-01 4.004403809971072370e+00
6.868257144784475354e-01 3.973835841957067405e+00
6.875452521754772395e-01 3.943267873941254109e+00
6.882647898725069435e-01 3.943267873941814550e+00
6.889843275695365366e-01 3.943267873941814550e+00
6.897038652665661296e-01 3.912699905926005695e+00
6.904234029635958336e-01 3.882131937911308839e+00
6.911429406606255377e-01 3.882131937911436292e+00
6.918624783576552417e-01 3.820996001881482584e+00
6.925820160546848347e-01 3.882131937911308839e+00
6.933015537517144278e-01 3.820996001881618032e+00
6.940210914487441318e-01 3.882131937911308839e+00
6.947406291457738359e-01 3.851563969896187878e+00
6.954601668428035399e-01 3.882131937911308839e+00
6.961797045398331329e-01 3.882131937911987851e+00
6.968992422368627260e-01 3.882131937911436292e+00
6.976187799338924300e-01 3.851563969896056427e+00
6.983383176309221341e-01 3.882131937911436292e+00
6.990578553279517271e-01 3.912699905926561694e+00
6.997773930249814311e-01 3.882131937911987851e+00
7.004969307220110242e-01 3.882131937910757280e+00
7.012164684190407282e-01 3.882131937911987851e+00
7.019360061160704323e-01 3.882131937910757280e+00
7.026555438131000253e-01 3.790428033866907853e+00
7.033750815101297293e-01 3.790428033866229285e+00
7.040946192071593224e-01 3.851563969896187878e+00
7.048141569041890264e-01 3.790428033866229285e+00
7.055336946012187305e-01 3.790428033866369617e+00
7.062532322982483235e-01 3.759860065850976429e+00
7.069727699952780275e-01 3.790428033866907853e+00
7.076923076923076206e-01 3.790428033865691049e+00
7.084118453893373246e-01 3.759860065851655442e+00
7.091313830863670287e-01 3.759860065851120758e+00
7.098509207833966217e-01 3.790428033866229285e+00
7.105704584804263257e-01 3.820996001881482584e+00
7.112899961774559188e-01 3.729292097835872344e+00
7.120095338744856228e-01 3.729292097836402586e+00
7.127290715715153269e-01 3.759860065851120758e+00
7.134486092685449199e-01 3.820996001881482584e+00
7.141681469655745129e-01 3.820996001881482584e+00
7.148876846626042170e-01 3.820996001880939463e+00
7.156072223596339210e-01 3.882131937911987851e+00
7.163267600566636251e-01 3.851563969896187878e+00
7.170462977536932181e-01 3.882131937911308839e+00
7.177658354507228111e-01 3.851563969896734996e+00
7.184853731477525152e-01 3.851563969896187878e+00
7.192049108447822192e-01 3.790428033866229285e+00
7.199244485418119233e-01 3.820996001880939463e+00
7.206439862388415163e-01 3.820996001881482584e+00
7.213635239358711093e-01 3.820996001882161153e+00
7.220830616329008134e-01 3.820996001880939463e+00
7.228025993299305174e-01 3.820996001881482584e+00
7.235221370269602215e-01 3.790428033865691049e+00
7.242416747239898145e-01 3.820996001881482584e+00
7.249612124210194075e-01 3.790428033866907853e+00
7.256807501180491116e-01 3.790428033865691049e+00
7.264002878150788156e-01 3.790428033866907853e+00
7.271198255121085197e-01 3.790428033865691049e+00
7.278393632091381127e-01 3.759860065851655442e+00
7.285589009061677057e-01 3.729292097836402586e+00
7.292784386031972987e-01 3.790428033865691049e+00
7.299979763002271138e-01 3.790428033866907853e+00
7.307175139972568179e-01 3.820996001880939463e+00
7.314370516942864109e-01 3.790428033866229285e+00
7.321565893913160039e-01 3.820996001881482584e+00
7.328761270883455969e-01 3.820996001880939463e+00
7.335956647853754120e-01 3.820996001881482584e+00
7.343152024824051161e-01 3.851563969896187878e+00
7.350347401794347091e-01 3.882131937911987851e+00
7.357542778764643021e-01 3.882131937911308839e+00
7.364738155734938951e-01 3.882131937911436292e+00
7.371933532705235992e-01 3.882131937911308839e+00
7.379128909675534143e-01 3.882131937911436292e+00
7.386324286645830073e-01 3.912699905926561694e+00
7.393519663616126003e-01 3.882131937911987851e+00
7.400715040586421933e-01 3.882131937910757280e+00
7.407910417556718974e-01 3.882131937911987851e+00
7.415105794527017125e-01 3.882131937910757280e+00
7.422301171497313055e-01 3.882131937911987851e+00
7.429496548467608985e-01 3.882131937911308839e+00
7.436714410990937774e-01 3.858019317179090635e+00
7.443932273514266562e-01 3.882131937911308839e+00
7.451127650484562492e-01 3.851563969896187878e+00
7.458323027454859533e-01 3.882131937911987851e+00
7.465518404425156573e-01 3.820996001881482584e+00
7.472713781395453614e-01 3.851563969896187878e+00
7.479909158365749544e-01 3.882131937911308839e+00
7.487104535336045474e-01 3.820996001880939463e+00
7.494299912306342515e-01 3.882131937911987851e+00
7.501495289276639555e-01 3.851563969896734996e+00
7.508690666246936596e-01 3.851563969896187878e+00
7.515886043217232526e-01 3.851563969896056427e+00
7.523081420187528456e-01 3.820996001881618032e+00
7.530276797157825497e-01 3.790428033866229285e+00
7.537472174128122537e-01 3.759860065851655442e+00
7.544667551098419578e-01 3.790428033865691049e+00
7.551862928068715508e-01 3.729292097836402586e+00
7.559058305039011438e-01 3.729292097835872344e+00
7.566253682009308479e-01 3.759860065851655442e+00
7.573449058979605519e-01 3.698724129821149731e+00
7.580644435949902560e-01 3.698724129820623929e+00
7.587839812920198490e-01 3.668156161806575888e+00
7.595035189890494420e-01 3.668156161806054527e+00
7.602230566860791461e-01 3.668156161805896875e+00
7.609425943831087391e-01 3.698724129821149731e+00
7.616621320801385542e-01 3.637588193790806113e+00
7.623816697771681472e-01 3.668156161806575888e+00
7.631012074741977402e-01 3.698724129820623929e+00
7.638207451712274443e-01 3.698724129821828299e+00
7.645402828682570373e-01 3.668156161805896875e+00
7.652598205652868524e-01 3.698724129820623929e+00
7.659793582623164454e-01 3.698724129821828299e+00
7.666988959593460384e-01 3.668156161805375959e+00
7.674184336563757425e-01 3.668156161806575888e+00
7.681379713534053355e-01 3.698724129821149731e+00
7.688575090504351506e-01 3.759860065851120758e+00
7.695770467474647436e-01 3.698724129821149731e+00
7.702965844444943366e-01 3.698724129821302942e+00
7.710161221415240407e-01 3.668156161805896875e+00
7.717356598385536337e-01 3.637588193791323032e+00
7.724551975355833378e-01 3.668156161806054527e+00
7.731747352326130418e-01 3.637588193791323032e+00
7.738942729296426348e-01 3.637588193790127544e+00
7.746138106266723389e-01 3.668156161806575888e+00
7.753333483237019319e-01 3.698724129821149731e+00
7.760528860207316360e-01 3.607020225775557698e+00
7.767724237177613400e-01 3.668156161806575888e+00
7.774919614147909330e-01 3.607020225775557698e+00
7.782114991118206371e-01 3.637588193791323032e+00
7.789310368088502301e-01 3.637588193791323032e+00
7.796505745058799342e-01 3.607020225775557698e+00
7.803701122029096382e-01 3.607020225776070621e+00
7.810896498999392312e-01 3.668156161806054527e+00
7.818091875969689353e-01 3.637588193791323032e+00
7.825287252939985283e-01 3.698724129821149731e+00
7.832482629910282323e-01 3.698724129821302942e+00
7.839678006880579364e-01 3.698724129821149731e+00
7.846873383850875294e-01 3.668156161805375959e+00
7.854068760821172335e-01 3.668156161806575888e+00
7.861264137791468265e-01 3.698724129821149731e+00
7.868459514761765305e-01 3.729292097835872344e+00
7.875654891732061236e-01 3.698724129821828299e+00
7.882850268702358276e-01 3.698724129820623929e+00
7.890045645672655317e-01 3.668156161805896875e+00
7.897241022642951247e-01 3.668156161806575888e+00
7.904436399613248287e-01 3.668156161806054527e+00
7.911631776583544218e-01 3.668156161805896875e+00
7.918827153553841258e-01 3.729292097835872344e+00
7.926022530524138299e-01 3.668156161806575888e+00
7.933217907494434229e-01 3.607020225776070621e+00
7.940413284464731269e-01 3.637588193790806113e+00
7.947608661435027200e-01 3.607020225776070621e+00
7.954804038405324240e-01 3.576452257760988296e+00
7.961999415375621281e-01 3.607020225776070621e+00
7.969194792345917211e-01 3.576452257760817321e+00
7.976390169316214251e-01 3.607020225775557698e+00
7.983585546286510182e-01 3.607020225776749189e+00
7.990780923256807222e-01 3.607020225775557698e+00
7.997976300227104263e-01 3.637588193791323032e+00
8.005171677197400193e-01 3.668156161805896875e+00
8.012367054167697233e-01 3.668156161806054527e+00
8.019562431137993164e-01 3.668156161806575888e+00
8.026757808108289094e-01 3.698724129820623929e+00
8.033953185078587245e-01 3.637588193791323032e+00
8.041148562048883175e-01 3.668156161805896875e+00
8.048343939019180215e-01 3.637588193790806113e+00
8.055561801542509004e-01 3.584616373442076398e+00
8.062757178512804934e-01 3.660466106959278765e+00
8.069930069930070227e-01 3.668156161806575888e+00
8.077125446900366157e-01 3.637588193791323032e+00
8.084320823870663197e-01 3.668156161805375959e+00
8.091538686393991986e-01 3.645372583161833990e+00
8.098734063364287916e-01 3.660466106959278765e+00
8.105906954781552098e-01 3.637588193791323032e+00
8.113102331751849139e-01 3.607020225776070621e+00
8.120297708722146179e-01 3.607020225775557698e+00
8.127515571245474968e-01 3.584616373442076398e+00
8.134710948215770898e-01 3.598945668187135460e+00
8.141883839633035080e-01 3.576452257760817321e+00
8.149079216603332121e-01 3.576452257761495890e+00
8.156274593573629161e-01 3.576452257760309283e+00
8.163492456096957950e-01 3.584616373442076398e+00
8.170710318620286738e-01 3.576452257760988296e+00
8.177905695590582669e-01 3.576452257760817321e+00
8.185101072560878599e-01 3.607020225776236266e+00
8.192273963978145002e-01 3.998828520207665438e+00
8.199469340948440932e-01 3.645372583161833990e+00
8.206687203471769720e-01 3.698724129820623929e+00
8.213882580442065651e-01 3.698724129821149731e+00
8.221077957412361581e-01 3.668156161806054527e+00
8.228250848829627984e-01 3.721986545731954976e+00
8.235446225799923914e-01 3.645372583161833990e+00
8.242664088323252702e-01 3.607020225775557698e+00
8.249859465293548633e-01 3.607020225776070621e+00
8.257054842263844563e-01 3.576452257760988296e+00
8.264227733681109855e-01 3.568185448800548887e+00
8.271423110651406896e-01 3.554238268582872173e+00
8.278640973174735684e-01 3.607020225775557698e+00
8.285836350145031615e-01 3.637588193791323032e+00
8.293031727115327545e-01 3.607020225775557698e+00
8.300204618532592837e-01 3.629705887573384970e+00
8.307399995502889878e-01 3.554238268582872173e+00
8.314617858026218666e-01 3.576452257760309283e+00
8.321813234996514597e-01 3.576452257761495890e+00
8.329008611966810527e-01 3.545884289745739881e+00
8.336203988937107567e-01 3.576452257760817321e+00
8.343399365907403498e-01 3.545884289746243478e+00
8.350594742877701648e-01 3.545884289745739881e+00
8.357790119847997579e-01 3.576452257760817321e+00
8.364985496818293509e-01 3.607020225775557698e+00
8.372180873788590549e-01 3.607020225776749189e+00
8.379376250758886480e-01 3.637588193790644464e+00
8.386571627729184630e-01 3.668156161806054527e+00
8.393767004699480561e-01 3.668156161806575888e+00
8.400962381669776491e-01 3.668156161805375959e+00
8.408157758640073531e-01 3.668156161806575888e+00
8.415353135610369462e-01 3.637588193791323032e+00
8.422548512580667612e-01 3.637588193790806113e+00
8.429743889550963543e-01 3.637588193790644464e+00
8.436939266521259473e-01 3.545884289745739881e+00
8.444134643491556513e-01 3.607020225776070621e+00
8.451330020461852444e-01 3.607020225776749189e+00
8.458525397432149484e-01 3.607020225775557698e+00
8.465720774402446525e-01 3.576452257760817321e+00
8.472916151372742455e-01 3.607020225775557698e+00
8.480111528343039495e-01 3.668156161806575888e+00
8.487306905313335426e-01 3.637588193791323032e+00
8.494502282283632466e-01 3.668156161806054527e+00
8.501697659253929507e-01 3.637588193790644464e+00
8.508893036224225437e-01 3.668156161806054527e+00
8.516088413194522477e-01 3.607020225776070621e+00
8.523283790164818408e-01 3.637588193791323032e+00
8.530479167135115448e-01 3.668156161806054527e+00
8.537674544105412489e-01 3.607020225776070621e+00
8.544869921075708419e-01 3.637588193790806113e+00
8.552065298046005459e-01 3.668156161805896875e+00
8.559260675016301390e-01 3.607020225776749189e+00
8.566456051986598430e-01 3.698724129820623929e+00
8.573651428956895471e-01 3.668156161805896875e+00
8.580846805927191401e-01 3.729292097835872344e+00
8.588042182897488441e-01 3.790428033866907853e+00
8.595237559867784372e-01 3.790428033866229285e+00
8.602432936838081412e-01 3.759860065851120758e+00
8.609628313808377342e-01 3.698724129821149731e+00
8.616823690778674383e-01 3.729292097835872344e+00
8.624019067748971423e-01 3.729292097836402586e+00
8.631214444719267354e-01 3.668156161806575888e+00
8.638409821689564394e-01 3.698724129820623929e+00
8.645605198659860324e-01 3.637588193791323032e+00
8.652800575630157365e-01 3.637588193790806113e+00
8.659995952600454405e-01 3.668156161806575888e+00
8.667191329570750336e-01 3.668156161805896875e+00
8.674386706541047376e-01 3.729292097835872344e+00
8.681582083511343306e-01 3.790428033866907853e+00
8.688777460481640347e-01 3.790428033865691049e+00
8.695972837451937387e-01 3.820996001881482584e+00
8.703168214422233318e-01 3.851563969896734996e+00
8.710363591392530358e-01 3.851563969896187878e+00
8.717558968362826288e-01 3.820996001881482584e+00
8.724754345333123329e-01 3.851563969896187878e+00
8.731949722303420369e-01 3.790428033866229285e+00
8.739145099273716299e-01 3.790428033866907853e+00
8.746340476244013340e-01 3.790428033865691049e+00
8.753535853214309270e-01 3.851563969896734996e+00
8.760731230184605201e-01 3.820996001880939463e+00
8.767949092707935099e-01 3.858019317178960961e+00
8.775144469678231030e-01 3.937308081436195373e+00
8.782317361095496322e-01 3.943267873941254109e+00
8.789512738065792252e-01 3.973835841956388393e+00
8.796708115036088182e-01 4.004403809971750938e+00
8.803925977559416971e-01 3.949153631757922778e+00
8.811121354529714012e-01 4.029588739594765379e+00
8.818294245946979304e-01 4.004403809971072370e+00
8.825489622917275234e-01 3.973835841957067405e+00
8.832684999887571164e-01 3.943267873941254109e+00
8.839902862410899953e-01 3.949153631757922778e+00
8.847098239381196993e-01 3.968068300821930627e+00
8.853371708677173491e-01 4.075729068673737743e+00
8.859667663526183956e-01 4.004403809971072370e+00
8.866885526049512745e-01 4.009909841477679926e+00
8.874080903019808675e-01 3.998828520208348447e+00
8.881253794437073967e-01 4.065539746000890631e+00
8.887549749286084433e-01 4.116486359360737701e+00
8.892946282013806103e-01 4.116486359360612468e+00
8.898342814741527773e-01 4.157243650046832606e+00
8.903761833022282302e-01 4.163306718082274926e+00
8.909180851303037940e-01 4.198000940733832564e+00
8.914554898477727862e-01 4.192178470635427701e+00
8.919951431205450643e-01 4.244147625230841214e+00
8.925370449486205171e-01 4.157243650046832606e+00
8.930766982213926841e-01 4.238758231419926581e+00
8.936163514941650732e-01 4.238758231419926581e+00
8.941537562116340654e-01 4.233278259563494572e+00
8.946934094844063434e-01 4.203727171656948869e+00
8.952353113124816852e-01 4.238758231420832523e+00
8.957749645852538523e-01 4.198000940732927511e+00
8.963146178580262413e-01 4.198000940733832564e+00
8.968520225754952335e-01 4.233278259562581525e+00
8.973916758482675116e-01 4.203727171657845929e+00
8.979335776763429644e-01 4.198000940732927511e+00
8.984732309491151314e-01 4.238758231420832523e+00
8.990128842218875205e-01 4.279515522106926539e+00
8.995502889393565127e-01 4.315477837418716156e+00
9.000899422121286797e-01 4.244147625230841214e+00
9.006318440402041325e-01 4.279515522106926539e+00
9.011714973129762996e-01 4.238758231419926581e+00
9.017111505857486886e-01 4.320272812793927386e+00
9.022485553032176808e-01 4.397677415273936852e+00
9.027882085759899589e-01 4.365408985951619414e+00
9.033301104040654117e-01 4.361030103480926456e+00
9.038697636768375787e-01 4.442544684854021320e+00
9.044094169496098568e-01 4.442544684854021320e+00
9.049468216670788490e-01 4.562076570985291291e+00
9.054864749398511270e-01 4.527090800246289959e+00
9.060283767679265798e-01 4.646331138287210116e+00
9.065680300406987469e-01 4.646331138287210116e+00
9.071076833134711359e-01 4.727845719661210033e+00
9.076473365862433029e-01 4.850117591721304855e+00
9.081869898590155810e-01 4.809360301035216168e+00
9.087266431317878590e-01 4.850117591721304855e+00
9.092662964045600260e-01 5.053904045155398705e+00
9.098059496773323040e-01 5.013146754467494581e+00
9.103456029501044711e-01 5.013146754468398747e+00
9.108852562228767491e-01 4.972389463782342034e+00
9.114249094956490271e-01 4.890874882408304813e+00
9.119645627684211941e-01 4.890874882407398871e+00
9.125042160411935832e-01 4.972389463781398788e+00
9.130438693139657502e-01 4.931632173095303884e+00
9.135835225867380283e-01 5.013146754468444044e+00
9.141231758595103063e-01 5.053904045155398705e+00
9.146628291322823623e-01 5.013146754467494581e+00
9.152024824050547513e-01 5.135418626528493569e+00
9.157421356778269184e-01 5.135418626528493569e+00
9.162817889505991964e-01 5.176175917216473188e+00
9.168214422233714744e-01 5.216933207901588432e+00
9.173610954961436414e-01 5.298447789274683295e+00
9.179007487689160305e-01 5.257690498588587502e+00
9.184404020416881975e-01 5.257690498588587502e+00
9.189800553144604756e-01 5.298447789276591990e+00
9.195197085872326426e-01 5.298447789275587461e+00
9.200593618600048096e-01 5.339205079961682365e+00
9.205990151327771986e-01 5.298447789275587461e+00
9.211386684055493657e-01 5.298447789275686048e+00
9.216783216783215327e-01 5.257690498587591854e+00
9.222179749510939217e-01 5.379962370649701953e+00
9.227576282238660887e-01 5.461476952023716969e+00
9.232972814966384778e-01 5.542991533394726389e+00
9.238369347694106448e-01 5.624506114769936893e+00
9.243765880421828118e-01 5.583748824080813300e+00
9.249162413149550899e-01 5.502234242710724033e+00
9.254558945877272569e-01 5.502234242709818979e+00
9.259955478604996459e-01 5.502234242707734424e+00
9.265329525779685271e-01 5.589571294180570860e+00
9.270726058507409162e-01 5.456761232438499754e+00
9.276145076788163690e-01 5.624506114769936893e+00
9.281541609515885360e-01 5.624506114770842835e+00
9.286915656690576393e-01 5.795070238819078234e+00
9.292289703865265205e-01 5.787535277514868959e+00
9.297686236592989095e-01 5.869049858891077776e+00
9.303082769320711876e-01 5.869049858887947835e+00
9.308501787601466404e-01 5.860965768176853885e+00
9.313898320329188074e-01 5.959469394531346609e+00
9.319272367503876886e-01 5.869049858887947835e+00
9.324668900231600777e-01 5.869049858891077776e+00
9.330065432959324667e-01 5.869049858887947835e+00
9.335461965687046337e-01 5.950564440264187738e+00
9.340858498414768007e-01 5.909807149577179786e+00
9.346255031142489678e-01 5.991321730948924618e+00
9.351651563870213568e-01 6.032079021637296812e+00
9.357048096597936349e-01 6.072836312322003494e+00
9.361545207204372554e-01 6.113593603012923872e+00
9.366042317810807649e-01 6.113593603008090405e+00
9.370539428417242744e-01 6.174729539043446458e+00
9.375036539023677840e-01 6.072836312322003494e+00
9.379533649630114045e-01 6.174729539042089321e+00
9.384030760236549140e-01 6.072836312322003494e+00
9.389427292964270810e-01 6.154350893697415614e+00
9.393924403570705906e-01 6.174729539039936377e+00
9.397522092055855536e-01 6.358137347132300832e+00
9.401119780541001836e-01 6.541545155218793539e+00
9.404717469026149246e-01 6.480409219193346004e+00
9.408315157511297766e-01 6.541545155220150676e+00
9.411912845996447397e-01 6.541545155218793539e+00
9.415510534481597027e-01 6.663817027283557515e+00
9.419108222966743327e-01 6.602681091249280598e+00
9.422705911451890737e-01 6.724952963312722964e+00
9.426303599937039257e-01 6.602681091250638623e+00
9.429901288422188887e-01 6.602681091249280598e+00
9.433498976907337408e-01 6.663817027283557515e+00
9.437096665392484818e-01 6.602681091249280598e+00
9.440694353877632228e-01 6.663817027283557515e+00
9.444269556809749000e-01 6.748169141549604788e+00
9.447867245294897520e-01 6.581547681262215121e+00
9.451487419333078899e-01 6.786088899343245551e+00
9.455085107818226309e-01 6.847224835369876139e+00
9.458682796303373719e-01 6.786088899344602687e+00
9.462257999235490491e-01 6.933898567465061724e+00
9.465855687720639011e-01 6.702310024037114289e+00
9.469475861758820390e-01 6.908360771404291611e+00
9.473051064690934941e-01 7.057718184740658707e+00
9.476626267623051714e-01 6.969496707429495785e+00
9.480223956108199124e-01 6.969496707434814198e+00
9.483821644593347644e-01 6.969496707429495785e+00
9.487441818631530133e-01 6.943834709592152876e+00
9.491039507116676432e-01 7.181537802017631478e+00
9.494614710048793205e-01 7.091768579490471680e+00
9.498212398533940615e-01 7.152904515523667683e+00
9.501810087019089135e-01 7.214040451550089550e+00
9.505407775504238765e-01 7.214040451550089550e+00
9.509005463989387286e-01 7.458584195674925255e+00
9.512603152474534696e-01 7.458584195670685091e+00
9.516200840959682106e-01 7.580856067735971315e+00
9.519798529444830626e-01 7.641992003760792684e+00
9.523396217929980256e-01 7.764263875821768579e+00
9.526993906415128777e-01 7.764263875824824801e+00
9.530591594900276187e-01 7.764263875821768579e+00
9.534189283385423597e-01 7.703127939794301327e+00
9.537786971870572117e-01 7.764263875821768579e+00
9.541384660355721747e-01 7.703127939791279744e+00
9.544982348840870268e-01 7.764263875824824801e+00
9.548580037326017678e-01 7.764263875821768579e+00
9.552177725811165088e-01 7.886535747885869974e+00
9.555775414296313608e-01 7.886535747881387337e+00
9.559373102781463238e-01 8.008807619941006095e+00
9.562970791266611759e-01 8.131079492006604070e+00
9.566568479751759169e-01 8.131079492001983766e+00
9.570166168236906579e-01 8.253351364066292106e+00
9.573763856722055099e-01 8.314487300092089583e+00
9.577361545207204729e-01 8.375623236121219506e+00
9.580959233692353250e-01 8.497895108187027091e+00
9.584556922177500660e-01 8.497895108182197177e+00
9.588154610662648070e-01 8.559031044217551454e+00
9.591752299147796590e-01 8.681302916272302994e+00
9.595349987632946220e-01 8.742438852302791830e+00
9.598947676118094741e-01 8.803574788336925749e+00
9.602545364603242151e-01 8.864710724363767724e+00
9.606143053088389561e-01 8.925846660396613785e+00
9.609740741573538081e-01 8.986982596423386482e+00
9.613338430058687711e-01 9.048118532452518181e+00
9.616936118543836232e-01 8.986982596428495285e+00
9.620533807028983642e-01 9.048118532452518181e+00
9.624131495514129941e-01 8.986982596428495285e+00
9.627729183999279572e-01 9.109254468483005240e+00
9.631326872484429202e-01 9.231526340543982911e+00
9.634924560969577723e-01 9.292662276578393943e+00
9.638522249454725133e-01 9.414934148632731592e+00
9.642119937939871432e-01 9.598341956729651514e+00
9.645717626425021063e-01 9.720613828783815080e+00
9.649315314910170693e-01 9.842885700844790975e+00
9.652890517842286355e-01 9.967479190730252014e+00
9.656465720774403128e-01 9.842885700850386499e+00
9.660063409259550538e-01 9.904021636873920897e+00
9.663661097744699058e-01 9.965157572904409733e+00
9.667258786229846468e-01 1.014856538100028693e+01
9.670856474714994988e-01 1.020970131702364903e+01
9.674454163200144619e-01 1.033197318909185292e+01
9.678051851685292029e-01 1.045424506114424190e+01
9.681649540170440549e-01 1.057651693320521780e+01
9.685247228655587959e-01 1.063765286924175335e+01
9.688844917140736479e-01 1.057651693320521780e+01
9.692442605625886110e-01 1.075992474130144139e+01
9.696040294111033520e-01 1.088219661335494415e+01
9.699637982596182040e-01 1.100446848541592004e+01
9.703235671081329450e-01 1.124901222954291136e+01
9.706833359566477970e-01 1.137128410159613523e+01
9.710431048051627601e-01 1.155469190969281001e+01
9.714028736536775011e-01 1.179923565380683748e+01
9.717626425021923531e-01 1.192150752586781337e+01
9.721224113507070941e-01 1.204377939793427998e+01
9.724821801992219461e-01 1.210491533395656205e+01
9.728419490477369092e-01 1.222718720602448883e+01
9.731117756841227706e-01 1.234945907807715848e+01
9.732916601083804187e-01 1.234945907807987275e+01
9.734715445326376226e-01 1.247173095013542010e+01
9.736514289568953817e-01 1.259400282219911027e+01
9.738313133811525857e-01 1.259400282221342771e+01
9.740111978054097897e-01 1.271627469425737189e+01
9.741910822296675487e-01 1.283854656631834956e+01
9.743709666539247527e-01 1.271627469425737189e+01
9.745508510781824008e-01 1.283854656631834956e+01
9.747307355024396047e-01 1.283854656633294411e+01
9.749106199266969197e-01 1.308309031044030135e+01
9.750905043509545678e-01 1.296081843837932546e+01
9.752703887752117717e-01 1.296081843837661118e+01
9.754502731994695308e-01 1.332763405455953887e+01
9.756301576237267348e-01 1.332763405457469119e+01
9.758100420479839388e-01 1.344990592661780049e+01
9.759899264722416978e-01 1.369444967073975228e+01
9.761698108964989018e-01 1.381672154280072995e+01
9.763496953207565499e-01 1.381672154280072995e+01
9.765295797450137538e-01 1.418353715899706913e+01
9.767094641692710688e-01 1.418353715897822909e+01
9.768893485935287169e-01 1.418353715898094336e+01
9.770692330177859208e-01 1.430580903104191748e+01
9.772491174420436799e-01 1.442808090310017910e+01
9.774290018663008839e-01 1.467262464723609838e+01
9.776088862905580879e-01 1.467262464721941839e+01
9.777887707148157359e-01 1.467262464722484872e+01
9.779686551390730509e-01 1.479489651928039429e+01
9.781485395633306990e-01 1.503944026340234785e+01
9.783284239875879029e-01 1.503944026341944529e+01
9.785083084118452179e-01 1.540625587957984521e+01
9.786881928361028660e-01 1.540625587957984521e+01
9.788680772603600699e-01 1.552852775164625143e+01
9.790479616846177180e-01 1.565079962370179878e+01
9.792278461088750330e-01 1.577307149578070700e+01
9.794077305331322369e-01 1.589534336782375057e+01
9.795876149573898850e-01 1.601761523987929792e+01
9.797674993816472000e-01 1.613988711194570413e+01
9.799473838059048481e-01 1.626215898400124971e+01
9.801272682301620520e-01 1.650670272814197048e+01
9.803071526544193670e-01 1.662897460018417917e+01
9.804847885233737292e-01 1.743157970910412402e+01
9.806646729476310442e-01 1.681983801021906899e+01
9.808468059271918671e-01 1.748487770460558366e+01
9.810266903514491821e-01 1.785169332080337767e+01
9.812065747757063860e-01 1.809623706490503636e+01
9.813842106446608593e-01 1.868565019177036035e+01
9.815640950689180633e-01 1.789344469172421981e+01
9.817462280484789972e-01 1.846305268108796582e+01
9.819261124727362011e-01 1.834078080904783903e+01
9.821059968969935161e-01 1.870759642520448907e+01
9.822836327659478783e-01 1.931268543310904917e+01
9.824635171902051933e-01 1.860918247939255465e+01
9.826456501697660162e-01 1.919668391344296055e+01
9.828255345940233312e-01 1.931895578553133319e+01
9.830054190182805351e-01 1.956349952963131855e+01
9.831830548872350084e-01 2.031594181923981068e+01
9.833629393114922124e-01 1.956349952961346261e+01
9.835450722910531463e-01 2.041940263405272660e+01
9.837227081600071754e-01 2.106838410884066448e+01
9.839003440289615376e-01 2.103076199435217930e+01
9.840802284532187416e-01 2.139757761055400564e+01
9.842601128774760566e-01 2.151984948259065433e+01
9.844399973017337047e-01 2.188666509876815169e+01
9.846198817259909086e-01 2.225348071495650970e+01
9.847997661502485567e-01 2.286484007525053030e+01
9.849796505745058717e-01 2.298711194733763818e+01
9.851595349987630756e-01 2.323165569143345976e+01
9.853394194230207237e-01 2.372074317967736690e+01
9.855193038472780387e-01 2.384301505173291247e+01
9.856991882715356867e-01 2.420983066791583838e+01
9.858790726957928907e-01 2.457664628412128138e+01
9.860589571200502057e-01 2.494346190027626875e+01
9.862388415443078538e-01 2.543254938851474378e+01
9.864187259685650577e-01 2.567709313263669912e+01
9.865986103928227058e-01 2.628845249294158037e+01
9.867784948170800208e-01 2.677753998120506651e+01
9.869583792413372247e-01 2.702208372530200720e+01
9.871382636655948728e-01 2.800025870177895726e+01
9.873181480898521878e-01 2.812253057383993493e+01
9.874980325141098358e-01 2.897843367826133942e+01
9.876779169383670398e-01 2.910070555035539641e+01
9.878578013626243548e-01 2.983433678268274036e+01
9.880376857868820029e-01 3.020115239886024128e+01
9.882175702111392068e-01 3.056796801504860284e+01
9.883974546353968549e-01 3.117932737534262344e+01
9.885773390596541699e-01 3.191295860773933057e+01
9.887572234839113738e-01 3.240204609594695029e+01
9.889371079081690219e-01 3.350249294449030657e+01
9.891169923324263369e-01 3.411385230478976638e+01
9.892968767566839849e-01 3.496975540921116732e+01
9.894767611809411889e-01 3.594793038572898780e+01
9.896566456051985039e-01 3.668156161805397630e+01
9.898365300294561520e-01 3.741519285041440668e+01
9.900164144537133559e-01 3.778200846659190404e+01
9.901962988779710040e-01 3.851563969895776296e+01
9.903761833022283190e-01 3.912699905930168853e+01
9.905560677264855229e-01 3.986063029161221039e+01
9.907359521507431710e-01 4.120562088428295056e+01
9.909158365750004860e-01 4.242833960488185596e+01
9.910957209992581340e-01 4.328424270929782836e+01
9.912756054235153380e-01 4.438468955789707593e+01
9.914554898477726530e-01 4.548513640638454092e+01
9.916353742720303011e-01 4.646331138286691953e+01
9.918152586962875050e-01 4.854193320788722588e+01
9.919951431205451531e-01 5.074282690497393844e+01
9.921750275448024681e-01 5.306599247417653231e+01
9.923549119690596720e-01 5.502234242708095735e+01
9.925347963933173201e-01 5.685642050797931546e+01
9.927146808175746351e-01 5.832368297270560475e+01
9.928945652418322831e-01 6.015776105360396286e+01
9.930744496660894871e-01 6.162502351840030457e+01
9.932543340903468021e-01 6.358137347128957373e+01
9.934342185146044502e-01 6.639362652867573900e+01
9.936141029388616541e-01 6.847224835369604534e+01
9.937939873631193022e-01 7.067314205078275791e+01
9.939738717873766172e-01 7.397448259649149804e+01
9.941537562116338211e-01 7.776491063027052064e+01
9.943336406358914692e-01 8.094397930383418327e+01
9.945135250601487842e-01 8.436759172152524400e+01
9.946934094844064322e-01 8.717984477890054507e+01
9.948732939086636362e-01 9.280435089377836277e+01
9.950531783329208402e-01 9.965157572904411154e+01
9.952330627571785993e-01 1.042979068673286065e+02
9.954129471814358032e-01 1.082106067732581351e+02
9.955928316056934513e-01 1.143242003762635193e+02
9.957727160299507663e-01 1.221496001882505738e+02
9.959526004542079702e-01 1.275295625587675090e+02
9.961324848784656183e-01 1.326649811852904861e+02
9.963123693027229333e-01 1.407349247412606417e+02
9.964922537269805813e-01 1.489271401692917607e+02
9.966721381512377853e-01 1.616434148637356145e+02
9.968520225754949893e-01 1.731369708372075991e+02
9.970319069997527484e-01 1.920891110065340399e+02
9.972117914240099523e-01 2.754785277515768485e+02
9.973916758482676004e-01 3.136273518343517139e+02
9.975715602725249154e-01 3.281777046098832216e+02
9.977514446967821193e-01 3.709728598305695186e+02
9.979313291210397674e-01 4.305192615238794360e+02
9.981112135452969714e-01 4.681789981184103908e+02
9.982910979695547304e-01 4.816289040450309358e+02
9.984709823938119344e-01 4.910438381942191768e+02
9.986508668180691384e-01 5.021705785511446152e+02
9.988307512423268975e-01 5.245463311381512312e+02
9.990106356665841014e-01 5.642846895577079067e+02
9.991882715355384637e-01 6.601427020770427134e+02
9.993681559597957786e-01 7.849257738111468825e+02
9.995502889393562684e-01 1.079782902163406561e+03
9.997301733636139165e-01 1.687963193790717014e+03
9.998201155757425740e-01 nan
