8.949346697691067196e-04 2.776362055187395526e+03
1.491557782948511272e-03 3.574550736821253395e+03
2.058349740468945390e-03 2.498425576105210894e+03
2.625141697989379509e-03 -5.121168232617901594e+02
3.221764811168784277e-03 -1.553494055978624147e+03
3.878050235666129046e-03 -5.584778211848440606e+02
4.504504504504503598e-03 7.108580094286681970e+02
5.071296462024937717e-03 1.352187320739777533e+03
5.667919575204342919e-03 5.871504401147210501e+02
6.264542688383747254e-03 -5.850205320937542410e+02
6.861165801563150722e-03 -9.875905350608173876e+02
7.427957759083585708e-03 -2.836882932779452062e+02
7.994749716604019826e-03 6.392419048560914234e+02
8.651035141101366330e-03 7.103967708436305202e+02
9.575800966529442182e-03 -4.126851214674962876e+02
1.044090448063957760e-02 -3.675004153891776468e+02
1.103752759381898194e-02 3.319179111858339866e+02
1.163415070699838801e-02 6.494567698546080692e+02
1.220094266451882299e-02 2.112134638842165657e+02
1.276773462203925624e-02 -4.476023439817972758e+02
1.336435773521866058e-02 -4.480370190881180292e+02
1.428912356064673643e-02 2.447924608276682932e+02
1.521388938607481402e-02 3.247023044209245768e+02
1.581051249925422009e-02 -1.970121451884074020e+02
1.640713561243362442e-02 -4.065864009494566744e+02
1.697392756995405594e-02 -1.261233969604055858e+02
1.754071952747449092e-02 2.849469191969110398e+02
1.813734264065389526e-02 2.900239244387270787e+02
1.906210846608197285e-02 -1.029931616202993325e+02
1.998687429151005043e-02 -2.410447334586066575e+02
2.088180896127915520e-02 1.822158045692795838e+02
2.177674363104826344e-02 1.445381663534752761e+02
2.234353558856869842e-02 -1.764297959318215021e+02
2.291032754608913341e-02 -2.282305113242988170e+02
2.386492452717618035e-02 8.348923314841577792e+01
2.478969035260425446e-02 1.862051561006146301e+02
2.565479386671439335e-02 -1.239215260607247870e+02
2.711652049400393311e-02 7.211110125878569477e+01
2.863790943261141503e-02 -5.968089209771469683e+01
2.956267525803949262e-02 -1.006031384960270714e+02
3.042777877214962803e-02 9.501563149045536250e+01
3.188950539943916779e-02 -4.627341338726302666e+01
3.341089433804665665e-02 5.167496695767864878e+01
4.537318775729370923e-02 2.455283555697943765e+00
7.159477358152853410e-02 1.741656216002367863e+00
1.022910327546089071e-01 1.652094080844386026e+00
1.362985502058349507e-01 1.425677435458222675e+00
1.756756756756756299e-01 1.234011359662316565e+00
2.204224091641309724e-01 1.102788879093129948e+00
2.687787124873217137e-01 1.051075829378231408e+00
3.197601575085018411e-01 1.000000000000000000e+00
3.692798759023924182e-01 1.127595090145974144e+00
4.107750134240199524e-01 1.443691418695089990e+00
4.420678957102797124e-01 1.984257205159375204e+00
4.644412624545073975e-01 2.842859055480917441e+00
4.803114372650795216e-01 4.067457555970343641e+00
4.925422110852573643e-01 4.861921559577520036e+00
5.032515959668275585e-01 5.369516019245134331e+00
5.130958773342878532e-01 5.737711403422029122e+00
5.223435355885686082e-01 5.986925131045301995e+00
5.306664280174213655e-01 7.022193190469537605e+00
5.381242169321639457e-01 7.472101001200605275e+00
5.450152138893860077e-01 7.990118772533810976e+00
5.515482369787003680e-01 8.701477816421295586e+00
5.578426108227431124e-01 8.932147282807635591e+00
5.638386731101961979e-01 9.527727077919857734e+00
5.694767615297415819e-01 9.852635743249843259e+00
5.748463695483562175e-01 9.978208551742422827e+00
5.802159775669708530e-01 1.042254310486907087e+01
5.852872740289957187e-01 1.099728018989223166e+01
5.903585704910206955e-01 1.085721821118897701e+01
5.954298669530456722e-01 1.112768272178807472e+01
6.002028518584807681e-01 1.145368905152792394e+01
6.049758367639161971e-01 1.145368905152792394e+01
6.097488216693512930e-01 1.179056225892584031e+01
6.145218065747866110e-01 1.218176985461360928e+01
6.192947914802218179e-01 1.216003609929771656e+01
6.237992959847263874e-01 1.233007977645317155e+01
6.279458266213231443e-01 1.282291563643550525e+01
6.323608376588507607e-01 1.243170804074746627e+01
6.371338225642859676e-01 1.222523736524563809e+01
6.419068074697212856e-01 1.192096479082192317e+01
6.464113119742256330e-01 1.253823405271901592e+01
6.506175049221405438e-01 1.282912528081133985e+01
6.547938667143964331e-01 1.243170804074763502e+01
6.589702285066522114e-01 1.266767452703544272e+01
6.631764214545671221e-01 1.279536580575307347e+01
6.673229520911638790e-01 1.324480618080497862e+01
6.714396515721017256e-01 1.323896180962711711e+01
6.756458445200166363e-01 1.315045251232436740e+01
6.896963188353915086e-01 1.358794382355839936e+01
7.037169619951075816e-01 1.400895771225092368e+01
7.079231549430223813e-01 1.422795700122989437e+01
7.120696855796191382e-01 1.483009186267724999e+01
7.159179046596263474e-01 1.462218554374293511e+01
7.419008412385893481e-01 1.470275131228533994e+01
7.678837778175524598e-01 1.487871511468589425e+01
7.714336853409700101e-01 1.569327021782341802e+01
7.749835928643874494e-01 1.440841090129073265e+01
7.785931626991229315e-01 1.506873701908781626e+01
7.821430702225403708e-01 1.536834358954616420e+01
8.072012409760751517e-01 1.547020391199285072e+01
8.322594117296102656e-01 1.479368836424179001e+01
8.361076308096173637e-01 1.407105415601103182e+01
8.400155122009425046e-01 1.435140432996972670e+01
8.439233935922676455e-01 1.431943993105091550e+01
8.704731221287511644e-01 1.473336573787048387e+01
8.966947079529858922e-01 1.545675208574640891e+01
9.002744466320623529e-01 1.526350947110017309e+01
9.038840164667977239e-01 1.570626050835691068e+01
9.074935863015332060e-01 1.523500618544030338e+01
9.110434938249506454e-01 1.651765404015390715e+01
9.360718334228266269e-01 2.153005353761454188e+01
9.602649006622514527e-01 3.442626842053081759e+01
9.620249388461306062e-01 3.801158860783089466e+01
9.638148081856688920e-01 3.718575425677958890e+01
9.656345086808663103e-01 4.196063693007867101e+01
9.673945468647454637e-01 4.478652474771443082e+01
9.688861046476938688e-01 4.487503002387556705e+01
9.701091820297115254e-01 4.798813173771174689e+01
9.712725971004114722e-01 5.481481867064399438e+01
9.724360121711113081e-01 5.616002373652644053e+01
9.736590895531289647e-01 5.659055907993341350e+01
9.748821669351468433e-01 6.428844822469551445e+01
9.760754131615057005e-01 7.054776975571331832e+01
1.000268480400930748e+00 7.670909980130717486e+03
1.023864924527176035e+00 nan
