1.000000000000000021e-02 2.509339999999999835e-02 1.176129999999999995e+02
2.000000000000000042e-02 3.444539999999999824e-01 1.200000000000000000e+02
2.999999999999999889e-02 7.556289999999999951e-01 1.200000000000000000e+02
3.899999999999999994e-02 1.014280000000000070e+00 1.200000000000000000e+02
4.900000000000000189e-02 9.553719999999999990e-01 1.200000000000000000e+02
5.899999999999999689e-02 7.766760000000000330e-01 1.200000000000000000e+02
7.099999999999999367e-02 6.995869999999999589e-01 1.200000000000000000e+02
8.000000000000000167e-02 7.731789999999999496e-01 1.200000000000000000e+02
8.999999999999999667e-02 9.287189999999999612e-01 1.200000000000000000e+02
1.000000000000000056e-01 9.962579999999999769e-01 1.200000000000000000e+02
1.100000000000000006e-01 9.289640000000000120e-01 1.200000000000000000e+02
1.199999999999999956e-01 8.153629999999999489e-01 1.200000000000000000e+02
1.290000000000000036e-01 7.859939999999999705e-01 1.200000000000000000e+02
1.390000000000000124e-01 8.595249999999999835e-01 1.200000000000000000e+02
1.509999999999999953e-01 9.575839999999999907e-01 1.200000000000000000e+02
1.610000000000000042e-01 9.631840000000000401e-01 1.200000000000000000e+02
1.700000000000000122e-01 8.673899999999999944e-01 1.200000000000000000e+02
1.799999999999999933e-01 8.251169999999999893e-01 1.200000000000000000e+02
1.900000000000000022e-01 8.632969999999999811e-01 1.200000000000000000e+02
2.000000000000000111e-01 9.380030000000000312e-01 1.200000000000000000e+02
2.089999999999999913e-01 9.598689999999999722e-01 1.200000000000000000e+02
2.190000000000000002e-01 9.083820000000000228e-01 1.200000000000000000e+02
2.290000000000000091e-01 8.568449999999999678e-01 1.200000000000000000e+02
2.409999999999999920e-01 8.625399999999999734e-01 1.200000000000000000e+02
2.500000000000000000e-01 9.159770000000000412e-01 1.200000000000000000e+02
2.600000000000000089e-01 9.533270000000000355e-01 1.200000000000000000e+02
2.700000000000000178e-01 9.306649999999999645e-01 1.200000000000000000e+02
2.800000000000000266e-01 8.838960000000000150e-01 1.200000000000000000e+02
2.889999999999999791e-01 8.708390000000000297e-01 1.200000000000000000e+02
2.989999999999999880e-01 9.036159999999999748e-01 1.200000000000000000e+02
3.089999999999999969e-01 9.369769999999999488e-01 1.200000000000000000e+02
3.210000000000000075e-01 9.444000000000000172e-01 1.200000000000000000e+02
3.300000000000000155e-01 9.120979999999999643e-01 1.200000000000000000e+02
3.400000000000000244e-01 8.843710000000000182e-01 1.200000000000000000e+02
3.499999999999999778e-01 8.932160000000000100e-01 1.200000000000000000e+02
3.599999999999999867e-01 9.262909999999999755e-01 1.200000000000000000e+02
3.699999999999999956e-01 9.429170000000000051e-01 1.200000000000000000e+02
3.790000000000000036e-01 9.246520000000000294e-01 1.200000000000000000e+02
3.890000000000000124e-01 8.983989999999999476e-01 1.200000000000000000e+02
4.010000000000000231e-01 8.964239999999999986e-01 1.200000000000000000e+02
4.109999999999999765e-01 9.195269999999999833e-01 1.200000000000000000e+02
4.199999999999999845e-01 9.388039999999999718e-01 1.200000000000000000e+02
4.299999999999999933e-01 9.316140000000000532e-01 1.200000000000000000e+02
4.400000000000000022e-01 9.102949999999999653e-01 1.200000000000000000e+02
4.500000000000000111e-01 9.021299999999999875e-01 1.200000000000000000e+02
4.590000000000000191e-01 9.163059999999999539e-01 1.200000000000000000e+02
4.689999999999999725e-01 9.343500000000000139e-01 1.200000000000000000e+02
4.909999999999999920e-01 9.192470000000000363e-01 1.200000000000000000e+02
5.000000000000000000e-01 9.088319999999999732e-01 1.200000000000000000e+02
5.100000000000000089e-01 9.157819999999999849e-01 1.200000000000000000e+02
5.200000000000000178e-01 9.306910000000000460e-01 1.200000000000000000e+02
5.300000000000000266e-01 9.354980000000000517e-01 1.200000000000000000e+02
5.390000000000000346e-01 9.255799999999999583e-01 1.200000000000000000e+02
5.490000000000000435e-01 9.152550000000000407e-01 1.200000000000000000e+02
5.590000000000000524e-01 9.171059999999999768e-01 1.200000000000000000e+02
5.709999999999999520e-01 9.283320000000000460e-01 1.200000000000000000e+02
5.799999999999999600e-01 9.351679999999999993e-01 1.200000000000000000e+02
5.899999999999999689e-01 9.299049999999999816e-01 1.200000000000000000e+02
5.999999999999999778e-01 9.208290000000000086e-01 1.200000000000000000e+02
6.099999999999999867e-01 9.195499999999999785e-01 1.200000000000000000e+02
6.199999999999999956e-01 9.272599999999999731e-01 1.200000000000000000e+02
6.290000000000000036e-01 9.344550000000000356e-01 1.200000000000000000e+02
6.390000000000000124e-01 9.326999999999999735e-01 1.200000000000000000e+02
6.510000000000000231e-01 9.255179999999999518e-01 1.200000000000000000e+02
6.610000000000000320e-01 9.225240000000000107e-01 1.200000000000000000e+02
6.700000000000000400e-01 9.272369999999999779e-01 1.200000000000000000e+02
6.800000000000000488e-01 9.338419999999999499e-01 1.200000000000000000e+02
6.999999999999999556e-01 9.293160000000000309e-01 1.200000000000000000e+02
7.089999999999999636e-01 9.256320000000000103e-01 1.200000000000000000e+02
7.189999999999999725e-01 9.280629999999999713e-01 1.200000000000000000e+02
7.289999999999999813e-01 9.335710000000000397e-01 1.200000000000000000e+02
7.409999999999999920e-01 9.355010000000000270e-01 1.200000000000000000e+02
7.500000000000000000e-01 9.322939999999999561e-01 1.200000000000000000e+02
7.600000000000000089e-01 9.286900000000000155e-01 1.200000000000000000e+02
7.800000000000000266e-01 9.336780000000000079e-01 1.200000000000000000e+02
7.890000000000000346e-01 9.362500000000000266e-01 1.200000000000000000e+02
7.990000000000000435e-01 9.346259999999999568e-01 1.200000000000000000e+02
8.090000000000000524e-01 9.314759999999999707e-01 1.200000000000000000e+02
8.299999999999999600e-01 9.341789999999999816e-01 1.200000000000000000e+02
8.399999999999999689e-01 9.368919999999999471e-01 1.200000000000000000e+02
8.599999999999999867e-01 9.339380000000000459e-01 1.200000000000000000e+02
8.790000000000000036e-01 9.350289999999999990e-01 1.200000000000000000e+02
8.890000000000000124e-01 9.375130000000000408e-01 1.200000000000000000e+02
9.110000000000000320e-01 9.360800000000000232e-01 1.200000000000000000e+02
9.200000000000000400e-01 9.349300000000000388e-01 1.200000000000000000e+02
9.300000000000000488e-01 9.360840000000000272e-01 1.200000000000000000e+02
9.399999999999999467e-01 9.382509999999999462e-01 1.200000000000000000e+02
9.689999999999999725e-01 9.367600000000000371e-01 1.200000000000000000e+02
9.909999999999999920e-01 9.390749999999999931e-01 1.200000000000000000e+02
1.000000000000000000e+00 9.401080000000000547e-01 1.200000000000000000e+02
1.020000000000000018e+00 9.385210000000000496e-01 1.200000000000000000e+02
1.038999999999999924e+00 9.400030000000000330e-01 1.200000000000000000e+02
1.048999999999999932e+00 9.410809999999999453e-01 1.200000000000000000e+02
1.080000000000000071e+00 9.400570000000000315e-01 1.200000000000000000e+02
1.100000000000000089e+00 9.420730000000000492e-01 1.200000000000000000e+02
1.161000000000000032e+00 9.433289999999999731e-01 1.200000000000000000e+02
1.209000000000000075e+00 9.444320000000000492e-01 1.200000000000000000e+02
1.260000000000000009e+00 9.454770000000000119e-01 1.200000000000000000e+02
1.320999999999999952e+00 9.465970000000000217e-01 1.200000000000000000e+02
1.370000000000000107e+00 9.476769999999999916e-01 1.200000000000000000e+02
1.429999999999999938e+00 9.487379999999999702e-01 1.200000000000000000e+02
1.479000000000000092e+00 9.497879999999999656e-01 1.200000000000000000e+02
1.538999999999999924e+00 9.508990000000000498e-01 1.200000000000000000e+02
1.590000000000000080e+00 9.519170000000000131e-01 1.200000000000000000e+02
1.651000000000000023e+00 9.530629999999999935e-01 1.200000000000000000e+02
1.709000000000000075e+00 9.541760000000000241e-01 1.200000000000000000e+02
1.770000000000000018e+00 9.553620000000000445e-01 1.200000000000000000e+02
1.830000000000000071e+00 9.564650000000000096e-01 1.200000000000000000e+02
1.889000000000000012e+00 9.575069999999999970e-01 1.200000000000000000e+02
1.949999999999999956e+00 9.585789999999999589e-01 1.200000000000000000e+02
2.009999999999999787e+00 9.595949999999999758e-01 1.200000000000000000e+02
2.071000000000000174e+00 9.606449999999999712e-01 1.200000000000000000e+02
2.129000000000000004e+00 9.617010000000000280e-01 1.200000000000000000e+02
2.200000000000000178e+00 9.629069999999999574e-01 1.200000000000000000e+02
2.270000000000000018e+00 9.640419999999999545e-01 1.200000000000000000e+02
2.339999999999999858e+00 9.651880000000000459e-01 1.200000000000000000e+02
2.411000000000000032e+00 9.663070000000000270e-01 1.200000000000000000e+02
2.479000000000000092e+00 9.674369999999999914e-01 1.200000000000000000e+02
2.548999999999999932e+00 9.685209999999999653e-01 1.200000000000000000e+02
2.620000000000000107e+00 9.695789999999999687e-01 1.200000000000000000e+02
2.689999999999999947e+00 9.706399999999999473e-01 1.200000000000000000e+02
2.759999999999999787e+00 9.716869999999999674e-01 1.200000000000000000e+02
2.830000000000000071e+00 9.727310000000000123e-01 1.200000000000000000e+02
2.911000000000000032e+00 9.738649999999999807e-01 1.200000000000000000e+02
2.991000000000000103e+00 9.749860000000000193e-01 1.200000000000000000e+02
3.071000000000000174e+00 9.760980000000000212e-01 1.200000000000000000e+02
3.150999999999999801e+00 9.771910000000000318e-01 1.200000000000000000e+02
3.229000000000000092e+00 9.782659999999999689e-01 1.200000000000000000e+02
3.309000000000000163e+00 9.793239999999999723e-01 1.200000000000000000e+02
3.388999999999999790e+00 9.803800000000000292e-01 1.200000000000000000e+02
3.468999999999999861e+00 9.814209999999999878e-01 1.200000000000000000e+02
3.548999999999999932e+00 9.824479999999999880e-01 1.200000000000000000e+02
3.629000000000000004e+00 9.834580000000000544e-01 1.200000000000000000e+02
3.718999999999999861e+00 9.846070000000000100e-01 1.200000000000000000e+02
3.798999999999999932e+00 9.856589999999999518e-01 1.200000000000000000e+02
3.888999999999999790e+00 9.867099999999999760e-01 1.200000000000000000e+02
3.968999999999999861e+00 9.877310000000000256e-01 1.200000000000000000e+02
4.049000000000000377e+00 9.887639999999999763e-01 1.200000000000000000e+02
4.139000000000000234e+00 9.898329999999999629e-01 1.200000000000000000e+02
4.219000000000000306e+00 9.909299999999999775e-01 1.200000000000000000e+02
4.309000000000000163e+00 9.919369999999999576e-01 1.200000000000000000e+02
4.389000000000000234e+00 9.929409999999999625e-01 1.200000000000000000e+02
4.469000000000000306e+00 9.939689999999999914e-01 1.200000000000000000e+02
4.559000000000000163e+00 9.949689999999999923e-01 1.200000000000000000e+02
4.650999999999999801e+00 9.961349999999999927e-01 1.200000000000000000e+02
4.740999999999999659e+00 9.971370000000000511e-01 1.200000000000000000e+02
4.830000000000000071e+00 9.982320000000000082e-01 1.200000000000000000e+02
4.919999999999999929e+00 9.992590000000000083e-01 1.200000000000000000e+02
5.009999999999999787e+00 1.000310000000000032e+00 1.200000000000000000e+02
5.099999999999999645e+00 1.001360000000000028e+00 1.200000000000000000e+02
5.190000000000000391e+00 1.002380000000000049e+00 1.200000000000000000e+02
5.280000000000000249e+00 1.003409999999999913e+00 1.200000000000000000e+02
5.370000000000000107e+00 1.004429999999999934e+00 1.200000000000000000e+02
5.458999999999999631e+00 1.005460000000000020e+00 1.200000000000000000e+02
5.549000000000000377e+00 1.006480000000000041e+00 1.200000000000000000e+02
5.639000000000000234e+00 1.007509999999999906e+00 1.200000000000000000e+02
5.729000000000000092e+00 1.008539999999999992e+00 1.200000000000000000e+02
5.820999999999999730e+00 1.009589999999999987e+00 1.200000000000000000e+02
5.910999999999999588e+00 1.010659999999999892e+00 1.200000000000000000e+02
6.000000000000000000e+00 1.011719999999999953e+00 1.200000000000000000e+02
6.080000000000000071e+00 1.012720000000000065e+00 1.200000000000000000e+02
6.160999999999999588e+00 1.013730000000000020e+00 1.200000000000000000e+02
6.240999999999999659e+00 1.014780000000000015e+00 1.200000000000000000e+02
6.320999999999999730e+00 1.015859999999999985e+00 1.200000000000000000e+02
6.400999999999999801e+00 1.016950000000000021e+00 1.200000000000000000e+02
6.479000000000000092e+00 1.018040000000000056e+00 1.200000000000000000e+02
6.559000000000000163e+00 1.019190000000000040e+00 1.200000000000000000e+02
6.628999999999999559e+00 1.020219999999999905e+00 1.200000000000000000e+02
6.700000000000000178e+00 1.021260000000000057e+00 1.200000000000000000e+02
6.769999999999999574e+00 1.022370000000000001e+00 1.200000000000000000e+02
6.839999999999999858e+00 1.023490000000000011e+00 1.200000000000000000e+02
6.910999999999999588e+00 1.024639999999999995e+00 1.200000000000000000e+02
6.979000000000000092e+00 1.025789999999999980e+00 1.200000000000000000e+02
7.038999999999999702e+00 1.026860000000000106e+00 1.200000000000000000e+02
7.099999999999999645e+00 1.027959999999999985e+00 1.200000000000000000e+02
7.160999999999999588e+00 1.029039999999999955e+00 1.200000000000000000e+02
7.208999999999999631e+00 1.030049999999999910e+00 1.200000000000000000e+02
7.259999999999999787e+00 1.031050000000000022e+00 1.200000000000000000e+02
7.309000000000000163e+00 1.032059999999999977e+00 1.200000000000000000e+02
7.360000000000000320e+00 1.033199999999999896e+00 1.200000000000000000e+02
7.410999999999999588e+00 1.034299999999999997e+00 1.200000000000000000e+02
7.458999999999999631e+00 1.035460000000000047e+00 1.200000000000000000e+02
7.500000000000000000e+00 1.036470000000000002e+00 1.200000000000000000e+02
7.549000000000000377e+00 1.037690000000000001e+00 1.200000000000000000e+02
7.599999999999999645e+00 1.038890000000000091e+00 1.200000000000000000e+02
7.650999999999999801e+00 1.040170000000000039e+00 1.200000000000000000e+02
7.690000000000000391e+00 1.041250000000000009e+00 1.200000000000000000e+02
7.729000000000000092e+00 1.042470000000000008e+00 1.200000000000000000e+02
7.769999999999999574e+00 1.043789999999999996e+00 1.200000000000000000e+02
7.809000000000000163e+00 1.045109999999999983e+00 1.200000000000000000e+02
7.839999999999999858e+00 1.046140000000000070e+00 1.200000000000000000e+02
7.870000000000000107e+00 1.047190000000000065e+00 1.200000000000000000e+02
7.900999999999999801e+00 1.048280000000000101e+00 1.200000000000000000e+02
7.929999999999999716e+00 1.049479999999999968e+00 1.200000000000000000e+02
7.958999999999999631e+00 1.050659999999999927e+00 1.200000000000000000e+02
7.990999999999999659e+00 1.051909999999999901e+00 1.200000000000000000e+02
8.019999999999999574e+00 1.053260000000000085e+00 1.200000000000000000e+02
8.048999999999999488e+00 1.054669999999999996e+00 1.200000000000000000e+02
8.070999999999999730e+00 1.055690000000000017e+00 1.200000000000000000e+02
8.089999999999999858e+00 1.056720000000000104e+00 1.200000000000000000e+02
8.119999999999999218e+00 1.058179999999999898e+00 1.200000000000000000e+02
8.150999999999999801e+00 1.059669999999999890e+00 1.200000000000000000e+02
8.179999999999999716e+00 1.061160000000000103e+00 1.200000000000000000e+02
8.199999999999999289e+00 1.062200000000000033e+00 1.200000000000000000e+02
8.218999999999999417e+00 1.063260000000000094e+00 1.200000000000000000e+02
8.240999999999999659e+00 1.064400000000000013e+00 1.200000000000000000e+02
8.259999999999999787e+00 1.065469999999999917e+00 1.200000000000000000e+02
8.279999999999999361e+00 1.066570000000000018e+00 1.200000000000000000e+02
8.298999999999999488e+00 1.067770000000000108e+00 1.200000000000000000e+02
8.320999999999999730e+00 1.068920000000000092e+00 1.200000000000000000e+02
8.339999999999999858e+00 1.070130000000000026e+00 1.200000000000000000e+02
8.359999999999999432e+00 1.071290000000000076e+00 1.200000000000000000e+02
8.378999999999999559e+00 1.072589999999999932e+00 1.200000000000000000e+02
8.400999999999999801e+00 1.073879999999999946e+00 1.200000000000000000e+02
8.419999999999999929e+00 1.075169999999999959e+00 1.200000000000000000e+02
8.439999999999999503e+00 1.076489999999999947e+00 1.200000000000000000e+02
8.458999999999999631e+00 1.077790000000000026e+00 1.200000000000000000e+02
8.478999999999999204e+00 1.079139999999999988e+00 1.200000000000000000e+02
8.500000000000000000e+00 1.080310000000000104e+00 1.200000000000000000e+02
8.529999999999999361e+00 1.082130000000000036e+00 1.200000000000000000e+02
8.548999999999999488e+00 1.083530000000000104e+00 1.200000000000000000e+02
8.580000000000000071e+00 1.085309999999999997e+00 1.200000000000000000e+02
8.599999999999999645e+00 1.086740000000000039e+00 1.200000000000000000e+02
8.619999999999999218e+00 1.087769999999999904e+00 1.200000000000000000e+02
8.638999999999999346e+00 1.089269999999999960e+00 1.200000000000000000e+02
8.660999999999999588e+00 1.090489999999999959e+00 1.200000000000000000e+02
8.679999999999999716e+00 1.091790000000000038e+00 1.200000000000000000e+02
8.699999999999999289e+00 1.093169999999999975e+00 1.200000000000000000e+02
8.718999999999999417e+00 1.094430000000000014e+00 1.200000000000000000e+02
8.740999999999999659e+00 1.095809999999999951e+00 1.200000000000000000e+02
8.759999999999999787e+00 1.097259999999999902e+00 1.200000000000000000e+02
8.779999999999999361e+00 1.098519999999999941e+00 1.200000000000000000e+02
8.798999999999999488e+00 1.099990000000000023e+00 1.200000000000000000e+02
8.820999999999999730e+00 1.101439999999999975e+00 1.200000000000000000e+02
8.839999999999999858e+00 1.102889999999999926e+00 1.200000000000000000e+02
8.859999999999999432e+00 1.104500000000000037e+00 1.200000000000000000e+02
8.878999999999999559e+00 1.105930000000000080e+00 1.200000000000000000e+02
8.900999999999999801e+00 1.107539999999999969e+00 1.200000000000000000e+02
8.919999999999999929e+00 1.109210000000000029e+00 1.200000000000000000e+02
8.939999999999999503e+00 1.110810000000000075e+00 1.200000000000000000e+02
8.958999999999999631e+00 1.112540000000000084e+00 1.200000000000000000e+02
8.978999999999999204e+00 1.114200000000000079e+00 1.200000000000000000e+02
9.000000000000000000e+00 1.115869999999999918e+00 1.200000000000000000e+02
9.019999999999999574e+00 1.117690000000000072e+00 1.200000000000000000e+02
9.038999999999999702e+00 1.119399999999999951e+00 1.200000000000000000e+02
9.058999999999999275e+00 1.121140000000000025e+00 1.200000000000000000e+02
9.080000000000000071e+00 1.122940000000000049e+00 1.200000000000000000e+02
9.099999999999999645e+00 1.124710000000000099e+00 1.200000000000000000e+02
9.119999999999999218e+00 1.126509999999999900e+00 1.200000000000000000e+02
9.138999999999999346e+00 1.128339999999999899e+00 1.200000000000000000e+02
9.160999999999999588e+00 1.130249999999999977e+00 1.200000000000000000e+02
9.179999999999999716e+00 1.132149999999999990e+00 1.200000000000000000e+02
9.199999999999999289e+00 1.134039999999999937e+00 1.200000000000000000e+02
9.218999999999999417e+00 1.135930000000000106e+00 1.200000000000000000e+02
9.228999999999999204e+00 1.136959999999999971e+00 1.200000000000000000e+02
9.250000000000000000e+00 1.138879999999999892e+00 1.200000000000000000e+02
9.259999999999999787e+00 1.139880000000000004e+00 1.200000000000000000e+02
9.269999999999999574e+00 1.140889999999999960e+00 1.200000000000000000e+02
9.279999999999999361e+00 1.141960000000000086e+00 1.200000000000000000e+02
9.298999999999999488e+00 1.143960000000000088e+00 1.200000000000000000e+02
9.308999999999999275e+00 1.145000000000000018e+00 1.200000000000000000e+02
9.320999999999999730e+00 1.146030000000000104e+00 1.200000000000000000e+02
9.330000000000000071e+00 1.147059999999999969e+00 1.200000000000000000e+02
9.339999999999999858e+00 1.148139999999999938e+00 1.200000000000000000e+02
9.349999999999999645e+00 1.149229999999999974e+00 1.200000000000000000e+02
9.359999999999999432e+00 1.150300000000000100e+00 1.200000000000000000e+02
9.369999999999999218e+00 1.151359999999999939e+00 1.200000000000000000e+02
9.378999999999999559e+00 1.152409999999999934e+00 1.200000000000000000e+02
9.388999999999999346e+00 1.153419999999999890e+00 1.200000000000000000e+02
9.400999999999999801e+00 1.154439999999999911e+00 1.200000000000000000e+02
9.410999999999999588e+00 1.155520000000000103e+00 1.200000000000000000e+02
9.419999999999999929e+00 1.156630000000000047e+00 1.200000000000000000e+02
9.429999999999999716e+00 1.157659999999999911e+00 1.200000000000000000e+02
9.439999999999999503e+00 1.158689999999999998e+00 1.200000000000000000e+02
9.449999999999999289e+00 1.159759999999999902e+00 1.200000000000000000e+02
9.458999999999999631e+00 1.160879999999999912e+00 1.200000000000000000e+02
9.468999999999999417e+00 1.162020000000000053e+00 1.200000000000000000e+02
9.478999999999999204e+00 1.163089999999999957e+00 1.200000000000000000e+02
9.490999999999999659e+00 1.164209999999999967e+00 1.200000000000000000e+02
9.500000000000000000e+00 1.165289999999999937e+00 1.200000000000000000e+02
9.509999999999999787e+00 1.166369999999999907e+00 1.200000000000000000e+02
9.519999999999999574e+00 1.167529999999999957e+00 1.200000000000000000e+02
9.529999999999999361e+00 1.168649999999999967e+00 1.200000000000000000e+02
9.538999999999999702e+00 1.169799999999999951e+00 1.200000000000000000e+02
9.548999999999999488e+00 1.170919999999999961e+00 1.200000000000000000e+02
9.558999999999999275e+00 1.172009999999999996e+00 1.200000000000000000e+02
9.570999999999999730e+00 1.173189999999999955e+00 1.200000000000000000e+02
9.580000000000000071e+00 1.174320000000000030e+00 1.200000000000000000e+02
9.589999999999999858e+00 1.175489999999999924e+00 1.200000000000000000e+02
9.599999999999999645e+00 1.176619999999999999e+00 1.200000000000000000e+02
9.609999999999999432e+00 1.177780000000000049e+00 1.200000000000000000e+02
9.619999999999999218e+00 1.178889999999999993e+00 1.200000000000000000e+02
9.628999999999999559e+00 1.180050000000000043e+00 1.200000000000000000e+02
9.638999999999999346e+00 1.181200000000000028e+00 1.200000000000000000e+02
9.650999999999999801e+00 1.182379999999999987e+00 1.200000000000000000e+02
9.660999999999999588e+00 1.183489999999999931e+00 1.200000000000000000e+02
9.669999999999999929e+00 1.184639999999999915e+00 1.200000000000000000e+02
9.679999999999999716e+00 1.185820000000000096e+00 1.200000000000000000e+02
9.689999999999999503e+00 1.187009999999999899e+00 1.200000000000000000e+02
9.699999999999999289e+00 1.188150000000000039e+00 1.200000000000000000e+02
9.708999999999999631e+00 1.189329999999999998e+00 1.200000000000000000e+02
9.718999999999999417e+00 1.190499999999999892e+00 1.200000000000000000e+02
9.728999999999999204e+00 1.191750000000000087e+00 1.200000000000000000e+02
9.740999999999999659e+00 1.192939999999999889e+00 1.200000000000000000e+02
9.750000000000000000e+00 1.194190000000000085e+00 1.200000000000000000e+02
9.759999999999999787e+00 1.195440000000000058e+00 1.200000000000000000e+02
9.769999999999999574e+00 1.196609999999999951e+00 1.200000000000000000e+02
9.779999999999999361e+00 1.197859999999999925e+00 1.200000000000000000e+02
9.788999999999999702e+00 1.199149999999999938e+00 1.200000000000000000e+02
9.798999999999999488e+00 1.200380000000000003e+00 1.200000000000000000e+02
9.808999999999999275e+00 1.201659999999999950e+00 1.200000000000000000e+02
9.820999999999999730e+00 1.202879999999999949e+00 1.200000000000000000e+02
9.830000000000000071e+00 1.204190000000000094e+00 1.200000000000000000e+02
9.839999999999999858e+00 1.205459999999999976e+00 1.200000000000000000e+02
9.849999999999999645e+00 1.206730000000000080e+00 1.200000000000000000e+02
9.859999999999999432e+00 1.207989999999999897e+00 1.200000000000000000e+02
9.869999999999999218e+00 1.209260000000000002e+00 1.200000000000000000e+02
9.878999999999999559e+00 1.210509999999999975e+00 1.200000000000000000e+02
9.888999999999999346e+00 1.211789999999999923e+00 1.200000000000000000e+02
9.900999999999999801e+00 1.213079999999999936e+00 1.200000000000000000e+02
9.910999999999999588e+00 1.214310000000000000e+00 1.200000000000000000e+02
9.919999999999999929e+00 1.215510000000000090e+00 1.200000000000000000e+02
9.929999999999999716e+00 1.216720000000000024e+00 1.200000000000000000e+02
9.939999999999999503e+00 1.217969999999999997e+00 1.200000000000000000e+02
9.949999999999999289e+00 1.219289999999999985e+00 1.200000000000000000e+02
9.958999999999999631e+00 1.220490000000000075e+00 1.200000000000000000e+02
9.968999999999999417e+00 1.221740000000000048e+00 1.200000000000000000e+02
9.978999999999999204e+00 1.222979999999999956e+00 1.200000000000000000e+02
9.990999999999999659e+00 1.224259999999999904e+00 1.200000000000000000e+02
1.000000000000000000e+01 1.225579999999999892e+00 1.200000000000000000e+02
1.000999999999999979e+01 1.226869999999999905e+00 1.200000000000000000e+02
1.001999999999999957e+01 1.228210000000000024e+00 1.200000000000000000e+02
1.002999999999999936e+01 1.229470000000000063e+00 1.200000000000000000e+02
1.003899999999999970e+01 1.230750000000000011e+00 1.200000000000000000e+02
1.004899999999999949e+01 1.232120000000000104e+00 1.200000000000000000e+02
1.005899999999999928e+01 1.233460000000000001e+00 1.200000000000000000e+02
1.007099999999999973e+01 1.234809999999999963e+00 1.200000000000000000e+02
1.008000000000000007e+01 1.236110000000000042e+00 1.200000000000000000e+02
1.008999999999999986e+01 1.237419999999999964e+00 1.200000000000000000e+02
1.009999999999999964e+01 1.238750000000000018e+00 1.200000000000000000e+02
1.010999999999999943e+01 1.240050000000000097e+00 1.200000000000000000e+02
1.011999999999999922e+01 1.241360000000000019e+00 1.200000000000000000e+02
1.012899999999999956e+01 1.242690000000000072e+00 1.200000000000000000e+02
1.013899999999999935e+01 1.244019999999999904e+00 1.200000000000000000e+02
1.015099999999999980e+01 1.245309999999999917e+00 1.200000000000000000e+02
1.016099999999999959e+01 1.246650000000000036e+00 1.200000000000000000e+02
1.016999999999999993e+01 1.247970000000000024e+00 1.200000000000000000e+02
1.017999999999999972e+01 1.249290000000000012e+00 1.200000000000000000e+02
1.018999999999999950e+01 1.250590000000000090e+00 1.200000000000000000e+02
1.019999999999999929e+01 1.251900000000000013e+00 1.200000000000000000e+02
1.020899999999999963e+01 1.253309999999999924e+00 1.200000000000000000e+02
1.021899999999999942e+01 1.254650000000000043e+00 1.200000000000000000e+02
1.022899999999999920e+01 1.255989999999999940e+00 1.200000000000000000e+02
1.024099999999999966e+01 1.257370000000000099e+00 1.200000000000000000e+02
1.025000000000000000e+01 1.258720000000000061e+00 1.200000000000000000e+02
1.025999999999999979e+01 1.260140000000000038e+00 1.200000000000000000e+02
1.026999999999999957e+01 1.261519999999999975e+00 1.200000000000000000e+02
1.027999999999999936e+01 1.262950000000000017e+00 1.200000000000000000e+02
1.028899999999999970e+01 1.264389999999999903e+00 1.200000000000000000e+02
1.029899999999999949e+01 1.265770000000000062e+00 1.200000000000000000e+02
1.030899999999999928e+01 1.267149999999999999e+00 1.200000000000000000e+02
1.032099999999999973e+01 1.268559999999999910e+00 1.200000000000000000e+02
1.033000000000000007e+01 1.269949999999999912e+00 1.200000000000000000e+02
1.033999999999999986e+01 1.271349999999999980e+00 1.200000000000000000e+02
1.034999999999999964e+01 1.272729999999999917e+00 1.200000000000000000e+02
1.035999999999999943e+01 1.274110000000000076e+00 1.200000000000000000e+02
1.036999999999999922e+01 1.275490000000000013e+00 1.200000000000000000e+02
1.037899999999999956e+01 1.276860000000000106e+00 1.200000000000000000e+02
1.038899999999999935e+01 1.278259999999999952e+00 1.200000000000000000e+02
1.040099999999999980e+01 1.279719999999999969e+00 1.200000000000000000e+02
1.041099999999999959e+01 1.281109999999999971e+00 1.200000000000000000e+02
1.041999999999999993e+01 1.282540000000000013e+00 1.200000000000000000e+02
1.042999999999999972e+01 1.283989999999999965e+00 1.200000000000000000e+02
1.043999999999999950e+01 1.285430000000000073e+00 1.200000000000000000e+02
1.044999999999999929e+01 1.286880000000000024e+00 1.200000000000000000e+02
1.045899999999999963e+01 1.288310000000000066e+00 1.200000000000000000e+02
1.046899999999999942e+01 1.289760000000000018e+00 1.200000000000000000e+02
1.047899999999999920e+01 1.291209999999999969e+00 1.200000000000000000e+02
1.049099999999999966e+01 1.292610000000000037e+00 1.200000000000000000e+02
1.050000000000000000e+01 1.294089999999999963e+00 1.200000000000000000e+02
1.050999999999999979e+01 1.295520000000000005e+00 1.200000000000000000e+02
1.051999999999999957e+01 1.296969999999999956e+00 1.200000000000000000e+02
1.052999999999999936e+01 1.298359999999999959e+00 1.200000000000000000e+02
1.053899999999999970e+01 1.299800000000000066e+00 1.200000000000000000e+02
1.054899999999999949e+01 1.301220000000000043e+00 1.200000000000000000e+02
1.055899999999999928e+01 1.302640000000000020e+00 1.200000000000000000e+02
1.057099999999999973e+01 1.304040000000000088e+00 1.200000000000000000e+02
1.058000000000000007e+01 1.305439999999999934e+00 1.200000000000000000e+02
1.058999999999999986e+01 1.306890000000000107e+00 1.200000000000000000e+02
1.059999999999999964e+01 1.308289999999999953e+00 1.200000000000000000e+02
1.060999999999999943e+01 1.309749999999999970e+00 1.200000000000000000e+02
1.061999999999999922e+01 1.311209999999999987e+00 1.200000000000000000e+02
1.062899999999999956e+01 1.312610000000000054e+00 1.200000000000000000e+02
1.063899999999999935e+01 1.314079999999999915e+00 1.200000000000000000e+02
1.065099999999999980e+01 1.315469999999999917e+00 1.200000000000000000e+02
1.066099999999999959e+01 1.316950000000000065e+00 1.200000000000000000e+02
1.066999999999999993e+01 1.318060000000000009e+00 1.200000000000000000e+02
1.068999999999999950e+01 1.320419999999999927e+00 1.200000000000000000e+02
1.069999999999999929e+01 1.322160000000000002e+00 1.200000000000000000e+02
1.070899999999999963e+01 1.323890000000000011e+00 1.200000000000000000e+02
1.071899999999999942e+01 1.325329999999999897e+00 1.200000000000000000e+02
1.072899999999999920e+01 1.326470000000000038e+00 1.200000000000000000e+02
1.074099999999999966e+01 1.327720000000000011e+00 1.200000000000000000e+02
1.075000000000000000e+01 1.329210000000000003e+00 1.200000000000000000e+02
1.075999999999999979e+01 1.330850000000000088e+00 1.200000000000000000e+02
1.076999999999999957e+01 1.332370000000000054e+00 1.200000000000000000e+02
1.077999999999999936e+01 1.333730000000000082e+00 1.200000000000000000e+02
1.078899999999999970e+01 1.334959999999999924e+00 1.200000000000000000e+02
1.079899999999999949e+01 1.336300000000000043e+00 1.200000000000000000e+02
1.080899999999999928e+01 1.337820000000000009e+00 1.200000000000000000e+02
1.082099999999999973e+01 1.339399999999999924e+00 1.200000000000000000e+02
1.083000000000000007e+01 1.340899999999999981e+00 1.200000000000000000e+02
1.083999999999999986e+01 1.342189999999999994e+00 1.200000000000000000e+02
1.084999999999999964e+01 1.343550000000000022e+00 1.200000000000000000e+02
1.085999999999999943e+01 1.345020000000000104e+00 1.200000000000000000e+02
1.086999999999999922e+01 1.346540000000000070e+00 1.200000000000000000e+02
1.087899999999999956e+01 1.348119999999999985e+00 1.200000000000000000e+02
1.088899999999999935e+01 1.349590000000000067e+00 1.200000000000000000e+02
1.090099999999999980e+01 1.350999999999999979e+00 1.200000000000000000e+02
1.091099999999999959e+01 1.352349999999999941e+00 1.200000000000000000e+02
1.091999999999999993e+01 1.353809999999999958e+00 1.200000000000000000e+02
1.092999999999999972e+01 1.355390000000000095e+00 1.200000000000000000e+02
1.093999999999999950e+01 1.356870000000000021e+00 1.200000000000000000e+02
1.094999999999999929e+01 1.358260000000000023e+00 1.200000000000000000e+02
1.095899999999999963e+01 1.359669999999999934e+00 1.200000000000000000e+02
1.096899999999999942e+01 1.361099999999999977e+00 1.200000000000000000e+02
1.097899999999999920e+01 1.362510000000000110e+00 1.200000000000000000e+02
1.099099999999999966e+01 1.363990000000000036e+00 1.200000000000000000e+02
1.100000000000000000e+01 1.365480000000000027e+00 1.200000000000000000e+02
1.100999999999999979e+01 1.366880000000000095e+00 1.200000000000000000e+02
1.101999999999999957e+01 1.368279999999999941e+00 1.200000000000000000e+02
1.102999999999999936e+01 1.369690000000000074e+00 1.200000000000000000e+02
1.103899999999999970e+01 1.371250000000000080e+00 1.200000000000000000e+02
1.104899999999999949e+01 1.372700000000000031e+00 1.200000000000000000e+02
1.105899999999999928e+01 1.374120000000000008e+00 1.200000000000000000e+02
1.107099999999999973e+01 1.375620000000000065e+00 1.200000000000000000e+02
1.108000000000000007e+01 1.377080000000000082e+00 1.200000000000000000e+02
1.108999999999999986e+01 1.378549999999999942e+00 1.200000000000000000e+02
1.109999999999999964e+01 1.380049999999999999e+00 1.200000000000000000e+02
1.110999999999999943e+01 1.381610000000000005e+00 1.200000000000000000e+02
1.111999999999999922e+01 1.383099999999999996e+00 1.200000000000000000e+02
1.112899999999999956e+01 1.384540000000000104e+00 1.200000000000000000e+02
1.113899999999999935e+01 1.386009999999999964e+00 1.200000000000000000e+02
1.115099999999999980e+01 1.387529999999999930e+00 1.200000000000000000e+02
1.116099999999999959e+01 1.388989999999999947e+00 1.200000000000000000e+02
1.116999999999999993e+01 1.390490000000000004e+00 1.200000000000000000e+02
1.117999999999999972e+01 1.392009999999999970e+00 1.200000000000000000e+02
1.118999999999999950e+01 1.393469999999999986e+00 1.200000000000000000e+02
1.119999999999999929e+01 1.394889999999999963e+00 1.200000000000000000e+02
1.120899999999999963e+01 1.396390000000000020e+00 1.200000000000000000e+02
1.121899999999999942e+01 1.397890000000000077e+00 1.200000000000000000e+02
1.122899999999999920e+01 1.399410000000000043e+00 1.200000000000000000e+02
1.124099999999999966e+01 1.400879999999999903e+00 1.200000000000000000e+02
1.125000000000000000e+01 1.402409999999999934e+00 1.200000000000000000e+02
1.125999999999999979e+01 1.403960000000000097e+00 1.200000000000000000e+02
1.126999999999999957e+01 1.405440000000000023e+00 1.200000000000000000e+02
1.127999999999999936e+01 1.407010000000000094e+00 1.200000000000000000e+02
1.128899999999999970e+01 1.408549999999999969e+00 1.200000000000000000e+02
1.129899999999999949e+01 1.410080000000000000e+00 1.200000000000000000e+02
1.130899999999999928e+01 1.411650000000000071e+00 1.200000000000000000e+02
1.132099999999999973e+01 1.413189999999999946e+00 1.200000000000000000e+02
1.133000000000000007e+01 1.414740000000000109e+00 1.200000000000000000e+02
1.133999999999999986e+01 1.416260000000000074e+00 1.200000000000000000e+02
1.134999999999999964e+01 1.417769999999999975e+00 1.200000000000000000e+02
1.135999999999999943e+01 1.419289999999999941e+00 1.200000000000000000e+02
1.136999999999999922e+01 1.420819999999999972e+00 1.200000000000000000e+02
1.137899999999999956e+01 1.422309999999999963e+00 1.200000000000000000e+02
1.138899999999999935e+01 1.423820000000000086e+00 1.200000000000000000e+02
1.140099999999999980e+01 1.425340000000000051e+00 1.200000000000000000e+02
1.141099999999999959e+01 1.426849999999999952e+00 1.200000000000000000e+02
1.141999999999999993e+01 1.428409999999999958e+00 1.200000000000000000e+02
1.175999999999999979e+01 1.481810000000000072e+00 1.200000000000000000e+02
1.176999999999999957e+01 1.483389999999999986e+00 1.200000000000000000e+02
1.177999999999999936e+01 1.484969999999999901e+00 1.200000000000000000e+02
1.178899999999999970e+01 1.486599999999999921e+00 1.200000000000000000e+02
1.179899999999999949e+01 1.488250000000000073e+00 1.200000000000000000e+02
1.180899999999999928e+01 1.489800000000000013e+00 1.200000000000000000e+02
1.182099999999999973e+01 1.491430000000000033e+00 1.200000000000000000e+02
1.183000000000000007e+01 1.493090000000000028e+00 1.200000000000000000e+02
1.183999999999999986e+01 1.494709999999999983e+00 1.200000000000000000e+02
1.184999999999999964e+01 1.496380000000000043e+00 1.200000000000000000e+02
1.185999999999999943e+01 1.498019999999999907e+00 1.200000000000000000e+02
1.186999999999999922e+01 1.499719999999999942e+00 1.200000000000000000e+02
1.187899999999999956e+01 1.501370000000000093e+00 1.200000000000000000e+02
1.188899999999999935e+01 1.503020000000000023e+00 1.200000000000000000e+02
1.190099999999999980e+01 1.504709999999999992e+00 1.200000000000000000e+02
1.191099999999999959e+01 1.506359999999999921e+00 1.200000000000000000e+02
1.191999999999999993e+01 1.507989999999999942e+00 1.200000000000000000e+02
1.192999999999999972e+01 1.509670000000000067e+00 1.200000000000000000e+02
1.193999999999999950e+01 1.511379999999999946e+00 1.200000000000000000e+02
1.194999999999999929e+01 1.513020000000000032e+00 1.200000000000000000e+02
1.195899999999999963e+01 1.514680000000000026e+00 1.200000000000000000e+02
1.196899999999999942e+01 1.516310000000000047e+00 1.200000000000000000e+02
1.197899999999999920e+01 1.517980000000000107e+00 1.200000000000000000e+02
1.199099999999999966e+01 1.519709999999999894e+00 1.200000000000000000e+02
1.200000000000000000e+01 1.521379999999999955e+00 1.200000000000000000e+02
1.200999999999999979e+01 1.523160000000000069e+00 1.200000000000000000e+02
1.201999999999999957e+01 1.524890000000000079e+00 1.200000000000000000e+02
1.202999999999999936e+01 1.526569999999999983e+00 1.200000000000000000e+02
1.203899999999999970e+01 1.528289999999999926e+00 1.200000000000000000e+02
1.204899999999999949e+01 1.530000000000000027e+00 1.200000000000000000e+02
1.205899999999999928e+01 1.531730000000000036e+00 1.200000000000000000e+02
1.283999999999999986e+01 1.663559999999999928e+00 1.200000000000000000e+02
1.284999999999999964e+01 1.665289999999999937e+00 1.200000000000000000e+02
1.285999999999999943e+01 1.667030000000000012e+00 1.200000000000000000e+02
1.286999999999999922e+01 1.668709999999999916e+00 1.200000000000000000e+02
1.287899999999999956e+01 1.670490000000000030e+00 1.200000000000000000e+02
1.288899999999999935e+01 1.672230000000000105e+00 1.200000000000000000e+02
1.290099999999999980e+01 1.673999999999999932e+00 1.200000000000000000e+02
1.291099999999999959e+01 1.675789999999999891e+00 1.200000000000000000e+02
1.291999999999999993e+01 1.677559999999999940e+00 1.200000000000000000e+02
1.292999999999999972e+01 1.679329999999999989e+00 1.200000000000000000e+02
1.293999999999999950e+01 1.681040000000000090e+00 1.200000000000000000e+02
1.294999999999999929e+01 1.682760000000000034e+00 1.200000000000000000e+02
1.295899999999999963e+01 1.684469999999999912e+00 1.200000000000000000e+02
1.296899999999999942e+01 1.686160000000000103e+00 1.200000000000000000e+02
1.297899999999999920e+01 1.687850000000000072e+00 1.200000000000000000e+02
1.299099999999999966e+01 1.689550000000000107e+00 1.200000000000000000e+02
1.300000000000000000e+01 1.691230000000000011e+00 1.200000000000000000e+02
1.300999999999999979e+01 1.692890000000000006e+00 1.200000000000000000e+02
1.301999999999999957e+01 1.694579999999999975e+00 1.200000000000000000e+02
1.302999999999999936e+01 1.696260000000000101e+00 1.200000000000000000e+02
1.303899999999999970e+01 1.697990000000000110e+00 1.200000000000000000e+02
1.304899999999999949e+01 1.699750000000000094e+00 1.200000000000000000e+02
1.305899999999999928e+01 1.701480000000000103e+00 1.200000000000000000e+02
1.307099999999999973e+01 1.703270000000000062e+00 1.200000000000000000e+02
1.308000000000000007e+01 1.704979999999999940e+00 1.200000000000000000e+02
1.308999999999999986e+01 1.706709999999999949e+00 1.200000000000000000e+02
1.309999999999999964e+01 1.708460000000000090e+00 1.200000000000000000e+02
1.310999999999999943e+01 1.710199999999999942e+00 1.200000000000000000e+02
1.311999999999999922e+01 1.711959999999999926e+00 1.200000000000000000e+02
1.312899999999999956e+01 1.713689999999999936e+00 1.200000000000000000e+02
1.313899999999999935e+01 1.715410000000000101e+00 1.200000000000000000e+02
1.391999999999999993e+01 1.854389999999999983e+00 1.200000000000000000e+02
1.392999999999999972e+01 1.856100000000000083e+00 1.200000000000000000e+02
1.393999999999999950e+01 1.857809999999999961e+00 1.200000000000000000e+02
1.394999999999999929e+01 1.859439999999999982e+00 1.200000000000000000e+02
1.395899999999999963e+01 1.861099999999999977e+00 1.200000000000000000e+02
1.396899999999999942e+01 1.862759999999999971e+00 1.200000000000000000e+02
1.397899999999999920e+01 1.864430000000000032e+00 1.200000000000000000e+02
1.399099999999999966e+01 1.865990000000000038e+00 1.200000000000000000e+02
1.400000000000000000e+01 1.867620000000000058e+00 1.200000000000000000e+02
1.400999999999999979e+01 1.869220000000000104e+00 1.200000000000000000e+02
1.401999999999999957e+01 1.870829999999999993e+00 1.200000000000000000e+02
1.402999999999999936e+01 1.872460000000000013e+00 1.200000000000000000e+02
1.403899999999999970e+01 1.874090000000000034e+00 1.200000000000000000e+02
1.404899999999999949e+01 1.875760000000000094e+00 1.200000000000000000e+02
1.405899999999999928e+01 1.877399999999999958e+00 1.200000000000000000e+02
1.407099999999999973e+01 1.879040000000000044e+00 1.200000000000000000e+02
1.408000000000000007e+01 1.880759999999999987e+00 1.200000000000000000e+02
1.408999999999999986e+01 1.882419999999999982e+00 1.200000000000000000e+02
1.409999999999999964e+01 1.884139999999999926e+00 1.200000000000000000e+02
1.410999999999999943e+01 1.885829999999999895e+00 1.200000000000000000e+02
1.411999999999999922e+01 1.887559999999999905e+00 1.200000000000000000e+02
1.412899999999999956e+01 1.889219999999999899e+00 1.200000000000000000e+02
1.413899999999999935e+01 1.890830000000000011e+00 1.200000000000000000e+02
1.415099999999999980e+01 1.892449999999999966e+00 1.200000000000000000e+02
1.416099999999999959e+01 1.894109999999999960e+00 1.200000000000000000e+02
1.416999999999999993e+01 1.895729999999999915e+00 1.200000000000000000e+02
1.417999999999999972e+01 1.897359999999999935e+00 1.200000000000000000e+02
1.418999999999999950e+01 1.899029999999999996e+00 1.200000000000000000e+02
1.419999999999999929e+01 1.900670000000000082e+00 1.200000000000000000e+02
1.420899999999999963e+01 1.902290000000000036e+00 1.200000000000000000e+02
1.421899999999999942e+01 1.903960000000000097e+00 1.200000000000000000e+02
1.500000000000000000e+01 2.036329999999999973e+00 1.200000000000000000e+02
1.500999999999999979e+01 2.038159999999999972e+00 1.200000000000000000e+02
1.501999999999999957e+01 2.039860000000000007e+00 1.200000000000000000e+02
1.502999999999999936e+01 2.041529999999999845e+00 1.200000000000000000e+02
1.503899999999999970e+01 2.043200000000000127e+00 1.200000000000000000e+02
1.504899999999999949e+01 2.044970000000000176e+00 1.200000000000000000e+02
1.505899999999999928e+01 2.046819999999999862e+00 1.200000000000000000e+02
1.507099999999999973e+01 2.048569999999999780e+00 1.200000000000000000e+02
1.508000000000000007e+01 2.050320000000000142e+00 1.200000000000000000e+02
1.508999999999999986e+01 2.052080000000000126e+00 1.200000000000000000e+02
1.509999999999999964e+01 2.053819999999999979e+00 1.200000000000000000e+02
1.510999999999999943e+01 2.055660000000000043e+00 1.200000000000000000e+02
1.511999999999999922e+01 2.057529999999999859e+00 1.200000000000000000e+02
1.512899999999999956e+01 2.059450000000000003e+00 1.200000000000000000e+02
1.513899999999999935e+01 2.061269999999999936e+00 1.200000000000000000e+02
1.515099999999999980e+01 2.063019999999999854e+00 1.200000000000000000e+02
1.516099999999999959e+01 2.064789999999999903e+00 1.200000000000000000e+02
1.516999999999999993e+01 2.066570000000000018e+00 1.200000000000000000e+02
1.517999999999999972e+01 2.068369999999999820e+00 1.200000000000000000e+02
1.518999999999999950e+01 2.070170000000000066e+00 1.200000000000000000e+02
1.519999999999999929e+01 2.071989999999999998e+00 1.200000000000000000e+02
1.520899999999999963e+01 2.073739999999999917e+00 1.200000000000000000e+02
1.521899999999999942e+01 2.075499999999999901e+00 1.200000000000000000e+02
1.522899999999999920e+01 2.077259999999999884e+00 1.200000000000000000e+02
1.524099999999999966e+01 2.079060000000000130e+00 1.200000000000000000e+02
1.525000000000000000e+01 2.080909999999999815e+00 1.200000000000000000e+02
1.525999999999999979e+01 2.082689999999999930e+00 1.200000000000000000e+02
1.526999999999999957e+01 2.084519999999999929e+00 1.200000000000000000e+02
1.527999999999999936e+01 2.086359999999999992e+00 1.200000000000000000e+02
1.528899999999999970e+01 2.088179999999999925e+00 1.200000000000000000e+02
1.529899999999999949e+01 2.090079999999999938e+00 1.200000000000000000e+02
1.607999999999999829e+01 2.283500000000000085e+00 1.200000000000000000e+02
1.608999999999999986e+01 2.287220000000000031e+00 1.200000000000000000e+02
1.610000000000000142e+01 2.291180000000000216e+00 1.200000000000000000e+02
1.610999999999999943e+01 2.295380000000000198e+00 1.200000000000000000e+02
1.612000000000000099e+01 2.299650000000000194e+00 1.200000000000000000e+02
1.612900000000000134e+01 2.303869999999999862e+00 1.200000000000000000e+02
1.613899999999999935e+01 2.308059999999999778e+00 1.200000000000000000e+02
1.615099999999999980e+01 2.312330000000000219e+00 1.200000000000000000e+02
1.616100000000000136e+01 2.316730000000000178e+00 1.200000000000000000e+02
1.617000000000000171e+01 2.321320000000000050e+00 1.200000000000000000e+02
1.617999999999999972e+01 2.326140000000000096e+00 1.200000000000000000e+02
1.619000000000000128e+01 2.330999999999999961e+00 1.200000000000000000e+02
1.619999999999999929e+01 2.335799999999999876e+00 1.200000000000000000e+02
1.620899999999999963e+01 2.340650000000000119e+00 1.200000000000000000e+02
1.621900000000000119e+01 2.345579999999999998e+00 1.200000000000000000e+02
1.622899999999999920e+01 2.350740000000000052e+00 1.200000000000000000e+02
1.624099999999999966e+01 2.356110000000000149e+00 1.200000000000000000e+02
1.625000000000000000e+01 2.361580000000000013e+00 1.200000000000000000e+02
1.626000000000000156e+01 2.367049999999999876e+00 1.200000000000000000e+02
1.626999999999999957e+01 2.372619999999999951e+00 1.200000000000000000e+02
1.628000000000000114e+01 2.378449999999999953e+00 1.200000000000000000e+02
1.628900000000000148e+01 2.384599999999999831e+00 1.200000000000000000e+02
1.629899999999999949e+01 2.391010000000000080e+00 1.200000000000000000e+02
1.630900000000000105e+01 2.397520000000000095e+00 1.200000000000000000e+02
1.632100000000000151e+01 2.404180000000000206e+00 1.200000000000000000e+02
1.632999999999999829e+01 2.411189999999999944e+00 1.200000000000000000e+02
1.633999999999999986e+01 2.418499999999999872e+00 1.200000000000000000e+02
1.635000000000000142e+01 2.425980000000000025e+00 1.200000000000000000e+02
1.635999999999999943e+01 2.433790000000000120e+00 1.200000000000000000e+02
1.637000000000000099e+01 2.442210000000000214e+00 1.200000000000000000e+02
1.637900000000000134e+01 2.451169999999999849e+00 1.200000000000000000e+02
1.716100000000000136e+01 7.223789999999999623e+01 1.200000000000000000e+02
1.716100000000000136e+01 7.223789999999999623e+01 1.200000000000000000e+02
