0.099998 0.30209 400
0.200001 0.327195 400
0.299999 0.340596 400
0.399997 0.349993 400
0.5 0.357275 400
0.599998 0.363271 400
0.701 0.368426 400
0.800998 0.372919 400
0.901001 0.376916 400
1.001 0.380517 400
1.101 0.383804 400
1.201 0.386818 400
1.301 0.389621 400
1.401 0.392235 400
1.501 0.394685 400
1.601 0.396995 400
1.701 0.399176 400
1.801 0.401237 400
1.901 0.403199 400
2.001 0.405069 400
2.101 0.406852 400
2.2 0.408563 400
2.3 0.410196 400
2.4 0.411769 400
2.5 0.413287 400
2.6 0.414746 400
2.7 0.416167 400
2.8 0.417552 400
2.9 0.418889 400
3 0.420188 400
3.1 0.421443 400
3.2 0.422668 400
3.3 0.423859 400
3.4 0.425013 400
3.5 0.42614 400
3.6 0.427238 400
3.7 0.42831 400
3.8 0.429353 400
3.9 0.43037 400
4.1 0.432345 400
4.3 0.43423 400
4.5 0.436046 400
4.7 0.437789 400
4.9 0.439468 400
5.1 0.441081 400
5.3 0.442647 400
5.5 0.44416 400
5.7 0.445629 400
5.9 0.447052 400
6.1 0.448431 400
6.3 0.449774 400
6.5 0.451088 400
6.7 0.452364 400
6.9 0.453607 400
7.1 0.45482 400
7.3 0.456001 400
7.5 0.457155 400
7.7 0.458283 400
7.9 0.459383 400
8.1 0.460463 400
8.3 0.461518 400
8.5 0.462549 400
8.7 0.463565 400
9 0.465044 400
9.3 0.466481 400
9.6 0.467884 400
9.901 0.469245 400
10.201 0.47057 400
10.501 0.471855 400
10.801 0.473109 400
11.101 0.474341 400
11.401 0.475555 400
11.701 0.476739 400
12.001 0.477901 400
12.301 0.479033 400
12.601 0.480148 400
12.901 0.48124 400
13.201 0.482308 400
13.501 0.483358 400
13.801 0.484389 400
14.101 0.485397 400
14.501 0.486715 400
14.901 0.488002 400
15.301 0.489253 400
15.701 0.490481 400
16.101 0.491684 400
16.501 0.492863 400
16.901 0.494016 400
17.301 0.495145 400
17.701 0.496255 400
18.101 0.497339 400
18.501 0.498413 400
18.901 0.499458 400
19.301 0.500488 400
19.701 0.5015 400
20.201 0.502742 400
20.701 0.503957 400
21.201 0.505152 400
21.701 0.506323 400
22.201 0.507473 400
22.701 0.508601 400
23.201 0.509712 400
23.701 0.510804 400
24.201 0.511878 400
24.701 0.512932 400
25.201 0.51397 400
25.701 0.514989 400
26.201 0.515995 400
26.801 0.517176 400
27.401 0.518336 400
28.001 0.51947 400
28.601 0.520592 400
29.201 0.521686 400
29.801 0.522773 400
30.401 0.523832 400
31.001 0.524875 400
31.601 0.525904 400
32.201 0.526917 400
32.901 0.528079 400
33.601 0.529219 400
34.301 0.530334 400
35.001 0.531434 400
35.701 0.532519 400
36.401 0.533586 400
37.101 0.53464 400
37.8 0.535688 400
38.5 0.536724 400
39.2 0.53774 400
40 0.538876 400
40.8 0.539997 400
41.6 0.541098 400
42.4 0.542184 400
43.2 0.543254 400
44 0.544304 400
44.8 0.54534 400
45.6 0.546356 400
46.4 0.547363 400
47.3 0.548469 400
48.2 0.549568 400
49.1 0.550646 400
50 0.55171 400
50.9 0.552755 400
51.8 0.553789 400
52.7 0.554807 400
53.6 0.555807 400
54.6 0.55691 400
55.6 0.557992 400
56.6 0.559061 400
57.6 0.560115 400
58.6 0.56116 400
59.6 0.562182 400
60.6 0.563194 400
61.6 0.564194 400
62.7 0.565279 400
63.8 0.566357 400
64.9 0.567414 400
66 0.568459 400
67.1 0.569492 400
68.2 0.570503 400
69.3 0.571513 400
70.5 0.572597 400
71.7 0.573662 400
72.9 0.574718 400
74.1 0.575759 400
75.3 0.576787 400
76.5 0.577797 400
77.8 0.578874 400
79.1 0.579939 400
80.4 0.580988 400
81.7 0.582025 400
83 0.583051 400
84.3 0.584062 400
85.6 0.585066 400
87 0.586136 400
88.4 0.58719 400
89.8 0.588223 400
91.2 0.589248 400
92.6 0.590261 400
94.1 0.591329 400
95.6 0.592385 400
97.1 0.593432 400
98.6 0.594471 400
100.4 0.595487 400
102 0.596551 400
103.599 0.597604 400
105.199 0.598647 400
106.799 0.59968 400
108.399 0.600698 400
109.999 0.601708 400
111.699 0.60277 400
113.399 0.603816 400
115.099 0.604849 400
116.799 0.60587 400
118.499 0.60688 400
120.299 0.60793 400
122.099 0.608974 400
123.899 0.610012 400
125.699 0.611033 400
127.499 0.61204 400
129.299 0.613045 400
131.199 0.614093 400
133.099 0.615122 400
135 0.616138 400
136.9 0.617144 400
138.9 0.618184 400
140.9 0.619223 400
142.9 0.620259 400
144.9 0.621277 400
146.9 0.62228 400
149 0.623332 400
151.101 0.624362 400
153.201 0.625387 400
155.301 0.626406 400
157.401 0.627414 400
159.501 0.628414 400
161.701 0.629441 400
163.901 0.630469 400
166.101 0.63148 400
168.302 0.632487 400
170.602 0.633526 400
172.902 0.634555 400
175.202 0.635567 400
177.602 0.636608 400
180.002 0.63765 400
182.402 0.63868 400
184.803 0.639703 400
187.203 0.64071 400
189.703 0.641742 400
192.203 0.64278 400
194.703 0.643797 400
197.203 0.644807 400
199.803 0.645834 400
202.304 0.646843 400
204.904 0.647862 400
207.504 0.648875 400
210.104 0.649886 400
212.804 0.650914 400
215.504 0.651937 400
218.205 0.652953 400
220.905 0.653958 400
223.605 0.654962 400
226.405 0.655993 400
229.205 0.657017 400
232.005 0.658034 400
234.906 0.659064 400
237.806 0.660076 400
240.706 0.661093 400
243.706 0.662121 400
246.606 0.663125 400
249.607 0.664154 400
252.607 0.665158 400
255.707 0.666186 400
258.807 0.667196 400
261.907 0.668213 400
265.107 0.669246 400
268.308 0.670266 400
271.508 0.671284 400
274.708 0.672286 400
277.908 0.673286 400
281.108 0.674286 400
284.409 0.675303 400
287.709 0.676305 400
291.109 0.677328 400
294.509 0.678347 400
297.909 0.67936 400
301.31 0.680362 400
304.71 0.681375 400
308.11 0.68238 400
311.61 0.683399 400
315.111 0.684406 400
318.611 0.685406 400
322.211 0.686429 400
325.811 0.687445 400
329.411 0.688456 400
333.112 0.689473 400
336.812 0.690481 400
340.512 0.691486 400
344.312 0.692501 400
348.113 0.69352 400
351.913 0.69453 400
355.813 0.695555 400
359.713 0.696571 400
363.613 0.69758 400
367.514 0.698587 400
371.514 0.699604 400
375.514 0.700617 400
379.514 0.701627 400
383.615 0.702653 400
387.715 0.703675 400
391.815 0.704681 400
396.015 0.705695 400
400.216 0.706714 400
404.416 0.707717 400
408.716 0.708729 400
413.016 0.709742 400
417.317 0.710753 400
421.617 0.71177 400
425.917 0.71278 400
430.318 0.713801 400
434.718 0.714812 400
439.118 0.715814 400
443.518 0.71682 400
448.019 0.717827 400
452.619 0.718838 400
457.219 0.719855 400
461.819 0.720871 400
466.52 0.721891 400
471.22 0.7229 400
475.82 0.72391 400
480.521 0.724923 400
485.221 0.725929 400
490.021 0.726938 400
494.921 0.727952 400
499.822 0.728959 400
504.722 0.729962 400
509.722 0.730976 400
514.722 0.731993 400
519.721 0.733002 400
524.819 0.734026 400
529.918 0.735041 400
535.017 0.736047 400
540.216 0.737063 400
545.414 0.738069 400
550.513 0.73907 400
555.712 0.740082 400
560.911 0.741082 400
566.009 0.742082 400
571.308 0.743091 400
576.607 0.744101 400
582.005 0.745115 400
587.404 0.74612 400
592.803 0.747135 400
598.201 0.748138 400
603.7 0.749144 400
609.199 0.750158 400
614.697 0.751164 400
620.196 0.752172 400
625.695 0.753173 400
631.393 0.754179 400
636.992 0.755185 400
642.691 0.756195 400
648.389 0.757197 400
654.188 0.758209 400
659.986 0.759219 400
665.885 0.760237 400
671.684 0.76124 400
677.582 0.762257 400
683.481 0.763268 400
689.379 0.76427 400
695.378 0.765271 400
701.276 0.766279 400
707.375 0.767295 400
713.473 0.768316 400
719.572 0.769324 400
725.77 0.770334 400
731.869 0.771339 400
737.967 0.772357 400
744.266 0.773368 400
750.464 0.774369 400
756.763 0.775373 400
763.061 0.776382 400
769.46 0.777395 400
775.758 0.778399 400
782.157 0.779406 400
788.455 0.780408 400
794.753 0.781413 400
801.152 0.782416 400
807.55 0.783416 400
814.149 0.784422 400
820.747 0.78543 400
827.346 0.786434 400
833.944 0.787435 400
840.542 0.788437 400
847.141 0.789443 400
853.839 0.790448 400
860.737 0.791459 400
867.336 0.79246 400
874.134 0.793471 400
880.832 0.794473 400
887.631 0.795482 400
894.629 0.796495 400
901.427 0.797502 400
908.326 0.79851 400
915.124 0.799513 400
922.122 0.80053 400
929.021 0.801531 400
936.019 0.80254 400
943.017 0.803546 400
950.215 0.804562 400
957.214 0.805562 400
964.312 0.806576 400
971.31 0.807576 400
978.409 0.808581 400
985.507 0.809596 400
992.605 0.810602 400
999.803 0.811607 400
1007 0.812615 400
1014.2 0.813627 400
1021.5 0.814638 400
1028.7 0.815642 400
1035.99 0.816648 400
1043.29 0.817656 400
1050.59 0.818667 400
1057.99 0.819673 400
1065.39 0.820679 400
1072.79 0.821687 400
1080.08 0.822691 400
1087.58 0.823699 400
1095.08 0.824715 400
1102.48 0.825719 400
1109.88 0.826724 400
1117.27 0.827728 400
1124.77 0.828741 400
1132.17 0.829744 400
1139.57 0.830748 400
1148.77 0.831748 400
1156.66 0.83276 400
1164.06 0.833762 400
1171.76 0.834767 400
1179.36 0.835781 400
1186.86 0.836793 400
1194.36 0.837803 400
1201.85 0.838816 400
1209.45 0.839824 400
1217.05 0.840828 400
1224.55 0.841831 400
1232.25 0.84284 400
1239.94 0.843846 400
1247.74 0.844855 400
1255.24 0.84586 400
1262.94 0.846871 400
1270.64 0.847885 400
1278.33 0.848891 400
1285.93 0.849897 400
1293.53 0.850899 400
1301.13 0.851905 400
1308.73 0.852907 400
1316.43 0.853911 400
1323.82 0.854916 400
1331.42 0.855916 400
1339.12 0.856926 400
1346.62 0.857938 400
1354.32 0.858944 400
1362.02 0.859958 400
1369.61 0.86097 400
1377.21 0.861984 400
1384.61 0.862991 400
1392.11 0.863998 400
1399.91 0.865013 400
1407.4 0.866013 400
1414.8 0.867019 400
1422.4 0.868027 400
1429.8 0.86903 400
1437.3 0.870038 400
1444.79 0.871038 400
1452.29 0.87204 400
1459.99 0.873054 400
1467.49 0.874065 400
1474.79 0.875066 400
1482.29 0.876068 400
1489.88 0.877075 400
1497.38 0.878078 400
1504.88 0.879094 400
1512.28 0.880096 400
1519.78 0.881103 400
1527.17 0.88211 400
1534.57 0.883119 400
1542.07 0.88413 400
1549.37 0.88513 400
1556.77 0.886148 400
1564.07 0.887156 400
1571.36 0.888173 400
1578.66 0.889186 400
1585.86 0.890197 400
1592.96 0.891197 400
1600.16 0.892214 400
1607.26 0.89322 400
1614.35 0.894237 400
1621.35 0.895237 400
1628.35 0.896244 400
1635.35 0.897253 400
1642.35 0.898261 400
1649.24 0.899263 400
1656.14 0.900272 400
1662.94 0.901272 400
1669.84 0.902284 400
1676.74 0.903297 400
1683.54 0.904306 400
1690.33 0.905312 400
1697.13 0.906329 400
1703.83 0.90734 400
1710.53 0.90835 400
1717.13 0.909352 400
1723.73 0.910355 400
1730.22 0.911363 400
1736.72 0.912371 400
1743.12 0.913371 400
1749.62 0.914388 400
1755.92 0.915389 400
1762.32 0.916398 400
1768.72 0.91741 400
1775.01 0.918419 400
1781.31 0.91943 400
1787.61 0.920446 400
1793.71 0.921447 400
1799.71 0.922457 400
1805.71 0.923464 400
1811.7 0.924465 400
1817.7 0.925478 400
1823.6 0.926482 400
1829.5 0.927492 400
1835.3 0.928499 400
1841 0.929503 400
1846.8 0.930508 400
1852.59 0.931512 400
1858.29 0.932521 400
1863.99 0.933535 400
1869.49 0.934546 400
1874.89 0.935546 400
1880.39 0.936556 400
1885.79 0.937558 400
1891.19 0.938565 400
1896.58 0.939576 400
1901.98 0.940583 400
1907.28 0.941596 400
1912.58 0.942613 400
1917.78 0.943627 400
1922.98 0.94464 400
1928.18 0.945662 400
1933.28 0.946674 400
1938.27 0.947688 400
1943.17 0.948695 400
1947.97 0.949702 400
1952.77 0.950714 400
1957.57 0.951731 400
1962.27 0.952746 400
1966.97 0.953768 400
1971.57 0.954783 400
1976.06 0.955788 400
1980.56 0.956802 400
1985.06 0.957826 400
1989.46 0.958833 400
1993.86 0.959853 400
1998.06 0.960854 400
2002.36 0.961873 400
2006.56 0.962876 400
2010.76 0.963893 400
2014.86 0.964895 400
2018.95 0.965896 400
2022.95 0.966905 400
2026.95 0.967918 400
2030.85 0.968922 400
2034.75 0.969929 400
2038.55 0.970932 400
2042.35 0.97195 400
2046.15 0.97297 400
2049.95 0.973992 400
2053.65 0.975002 400
2057.26 0.976005 400
2060.76 0.97701 400
2064.26 0.978018 400
2067.67 0.979021 400
2071.07 0.980029 400
2074.47 0.981044 400
2077.78 0.982052 400
2081.08 0.983069 400
2084.38 0.984095 400
2087.59 0.9851 400
2090.79 0.986123 400
2093.89 0.987125 400
2096.99 0.98814 400
2100.1 0.989169 400
2103.1 0.990181 400
2106.1 0.991211 400
2109.01 0.992222 400
2111.91 0.99325 400
2114.71 0.994251 400
2117.52 0.995263 400
2120.32 0.996286 400
2123.12 0.997318 400
2125.82 0.998335 400
2128.53 0.999375 400
2131.13 1.00039 400
2133.73 1.00142 400
2136.23 1.00243 400
2138.74 1.00344 400
2141.24 1.00449 400
2143.64 1.0055 400
2146.04 1.00653 400
2148.35 1.00754 400
2150.65 1.00856 400
2152.85 1.00956 400
2155.15 1.01061 400
2157.35 1.01164 400
2159.56 1.01269 400
2161.66 1.01371 400
2163.76 1.01475 400
2165.76 1.01577 400
2167.76 1.01679 400
2169.77 1.01783 400
2171.67 1.01884 400
2173.57 1.01985 400
2175.47 1.02088 400
2177.37 1.02194 400
2179.17 1.02295 400
2180.98 1.02398 400
2182.78 1.02502 400
2184.48 1.02603 400
2186.18 1.02705 400
2187.88 1.02809 400
2189.59 1.02914 400
2191.19 1.03016 400
2192.79 1.03118 400
2194.39 1.03223 400
2195.89 1.03323 400
2197.39 1.03424 400
2198.89 1.03527 400
2200.4 1.03633 400
2201.8 1.03734 400
2203.2 1.03836 400
2204.6 1.0394 400
2206 1.04047 400
2207.4 1.04155 400
2208.7 1.04259 400
2210.01 1.04364 400
2211.31 1.04471 400
2212.51 1.04572 400
2213.71 1.04676 400
2214.91 1.04782 400
2216.11 1.0489 400
2217.21 1.04991 400
2218.31 1.05094 400
2219.41 1.05199 400
2220.52 1.05305 400
2221.62 1.05415 400
2222.62 1.05516 400
2223.62 1.05619 400
2224.62 1.05724 400
2225.62 1.05831 400
2226.62 1.05941 400
2227.52 1.06041 400
2228.42 1.06143 400
2229.32 1.06247 400
2230.22 1.06352 400
2231.13 1.0646 400
2232.03 1.0657 400
2232.93 1.06682 400
2233.73 1.06784 400
2234.73 1.06886 400
2235.53 1.06989 400
2236.33 1.07094 400
2237.13 1.07202 400
2237.93 1.07313 400
2238.73 1.07426 400
2239.43 1.07528 400
2240.14 1.07631 400
2240.84 1.07737 400
2241.54 1.07844 400
2242.24 1.07953 400
2242.94 1.08064 400
2243.64 1.08177 400
2244.34 1.08292 400
2244.94 1.08394 400
2245.54 1.08497 400
2246.14 1.08602 400
2246.74 1.08709 400
2247.34 1.08819 400
2247.94 1.0893 400
2248.54 1.09044 400
2249.14 1.0916 400
2249.64 1.0926 400
2250.24 1.0938 400
2250.74 1.09483 400
2251.25 1.09589 400
2251.75 1.09696 400
2252.25 1.09806 400
2252.75 1.09918 400
2253.25 1.10033 400
2253.75 1.10151 400
2254.25 1.10271 400
2254.75 1.10394 400
2255.15 1.10495 400
2255.55 1.10597 400
2255.95 1.10701 400
2256.35 1.10807 400
2256.75 1.10915 400
2257.15 1.11025 400
2257.55 1.11137 400
2257.95 1.11252 400
2258.35 1.11369 400
2258.75 1.11488 400
2259.15 1.1161 400
2259.55 1.11735 400
2259.95 1.11863 400
2260.36 1.11994 400
2260.65 1.12094 400
2260.95 1.12196 400
2261.26 1.12301 400
2261.56 1.12407 400
2261.86 1.12516 400
2262.16 1.12628 400
2262.46 1.12741 400
2262.76 1.12859 400
2263.06 1.12978 400
2263.36 1.13101 400
2263.66 1.13227 400
2263.96 1.13355 400
2264.26 1.13487 400
2264.56 1.13622 400
2264.86 1.13761 400
2265.16 1.13903 400
2265.46 1.1405 400
2265.76 1.14201 400
2265.96 1.14304 400
2266.16 1.1441 400
2266.36 1.14518 400
2266.56 1.14628 400
2266.76 1.1474 400
2266.96 1.14855 400
2267.16 1.14972 400
2267.36 1.15092 400
2267.56 1.15215 400
2267.76 1.1534 400
2267.96 1.15469 400
2268.16 1.156 400
2268.36 1.15736 400
2268.56 1.15875 400
2268.76 1.16017 400
2268.96 1.16163 400
2269.16 1.16314 400
2269.36 1.1647 400
2269.56 1.16633 400
2269.76 1.16798 400
2269.96 1.16967 400
2270.16 1.17142 400
2270.36 1.17322 400
2270.57 1.17508 400
2270.77 1.177 400
2270.96 1.179 400
2271.07 1.18002 400
2271.16 1.18105 400
2271.27 1.18211 400
2271.37 1.18318 400
2271.46 1.18428 400
2271.57 1.18544 400
2271.67 1.18659 400
2271.77 1.18776 400
2271.87 1.18896 400
2271.97 1.19017 400
2272.07 1.19142 400
2272.17 1.1927 400
2272.27 1.194 400
2272.37 1.19533 400
2272.47 1.19669 400
2272.57 1.19807 400
2272.67 1.19949 400
2272.77 1.20094 400
2272.87 1.20244 400
2272.97 1.20396 400
2273.07 1.20554 400
2273.17 1.20714 400
2273.27 1.20878 400
2273.37 1.21048 400
2273.47 1.21221 400
2273.57 1.21404 400
2273.67 1.21589 400
2273.77 1.21781 400
2273.87 1.21979 400
2273.97 1.22184 400
2274.07 1.22396 400
2274.17 1.22616 400
2274.27 1.22843 400
2274.37 1.23079 400
2274.47 1.23322 400
2274.57 1.23575 400
2274.67 1.23839 400
2274.77 1.24113 400
2274.87 1.24399 400
2274.97 1.247 400
2275.07 1.25015 400
2275.17 1.25353 400
2275.27 1.25702 400
2275.37 1.26067 400
2275.47 1.26453 400
2275.57 1.26864 400
2275.67 1.27305 400
2275.77 1.27767 400
2275.87 1.28262 400
2275.97 1.28791 400
2276.07 1.29358 400
2276.17 1.2997 400
2276.27 1.30617 400
2276.37 1.31338 400
2276.47 1.32138 400
2276.57 1.3302 400
2276.67 1.34009 400
2276.77 1.35146 400
2276.87 1.36445 400
2276.97 1.37931 400
2277.07 1.39618 400
2277.17 1.41616 400
2277.27 1.44097 400
2277.37 1.47432 400
2277.47 1.53054 400
2277.57 1.64439 400
2277.67 1.8288 400
2277.77 2.04335 400
2277.87 2.30494 400
2277.97 2.68499 400
2278.07 3.5828 400
