0.15 6.5858e-05 0.251042 1923.41
0.25 0.000109764 0.134013 1026.76
0.349998 0.000153668 0.0939719 719.984
0.449998 0.000197574 0.0728178 557.908
0.549999 0.00024148 0.0599612 459.404
0.650499 0.000285605 0.0510386 391.042
0.750999 0.00032973 0.0449309 344.247
0.851 0.000373635 0.0399688 306.229
0.951 0.000417541 0.0360104 275.9
1.051 0.000461447 0.03287 251.84
1.151 0.000505352 0.03014 230.923
1.251 0.000549258 0.02803 214.757
1.351 0.000593163 0.02614 200.277
1.451 0.000637069 0.0245 187.711
1.551 0.000680974 0.0231 176.985
1.651 0.000724879 0.02181 167.101
1.751 0.000768785 0.02061 157.907
1.851 0.00081269 0.01962 150.322
1.951 0.000856596 0.0187 143.274
2.051 0.000900501 0.01783 136.608
2.1505 0.000944187 0.0172828 132.416
2.25 0.000987873 0.01633 125.115
2.35 0.00103178 0.01573 120.518
2.45 0.00107568 0.01518 116.304
2.55 0.00111959 0.01459 111.784
2.65 0.0011635 0.01421 108.873
2.75 0.0012074 0.01385 106.114
2.85 0.00125131 0.01337 102.437
2.95 0.00129521 0.01299 99.5254
3.05 0.00133912 0.01255 96.1542
3.15 0.00138302 0.01225 93.8557
3.25 0.00142693 0.01191 91.2507
3.35 0.00147083 0.01154 88.4159
3.45 0.00151474 0.01127 86.3473
3.55 0.00155864 0.01098 84.1254
3.65 0.00160255 0.01072 82.1333
3.75 0.00164646 0.01043 79.9114
3.85 0.00169036 0.01017 77.9194
4 0.00175622 0.009875 75.6592
4.2 0.00184403 0.009425 72.2114
4.4 0.00193184 0.00908 69.5682
4.6 0.00201965 0.008715 66.7716
4.8 0.00210746 0.008395 64.3199
5 0.00219527 0.008065 61.7915
5.2 0.00228308 0.00783 59.991
5.4 0.0023709 0.007565 57.9607
5.6 0.00245871 0.007345 56.2751
5.8 0.00254652 0.007115 54.5129
6 0.00263433 0.006895 52.8274
6.2 0.00272214 0.006715 51.4483
6.4 0.00280995 0.00657 50.3373
6.6 0.00289776 0.00638 48.8816
6.8 0.00298557 0.006215 47.6174
7 0.00307338 0.006065 46.4682
7.2 0.00316119 0.005905 45.2423
7.4 0.00324901 0.00577 44.208
7.6 0.00333682 0.00564 43.2119
7.8 0.00342463 0.0055 42.1393
8 0.00351244 0.0054 41.3731
8.2 0.00360025 0.005275 40.4154
8.4 0.00368806 0.005155 39.496
8.6 0.00377587 0.00508 38.9214
8.85 0.00388564 0.00493 37.7721
9.15 0.00401735 0.00479 36.6995
9.45 0.00414907 0.00467667 35.8312
9.7505 0.004281 0.00452159 34.6431
10.051 0.00441294 0.00441667 33.8391
10.351 0.00454466 0.00428333 32.8176
10.651 0.00467637 0.00418 32.0259
10.951 0.00480809 0.00410667 31.464
11.251 0.00493981 0.00404667 31.0043
11.551 0.00507152 0.00394667 30.2381
11.851 0.00520324 0.00387333 29.6763
12.151 0.00533495 0.00377333 28.9101
12.451 0.00546667 0.00371667 28.476
12.751 0.00559839 0.00364 27.8886
13.051 0.0057301 0.00356 27.2756
13.351 0.00586182 0.0035 26.8159
13.651 0.00599354 0.00343667 26.3307
13.951 0.00612525 0.00336 25.7433
14.301 0.00627892 0.003295 25.2453
14.701 0.00645454 0.0032175 24.6515
15.101 0.00663017 0.0031275 23.9619
15.501 0.00680579 0.00307 23.5214
15.901 0.00698141 0.0030075 23.0425
16.301 0.00715703 0.0029475 22.5828
16.701 0.00733265 0.0028825 22.0848
17.101 0.00750828 0.0028225 21.6251
17.501 0.0076839 0.002775 21.2612
17.901 0.00785952 0.00271 20.7632
18.301 0.00803514 0.002685 20.5716
18.701 0.00821076 0.0026125 20.0162
19.101 0.00838639 0.002575 19.7289
19.501 0.00856201 0.00253 19.3841
19.951 0.00875958 0.002484 19.0316
20.451 0.00897911 0.00243 18.6179
20.951 0.00919864 0.00239 18.3114
21.451 0.00941816 0.002342 17.9437
21.951 0.00963769 0.0023 17.6219
22.451 0.00985722 0.002256 17.2848
22.951 0.0100767 0.002222 17.0243
23.451 0.0102963 0.002184 16.7331
23.951 0.0105158 0.002148 16.4573
24.451 0.0107353 0.002108 16.1508
24.951 0.0109549 0.002076 15.9057
25.451 0.0111744 0.002038 15.6145
25.951 0.0113939 0.002012 15.4153
26.501 0.0116354 0.00196833 15.0808
27.101 0.0118988 0.00193333 14.8126
27.701 0.0121623 0.00189 14.4806
28.301 0.0124257 0.00187 14.3274
28.901 0.0126891 0.00182333 13.9698
29.501 0.0129526 0.00181167 13.8804
30.101 0.013216 0.001765 13.5229
30.701 0.0134794 0.00173833 13.3186
31.301 0.0137429 0.001715 13.1398
31.901 0.0140063 0.00168833 12.9355
32.551 0.0142917 0.00166 12.7184
33.251 0.014599 0.00162857 12.4776
33.951 0.0149063 0.00159286 12.204
34.651 0.0152137 0.00157143 12.0398
35.351 0.015521 0.00155 11.8756
36.051 0.0158284 0.00152429 11.6786
36.751 0.0161357 0.00150571 11.5363
37.4505 0.0164428 0.00149928 11.4871
38.15 0.0167499 0.00148 11.3393
38.85 0.0170573 0.00145143 11.1204
39.6 0.0173866 0.00142 10.8796
40.4 0.0177378 0.00140125 10.7359
41.2 0.0180891 0.00137625 10.5444
42 0.0184403 0.0013575 10.4007
42.8 0.0187915 0.0013375 10.2475
43.6 0.0191428 0.0013125 10.056
44.4 0.019494 0.001295 9.92189
45.2 0.0198453 0.00127 9.73035
46 0.0201965 0.00125875 9.64415
46.85 0.0205697 0.00122889 9.41537
47.75 0.0209649 0.00122111 9.35578
48.65 0.02136 0.00119778 9.177
49.55 0.0217552 0.00118222 9.05782
50.45 0.0221503 0.00116111 8.89608
51.35 0.0225455 0.00114889 8.80243
52.25 0.0229406 0.00113111 8.66622
53.15 0.0233358 0.00111111 8.51299
54.1 0.0237529 0.001103 8.45085
55.1 0.0241919 0.001082 8.28995
56.1 0.024631 0.001069 8.19035
57.1 0.02507 0.001054 8.07542
58.1 0.0255091 0.001045 8.00647
59.1 0.0259481 0.001022 7.83025
60.1 0.0263872 0.001012 7.75363
61.1 0.0268262 0.001 7.66169
62.15 0.0272873 0.000986364 7.55721
63.25 0.0277702 0.00098 7.50846
64.35 0.0282532 0.000960909 7.36219
65.45 0.0287361 0.00095 7.27861
66.55 0.0292191 0.000939091 7.19502
67.65 0.0297021 0.000919091 7.04179
68.75 0.030185 0.000918182 7.03483
69.9 0.0306899 0.000903333 6.92106
71.1 0.0312168 0.0008875 6.79975
72.3 0.0317437 0.00088 6.74229
73.5 0.0322705 0.0008675 6.64652
74.7 0.0327974 0.000856667 6.56352
75.9 0.0333243 0.000841667 6.44859
77.15 0.0338731 0.000828462 6.34742
78.45 0.0344438 0.000819231 6.27669
79.75 0.0350146 0.000806923 6.1824
81.05 0.0355854 0.000797692 6.11167
82.35 0.0361562 0.000789231 6.04684
83.65 0.0367269 0.000777692 5.95844
84.95 0.0372977 0.000772308 5.91718
86.3 0.0378904 0.000764286 5.85572
87.7 0.0385051 0.000752857 5.76816
89.1 0.0391198 0.000737857 5.65323
90.5 0.0397345 0.000732143 5.60945
91.9 0.0403491 0.000723571 5.54378
93.35 0.0409858 0.000712 5.45512
94.85 0.0416443 0.000704 5.39383
96.35 0.0423029 0.000698 5.34786
97.85 0.0429615 0.000692667 5.307
99.5 0.043686 0.000564444 4.3246
101.2 0.0444323 0.000665 5.09502
102.799 0.0451346 0.000658537 5.0455
104.399 0.0458369 0.000651875 4.99447
105.999 0.0465394 0.000645625 4.94658
107.599 0.0472419 0.00063625 4.87475
109.199 0.0479443 0.00063125 4.83644
110.849 0.0486688 0.000624706 4.7863
112.549 0.0494152 0.000615294 4.71419
114.249 0.0501616 0.000607647 4.6556
115.949 0.050908 0.000600588 4.60152
117.649 0.0516544 0.000594118 4.55195
119.399 0.0524227 0.000583333 4.46932
121.199 0.053213 0.00058 4.44378
122.999 0.0540033 0.000576667 4.41824
124.799 0.0547936 0.000567222 4.34588
126.599 0.0555839 0.000559444 4.28629
128.399 0.0563742 0.000558333 4.27778
130.249 0.0571864 0.000551579 4.22603
132.149 0.0580207 0.000541579 4.14941
134.049 0.0588551 0.000534456 4.09483
135.95 0.0596895 0.000529474 4.05666
137.9 0.0605457 0.00052 3.98408
139.9 0.0614238 0.0005195 3.98025
141.9 0.0623019 0.000518 3.96876
143.9 0.06318 0.000509 3.8998
145.9 0.0640581 0.0005015 3.84234
147.95 0.0649582 0.000500952 3.83814
150.05 0.0658804 0.000490243 3.75609
152.151 0.0668026 0.000488095 3.73964
154.251 0.0677246 0.000485238 3.71774
156.351 0.0686467 0.00048 3.67761
158.451 0.0695687 0.00047619 3.64842
160.601 0.0705126 0.000466818 3.57662
162.801 0.0714786 0.000467273 3.5801
165.001 0.0724445 0.000459545 3.5209
167.202 0.0734106 0.000457519 3.50537
169.452 0.0743987 0.000451739 3.46109
171.752 0.0754085 0.000447391 3.42777
174.052 0.0764184 0.00044 3.37114
176.402 0.0774501 0.00043375 3.32326
178.802 0.0785039 0.000434167 3.32645
181.202 0.0795576 0.000429167 3.28814
183.602 0.0806116 0.000426072 3.26444
186.003 0.0816655 0.000419583 3.21472
188.453 0.0827412 0.0004128 3.16275
190.953 0.0838388 0.0004152 3.18113
193.453 0.0849365 0.0004068 3.11678
195.953 0.0860341 0.000404 3.09532
198.503 0.0871537 0.000395 3.02637
201.053 0.0882735 0.000403439 3.09102
203.604 0.0893933 0.000391923 3.00279
206.204 0.0905349 0.000389615 2.98511
208.804 0.0916764 0.000388846 2.97922
211.454 0.0928399 0.000380741 2.91712
214.154 0.0940253 0.000378889 2.90293
216.855 0.095211 0.000376157 2.882
219.555 0.0963967 0.000372222 2.85185
222.255 0.0975821 0.000371852 2.84901
225.005 0.0987895 0.000368214 2.82114
227.805 0.100019 0.000365714 2.80199
230.605 0.101248 0.000363214 2.78284
233.456 0.1025 0.00035505 2.72028
236.356 0.103773 0.000348966 2.67367
239.256 0.105046 0.00035069 2.68688
242.206 0.106342 0.000342667 2.62541
245.156 0.107637 0.000346207 2.65253
248.106 0.108932 0.000342886 2.62708
251.107 0.11025 0.000334667 2.56411
254.157 0.111589 0.000331613 2.54072
257.257 0.11295 0.000325806 2.49623
260.357 0.114311 0.000328065 2.51353
263.507 0.115694 0.000322813 2.47329
266.707 0.117099 0.00031865 2.4414
269.908 0.118504 0.000318125 2.43738
273.108 0.119909 0.000313125 2.39907
276.308 0.121314 0.0003125 2.39428
279.508 0.122719 0.0003125 2.39428
282.759 0.124146 0.000308088 2.36048
286.059 0.125596 0.000303636 2.32637
289.409 0.127066 0.000300882 2.30527
292.809 0.128559 0.000299706 2.29625
296.209 0.130052 0.000297941 2.28273
299.61 0.131545 0.000294619 2.25728
303.01 0.133038 0.000297941 2.28273
306.41 0.134531 0.000295588 2.26471
309.86 0.136046 0.000291143 2.23065
313.361 0.137582 0.000287632 2.20375
316.861 0.139119 0.000285714 2.18905
320.411 0.140678 0.000284167 2.1772
324.011 0.142259 0.000282222 2.1623
327.611 0.143839 0.000280833 2.15166
331.262 0.145442 0.000274791 2.10536
334.962 0.147067 0.000272432 2.08729
338.662 0.148691 0.000271622 2.08108
342.412 0.150338 0.000267105 2.04648
346.212 0.152006 0.000268087 2.054
350.013 0.153675 0.000265789 2.0364
353.863 0.155365 0.000262821 2.01365
357.763 0.157078 0.000260513 1.99597
361.663 0.15879 0.000258718 1.98222
365.563 0.160502 0.000258139 1.97778
369.514 0.162237 0.00025425 1.94799
373.514 0.163993 0.00025325 1.94032
377.514 0.165749 0.0002525 1.93458
381.565 0.167528 0.000250183 1.91682
385.665 0.169328 0.000249268 1.90982
389.765 0.171128 0.000245366 1.87992
393.915 0.17295 0.000241429 1.84975
398.115 0.174795 0.000242561 1.85843
402.316 0.176639 0.00023881 1.82968
406.566 0.178505 0.000235349 1.80317
410.866 0.180393 0.000235581 1.80495
415.167 0.182281 0.000235062 1.80097
419.467 0.184169 0.000236512 1.81208
423.767 0.186057 0.000234884 1.79961
428.117 0.187967 0.000231993 1.77746
432.518 0.189899 0.000229773 1.76045
436.918 0.191831 0.000227727 1.74478
441.318 0.193763 0.000228636 1.75174
445.769 0.195717 0.000223728 1.71414
450.319 0.197715 0.000219783 1.68391
454.919 0.199734 0.000221087 1.6939
459.519 0.201754 0.00022087 1.69223
464.169 0.203796 0.000216975 1.6624
468.87 0.20586 0.000214681 1.64482
473.52 0.207901 0.000219565 1.68224
478.171 0.209943 0.000215486 1.65099
482.871 0.212007 0.000214043 1.63993
487.621 0.214092 0.000210208 1.61055
492.471 0.216222 0.000206939 1.5855
497.371 0.218373 0.000205468 1.57423
502.272 0.220525 0.000204694 1.5683
507.222 0.222698 0.0002028 1.55379
512.222 0.224894 0.0002034 1.55839
517.221 0.227089 0.00020184 1.54644
522.27 0.229305 0.000200863 1.53895
527.369 0.231544 0.000199059 1.52513
532.467 0.233782 0.000197294 1.5116
537.617 0.236043 0.000195422 1.49726
542.815 0.238326 0.000193536 1.48281
547.964 0.240586 0.000196313 1.50409
553.112 0.242847 0.000194653 1.49137
558.312 0.245129 0.000192345 1.47369
563.46 0.24739 0.000196155 1.50288
568.659 0.249672 0.000190413 1.45889
573.957 0.251999 0.000190602 1.46033
579.306 0.254347 0.000187847 1.43923
584.705 0.256717 0.000186146 1.42619
590.103 0.259088 0.000187998 1.44038
595.502 0.261458 0.00018581 1.42362
600.951 0.26385 0.000182942 1.40165
606.449 0.266265 0.000184397 1.41279
611.948 0.268679 0.000182976 1.4019
617.447 0.271093 0.000183306 1.40443
622.946 0.273507 0.000182033 1.39468
628.544 0.275965 0.000176553 1.3527
634.192 0.278445 0.000179675 1.37661
639.841 0.280925 0.000177224 1.35784
645.54 0.283427 0.000175851 1.34732
651.288 0.285951 0.000174513 1.33706
657.087 0.288497 0.000174198 1.33465
662.936 0.291065 0.000172572 1.32219
668.784 0.293633 0.000172961 1.32517
674.633 0.296201 0.000172431 1.32112
680.532 0.298791 0.000171385 1.3131
686.43 0.30138 0.000169888 1.30163
692.379 0.303992 0.000166861 1.27844
698.327 0.306604 0.000170905 1.30942
704.325 0.309237 0.000166585 1.27632
710.424 0.311915 0.000167432 1.28281
716.523 0.314593 0.000165273 1.26627
722.671 0.317292 0.000162956 1.24852
728.82 0.319992 0.000164781 1.2625
734.918 0.322669 0.00016694 1.27904
741.116 0.325391 0.000160502 1.22971
747.365 0.328134 0.000161504 1.23739
753.614 0.330878 0.00015939 1.2212
759.912 0.333643 0.00016021 1.22748
766.261 0.33643 0.000158306 1.21289
772.609 0.339218 0.000159416 1.22139
778.957 0.342005 0.000157368 1.20571
785.306 0.344792 0.000159098 1.21896
791.604 0.347558 0.000159574 1.22261
797.953 0.350345 0.000156743 1.20092
804.351 0.353154 0.000156299 1.19751
810.85 0.356007 0.000152447 1.168
817.448 0.358904 0.000152774 1.1705
824.046 0.361802 0.000152144 1.16568
830.645 0.364699 0.000151713 1.16238
837.243 0.367596 0.000151864 1.16354
843.841 0.370493 0.000152447 1.168
850.49 0.373412 0.000150045 1.1496
857.288 0.376396 0.000146564 1.12293
864.036 0.379359 0.00015169 1.1622
870.735 0.3823 0.00014872 1.13945
877.483 0.385263 0.000149597 1.14617
884.231 0.388226 0.000148404 1.13703
891.13 0.391255 0.000144756 1.10907
898.028 0.394284 0.000148132 1.13494
904.877 0.39729 0.000146108 1.11944
911.725 0.400297 0.000147543 1.13043
918.623 0.403326 0.000145327 1.11345
925.572 0.406377 0.000145093 1.11166
932.52 0.409427 0.000144184 1.10469
939.518 0.4125 0.000143755 1.10141
946.616 0.415616 0.00014115 1.08145
953.715 0.418733 0.000142878 1.09468
960.763 0.421828 0.000142857 1.09453
967.811 0.424922 0.000142898 1.09484
974.86 0.428017 0.000141569 1.08466
981.958 0.431133 0.000142998 1.09561
989.056 0.43425 0.00014173 1.08589
996.204 0.437388 0.000139622 1.06974
1003.4 0.440548 0.000140058 1.07308
1010.6 0.443709 0.000140556 1.07689
1017.85 0.446892 0.000138493 1.06109
1025.1 0.450075 0.000139444 1.06838
1032.35 0.453256 0.000137997 1.05729
1039.64 0.456459 0.000138082 1.05794
1046.94 0.459664 0.000138493 1.06109
1054.29 0.462891 0.000135946 1.04158
1061.69 0.46614 0.000135946 1.04158
1069.09 0.469389 0.000136216 1.04365
1076.43 0.472614 0.000137723 1.05519
1083.83 0.475861 0.0001344 1.02973
1091.33 0.479154 0.000135467 1.0379
1098.78 0.482425 0.000135676 1.03951
1106.18 0.485674 0.000135811 1.04054
1113.58 0.48892 0.000135859 1.04091
1121.02 0.492189 0.000135067 1.03484
1128.47 0.49546 0.000135541 1.03847
1135.87 0.498709 0.000135676 1.03951
1144.17 0.502353 0.000108696 0.832793
1152.72 0.506105 0.000128264 0.982716
1160.36 0.509462 0.000135405 1.03743
1167.91 0.512776 0.000130519 1
1175.56 0.516135 0.000133421 1.02223
1183.11 0.51945 0.000134933 1.03382
1190.61 0.522743 0.000134667 1.03177
1198.11 0.526034 0.000135247 1.03622
1205.65 0.529346 0.000132632 1.01618
1213.25 0.532683 0.000132105 1.01215
1220.8 0.535998 0.000133733 1.02462
1228.4 0.539335 0.000131039 1.00398
1236.1 0.542713 0.000130819 1.0023
1243.84 0.546114 0.000129359 0.991109
1251.49 0.549473 0.000134 1.02667
1259.09 0.55281 0.000131299 1.00597
1266.79 0.55619 0.000131688 1.00896
1274.49 0.559569 0.000130819 1.0023
1282.13 0.562925 0.000132368 1.01417
1289.73 0.566262 0.000131842 1.01013
1297.33 0.569599 0.000132368 1.01417
1304.93 0.572936 0.000131842 1.01013
1312.58 0.576295 0.00013039 0.999005
1320.12 0.579607 0.000135995 1.04195
1327.62 0.582898 0.000131579 1.00812
1335.27 0.586257 0.000131169 1.00498
1342.87 0.589594 0.000134933 1.03382
1350.47 0.59293 0.000130649 1.001
1358.17 0.596311 0.000131688 1.00896
1365.82 0.599668 0.000133333 1.02156
1373.41 0.603002 0.000133421 1.02223
1380.91 0.606295 0.000136081 1.04261
1388.36 0.609566 0.000134267 1.02871
1396.01 0.612925 0.000130128 0.997002
1403.66 0.616281 0.000133511 1.02292
1411.1 0.61955 0.000135946 1.04158
1418.6 0.622843 0.000132632 1.01618
1426.1 0.626136 0.000135541 1.03847
1433.55 0.629407 0.0001344 1.02973
1441.05 0.632698 0.000133511 1.02292
1448.54 0.635988 0.0001336 1.0236
1456.14 0.639325 0.000131688 1.00896
1463.74 0.642662 0.0001348 1.0328
1471.14 0.645911 0.000137123 1.0506
1478.54 0.64916 0.0001336 1.0236
1486.09 0.652473 0.000132675 1.01651
1493.63 0.655785 0.000133733 1.02462
1501.13 0.659078 0.000135467 1.0379
1508.58 0.662349 0.000135405 1.03743
1516.03 0.66562 0.000134267 1.02871
1523.47 0.668889 0.000136265 1.04402
1530.87 0.672136 0.000136351 1.04468
1538.32 0.675407 0.0001348 1.0328
1545.72 0.678656 0.000136986 1.04955
1553.07 0.681883 0.000137568 1.054
1560.42 0.68511 0.000138082 1.05794
1567.71 0.688313 0.000139506 1.06885
1575.01 0.691516 0.000138767 1.06319
1582.26 0.694699 0.000140417 1.07583
1589.41 0.697838 0.000140845 1.07911
1596.56 0.700977 0.00014125 1.08221
1603.71 0.704117 0.00014169 1.08559
1610.8 0.707232 0.000143441 1.099
1617.85 0.710325 0.000142857 1.09453
1624.85 0.713398 0.000143857 1.10219
1631.85 0.716472 0.000144143 1.10438
1638.85 0.719545 0.000144 1.10328
1645.8 0.722594 0.000145428 1.11423
1652.69 0.725621 0.000146232 1.12038
1659.54 0.728629 0.000147059 1.12672
1666.39 0.731637 0.000146667 1.12371
1673.29 0.734666 0.000146812 1.12483
1680.14 0.737674 0.000148382 1.13686
1686.93 0.740657 0.000148159 1.13515
1693.73 0.74364 0.000149559 1.14587
1700.48 0.746604 0.000150896 1.15611
1707.18 0.749546 0.000150746 1.15497
1713.83 0.752465 0.000151818 1.16318
1720.43 0.755363 0.00015197 1.16434
1726.97 0.758237 0.000155316 1.18998
1733.47 0.761088 0.000155077 1.18815
1739.92 0.76392 0.00015625 1.19714
1746.37 0.766752 0.000156462 1.19876
1752.77 0.769562 0.000158889 1.21736
1759.12 0.77235 0.000157656 1.20791
1765.52 0.77516 0.000158125 1.2115
1771.87 0.777946 0.000160413 1.22904
1778.16 0.78071 0.000160476 1.22952
1784.46 0.783476 0.00016127 1.2356
1790.66 0.786198 0.000164098 1.25727
1796.71 0.788854 0.000168333 1.28972
1802.71 0.791488 0.000167833 1.28589
1808.7 0.794121 0.000167112 1.28036
1814.7 0.796753 0.000168833 1.29355
1820.65 0.799365 0.000170169 1.30379
1826.55 0.801956 0.000171186 1.31158
1832.4 0.804524 0.000173621 1.33023
1838.15 0.807049 0.00017614 1.34953
1843.9 0.809573 0.000173276 1.32759
1849.69 0.812117 0.000173402 1.32856
1855.44 0.81464 0.000177018 1.35625
1861.14 0.817142 0.000177895 1.36297
1866.74 0.819601 0.000183818 1.40836
1872.19 0.821994 0.000185185 1.41883
1877.64 0.824387 0.000183636 1.40697
1883.09 0.82678 0.000185556 1.42167
1888.49 0.829151 0.000186481 1.42876
1893.88 0.831519 0.00018757 1.4371
1899.28 0.833888 0.000186481 1.42876
1904.63 0.836237 0.000191132 1.4644
1909.93 0.838564 0.000191887 1.47018
1915.18 0.840869 0.000195 1.49403
1920.38 0.843152 0.000194808 1.49256
1925.58 0.845435 0.000196538 1.50582
1930.73 0.847696 0.000198431 1.52032
1935.78 0.849911 0.000203206 1.5569
1940.72 0.852082 0.00020551 1.57456
1945.57 0.854212 0.000209792 1.60736
1950.37 0.856319 0.000210833 1.61534
1955.17 0.858427 0.000211875 1.62332
1959.92 0.860512 0.000215957 1.6546
1964.62 0.862576 0.000217447 1.66601
1969.27 0.864617 0.000220652 1.69057
1973.82 0.866613 0.000223831 1.71492
1978.31 0.868587 0.000225333 1.72643
1982.81 0.870562 0.000227556 1.74346
1987.26 0.872516 0.000228864 1.75348
1991.66 0.874448 0.000231818 1.77612
1995.96 0.876336 0.000238333 1.82604
2000.21 0.878202 0.000236977 1.81564
2004.46 0.880068 0.00023881 1.82968
2008.66 0.881912 0.000242143 1.85522
2012.81 0.883734 0.00024439 1.87244
2016.9 0.885532 0.000244743 1.87515
2020.95 0.887308 0.00025225 1.93266
2024.95 0.889064 0.00025325 1.94032
2028.9 0.890798 0.000257436 1.97239
2032.8 0.892511 0.000258205 1.97829
2036.65 0.894201 0.000263947 2.02228
2040.45 0.895869 0.000267895 2.05253
2044.25 0.897538 0.000268421 2.05656
2048.05 0.899206 0.000268947 2.06059
2051.8 0.900853 0.000272973 2.09143
2055.45 0.902457 0.000277839 2.12872
2059.01 0.904018 0.000287143 2.2
2062.51 0.905555 0.000288 2.20657
2065.97 0.907072 0.000294135 2.25357
2069.37 0.908567 0.000296471 2.27147
2072.77 0.91006 0.000298529 2.28724
2076.12 0.911533 0.000304532 2.33323
2079.43 0.912984 0.000308182 2.36119
2082.73 0.914433 0.000310909 2.38209
2085.99 0.915862 0.000313084 2.39875
2089.19 0.917269 0.000319688 2.44935
2092.34 0.918652 0.000323226 2.47646
2095.44 0.920013 0.000327419 2.50859
2098.55 0.921376 0.000330868 2.53501
2101.6 0.922718 0.000337333 2.58454
2104.6 0.924035 0.000343333 2.63051
2107.56 0.925332 0.000347423 2.66185
2110.46 0.926608 0.000354483 2.71594
2113.31 0.927859 0.0003575 2.73905
2116.11 0.92909 0.000360142 2.7593
2118.92 0.930322 0.000365357 2.79925
2121.72 0.931551 0.000368571 2.82388
2124.47 0.932759 0.000376667 2.8859
2127.18 0.933946 0.000383764 2.94028
2129.83 0.935112 0.000390385 2.99101
2132.43 0.936254 0.000396154 3.03521
2134.98 0.937373 0.000404 3.09532
2137.48 0.938473 0.00040239 3.08299
2139.99 0.939573 0.00042 3.21791
2142.44 0.940649 0.000420833 3.2243
2144.84 0.941702 0.000429167 3.28814
2147.19 0.942736 0.000437229 3.34992
2149.5 0.943748 0.000443478 3.39779
2151.75 0.944736 0.000454545 3.48259
2154 0.945724 0.000456522 3.49773
2156.25 0.946712 0.000468182 3.58706
2158.45 0.94768 0.000475113 3.64017
2160.61 0.948626 0.000485714 3.72139
2162.71 0.949548 0.000495238 3.79436
2164.76 0.950448 0.00051 3.90746
2166.76 0.951326 0.00051 3.90746
2168.77 0.952207 0.000517413 3.96426
2170.72 0.953065 0.000531579 4.07279
2172.62 0.953899 0.000531579 4.07279
2174.52 0.954733 0.000542105 4.15344
2176.42 0.955568 0.000557895 4.27442
2178.27 0.95638 0.000561111 4.29906
2180.07 0.957172 0.000569061 4.35997
2181.88 0.957965 0.000577778 4.42676
2183.63 0.958733 0.000594118 4.55195
2185.33 0.95948 0.0006 4.59701
2187.03 0.960226 0.000611765 4.68715
2188.74 0.960975 0.000614035 4.70455
2190.39 0.961701 0.0006375 4.88433
2191.99 0.962404 0.0006375 4.88433
2193.59 0.963106 0.00065625 5.02799
2195.14 0.963787 0.000666667 5.10779
2196.64 0.964445 0.000673333 5.15887
2198.14 0.965104 0.000686667 5.26103
2199.64 0.965765 0.000701987 5.37841
2201.1 0.966404 0.000721429 5.52736
2202.5 0.967018 0.000728571 5.58209
2203.9 0.967633 0.000742857 5.69154
2205.3 0.968248 0.000764286 5.85572
2206.7 0.968862 0.000771429 5.91045
2208.05 0.969455 0.0008 6.12935
2209.36 0.970028 0.000801527 6.14105
2210.66 0.970601 0.000823077 6.30616
2211.91 0.97115 0.000841667 6.44859
2213.11 0.971677 0.000866667 6.64013
2214.31 0.972203 0.000883333 6.76783
2215.51 0.97273 0.0009 6.89552
2216.66 0.973235 0.000918182 7.03483
2217.76 0.973718 0.000936364 7.17413
2218.86 0.974201 0.000954545 7.31343
2219.97 0.974686 0.000954955 7.31657
2221.07 0.975171 0.001 7.66169
2222.12 0.975632 0.00101 7.73831
2223.12 0.976072 0.00103 7.89154
2224.12 0.976511 0.00105 8.04478
2225.12 0.97695 0.00107 8.19801
2226.12 0.977389 0.0011 8.42786
2227.07 0.977806 0.00111111 8.51299
2227.97 0.978201 0.00113333 8.68325
2228.87 0.978596 0.00115556 8.85351
2229.77 0.978991 0.00116667 8.93864
2230.68 0.979389 0.00118681 9.093
2231.58 0.979786 0.00122222 9.36429
2232.48 0.980181 0.00124444 9.53455
2233.33 0.980554 0.001275 9.76866
2234.23 0.980949 0.00102 7.81493
2235.13 0.981345 0.0012875 9.86443
2235.93 0.981696 0.0013125 10.056
2236.73 0.982047 0.00135 10.3433
2237.53 0.982398 0.0013875 10.6306
2238.33 0.98275 0.0014125 10.8221
2239.08 0.983079 0.00145714 11.1642
2239.78 0.983388 0.0014507 11.1148
2240.49 0.983698 0.00151429 11.602
2241.19 0.984005 0.00152857 11.7114
2241.89 0.984313 0.00155714 11.9303
2242.59 0.98462 0.00158571 12.1493
2243.29 0.984927 0.00161429 12.3682
2243.99 0.985235 0.00164286 12.5871
2244.64 0.98552 0.0017 13.0249
2245.24 0.985783 0.00171667 13.1526
2245.84 0.986047 0.00175 13.408
2246.44 0.98631 0.00178333 13.6633
2247.04 0.986574 0.00183333 14.0464
2247.64 0.986837 0.00185 14.1741
2248.24 0.987101 0.0019 14.5572
2248.84 0.987364 0.00193333 14.8126
2249.39 0.987605 0.002 15.3234
2249.94 0.987847 0.002 15.3234
2250.49 0.988088 0.00206 15.7831
2250.99 0.98831 0.00207843 15.9243
2251.5 0.988532 0.00214 16.396
2252 0.988751 0.0022 16.8557
2252.5 0.988971 0.00224 17.1622
2253 0.98919 0.0023 17.6219
2253.5 0.98941 0.00236 18.0816
2254 0.98963 0.0024 18.3881
2254.5 0.989849 0.00246 18.8478
2254.95 0.990047 0.002525 19.3458
2255.35 0.990222 0.00255 19.5373
2255.75 0.990398 0.0026 19.9204
2256.15 0.990573 0.00265 20.3035
2256.55 0.990749 0.0027 20.6866
2256.95 0.990925 0.00275 21.0697
2257.35 0.9911 0.0028 21.4527
2257.75 0.991276 0.002875 22.0274
2258.15 0.991452 0.002925 22.4104
2258.55 0.991627 0.002975 22.7935
2258.95 0.991803 0.00305 23.3682
2259.35 0.991978 0.003125 23.9428
2259.75 0.992154 0.0032 24.5174
2260.15 0.992332 0.00319512 24.48
2260.51 0.992486 0.00344828 26.4196
2260.8 0.992615 0.0034 26.0498
2261.11 0.992749 0.0033871 25.9509
2261.41 0.992883 0.00353333 27.0713
2261.71 0.993015 0.00363333 27.8375
2262.01 0.993146 0.00373333 28.6036
2262.31 0.993278 0.00376667 28.859
2262.61 0.99341 0.00393333 30.136
2262.91 0.993542 0.00396667 30.3914
2263.21 0.993673 0.0041 31.4129
2263.51 0.993805 0.0042 32.1791
2263.81 0.993937 0.00426667 32.6899
2264.11 0.994068 0.0044 33.7114
2264.41 0.9942 0.0045 34.4776
2264.71 0.994332 0.00463333 35.4992
2265.01 0.994464 0.00473333 36.2653
2265.31 0.994595 0.0049 37.5423
2265.61 0.994727 0.00503333 38.5638
2265.86 0.994837 0.00515 39.4577
2266.06 0.994925 0.0053 40.607
2266.26 0.995012 0.0054 41.3731
2266.46 0.9951 0.0055 42.1393
2266.66 0.995188 0.0056 42.9055
2266.86 0.995276 0.00575 44.0547
2267.06 0.995364 0.00585 44.8209
2267.26 0.995451 0.006 45.9701
2267.46 0.995539 0.00615 47.1194
2267.66 0.995627 0.00625 47.8856
2267.86 0.995715 0.00645 49.4179
2268.06 0.995803 0.00655 50.1841
2268.26 0.99589 0.0068 52.0995
2268.46 0.995978 0.00695 53.2488
2268.66 0.996066 0.0071 54.398
2268.86 0.996154 0.0073 55.9303
2269.06 0.996242 0.00755 57.8458
2269.26 0.99633 0.0078 59.7612
2269.46 0.996417 0.00815 62.4428
2269.66 0.996505 0.00825 63.209
2269.86 0.996593 0.00845 64.7413
2270.06 0.996681 0.00875 67.0398
2270.26 0.996769 0.009 68.9552
2270.47 0.996859 0.00885714 67.8607
2270.67 0.996949 0.0096 73.5522
2270.86 0.997034 0.0105263 80.6494
2271.02 0.9971 0.00927273 71.0448
2271.11 0.997144 0.0114444 87.6838
2271.22 0.997188 0.00963636 73.8308
2271.32 0.997234 0.0107 81.9801
2271.41 0.997276 0.0122222 93.6429
2271.52 0.99732 0.0105455 80.796
2271.62 0.997366 0.0115 88.1095
2271.72 0.99741 0.0117 89.6418
2271.82 0.997453 0.012 91.9403
2271.92 0.997497 0.0121 92.7065
2272.02 0.997541 0.0125 95.7711
2272.12 0.997585 0.0128 98.0697
2272.22 0.997629 0.013 99.602
2272.32 0.997673 0.0133 101.9
2272.42 0.997717 0.0136 104.199
2272.52 0.997761 0.0138 105.731
2272.62 0.997805 0.0142 108.796
2272.72 0.997849 0.0145 111.095
2272.82 0.997893 0.015 114.925
2272.92 0.997936 0.0152 116.458
2273.02 0.99798 0.0158 121.055
2273.12 0.998024 0.016 122.587
2273.22 0.998068 0.0164 125.652
2273.32 0.998112 0.017 130.249
2273.42 0.998156 0.0173 132.547
2273.52 0.9982 0.0183 140.209
2273.62 0.998244 0.0185 141.741
2273.72 0.998288 0.0192 147.104
2273.82 0.998332 0.0198 151.701
2273.92 0.998375 0.0205 157.065
2274.02 0.998419 0.0212 162.428
2274.12 0.998463 0.022 168.557
2274.22 0.998507 0.0227 173.92
2274.32 0.998551 0.0236 180.816
2274.42 0.998595 0.0243 186.179
2274.52 0.998639 0.0253 193.841
2274.62 0.998683 0.0264 202.269
2274.72 0.998727 0.0274 209.93
2274.82 0.998771 0.0286 219.124
2274.92 0.998815 0.0301 230.617
2275.02 0.998858 0.0315 241.343
2275.12 0.998902 0.0338 258.965
2275.22 0.998946 0.0349 267.393
2275.32 0.99899 0.0365 279.652
2275.42 0.999034 0.0386 295.741
2275.52 0.999078 0.0411 314.896
2275.62 0.999122 0.0441 337.881
2275.72 0.999166 0.0462 353.97
2275.82 0.99921 0.0495 379.254
2275.92 0.999254 0.0529 405.303
2276.02 0.999298 0.0567 434.418
2276.12 0.999341 0.0612 468.896
2276.22 0.999385 0.0647 495.711
2276.32 0.999429 0.0721 552.408
2276.42 0.999473 0.08 612.935
2276.52 0.999517 0.0882 675.761
2276.62 0.999561 0.0989 757.741
2276.72 0.999605 0.1137 871.134
2276.82 0.999649 0.1299 995.254
2276.92 0.999693 0.1486 1138.53
2277.02 0.999737 0.1687 1292.53
2277.12 0.99978 0.1998 1530.81
2277.22 0.999824 0.2481 1900.87
2277.32 0.999868 0.3335 2555.17
2277.42 0.999912 0.5622 4307.4
2277.52 0.999956 1.1385 8722.84
