-4.500000000000000000e+02 9.996838999999999986e-04 1.059430000000000094e+00
-4.400000000000000000e+02 9.996823999999999207e-04 1.034146000000000010e+00
-4.300000000000000000e+02 1.000084999999999950e-03 1.009163999999999950e+00
-4.200000000000000000e+02 9.997134999999999008e-04 9.859776000000000096e-01
-4.100000000000000000e+02 9.999207000000000841e-04 9.628105999999999609e-01
-4.000000000000000000e+02 9.999631000000000144e-04 9.402772999999999826e-01
-3.900000000000000000e+02 1.000060000000000098e-03 9.184206000000000314e-01
-3.800000000000000000e+02 1.000040000000000000e-03 8.972168000000000365e-01
-3.700000000000000000e+02 1.000121000000000083e-03 8.763900000000000023e-01
-3.600000000000000000e+02 1.000037999999999969e-03 8.561248999999999665e-01
-3.500000000000000000e+02 9.999726000000000014e-04 8.366940000000000488e-01
-3.400000000000000000e+02 1.000002000000000052e-03 8.180332999999999632e-01
-3.300000000000000000e+02 1.000040000000000000e-03 7.994738999999999596e-01
-3.200000000000000000e+02 9.999880000000000487e-04 7.818511999999999684e-01
-3.100000000000000000e+02 1.000014999999999932e-03 7.643136999999999848e-01
-3.000000000000000000e+02 1.000002999999999960e-03 7.468331000000000275e-01
-2.900000000000000000e+02 9.999798000000000714e-04 7.305663999999999492e-01
-2.800000000000000000e+02 9.999753000000000547e-04 7.147166999999999826e-01
-2.700000000000000000e+02 9.999975000000000357e-04 6.989824999999999511e-01
-2.600000000000000000e+02 1.000005999999999898e-03 6.836271999999999904e-01
-2.500000000000000000e+02 9.999873000000000269e-04 6.691011999999999516e-01
-2.400000000000000000e+02 9.999684999999999043e-04 6.550063000000000413e-01
-2.300000000000000000e+02 9.999742999999999306e-04 6.403586999999999474e-01
-2.200000000000000000e+02 1.000007999999999930e-03 6.237934000000000534e-01
-2.100000000000000000e+02 9.999905000000000339e-04 6.135730999999999824e-01
-2.000000000000000000e+02 9.999919999999998949e-04 6.006228000000000122e-01
-1.900000000000000000e+02 9.999809000000000128e-04 5.884283000000000152e-01
-1.800000000000000000e+02 1.000042999999999939e-03 5.775533999999999946e-01
-1.700000000000000000e+02 1.000016000000000056e-03 5.626594000000000317e-01
-1.600000000000000000e+02 1.000007000000000023e-03 5.525352000000000041e-01
-1.500000000000000000e+02 1.000044999999999970e-03 5.429842000000000279e-01
-1.400000000000000000e+02 1.000058000000000067e-03 5.312584000000000195e-01
-1.300000000000000000e+02 1.000004999999999991e-03 5.202248999999999901e-01
-1.200000000000000000e+02 1.000065999999999976e-03 5.105960999999999972e-01
-1.100000000000000000e+02 1.000068000000000007e-03 4.977105000000000001e-01
-1.000000000000000000e+02 1.000016000000000056e-03 4.963025999999999827e-01
-9.000000000000000000e+01 1.000046000000000095e-03 4.854768999999999890e-01
-8.000000000000000000e+01 1.000131999999999931e-03 4.702331000000000150e-01
-7.000000000000000000e+01 1.000091999999999951e-03 4.631455999999999906e-01
-6.000000000000000000e+01 1.000075999999999916e-03 4.564767000000000130e-01
-5.000000000000000000e+01 1.000124999999999929e-03 4.479929000000000272e-01
-4.000000000000000000e+01 1.000177000000000097e-03 4.313811000000000173e-01
-3.000000000000000000e+01 1.000189999999999977e-03 4.294128999999999863e-01
-2.000000000000000000e+01 1.000192999999999915e-03 4.207320999999999978e-01
-1.000000000000000000e+01 1.000135999999999994e-03 4.112612999999999963e-01
0.000000000000000000e+00 1.000105000000000048e-03 4.074862000000000206e-01
1.100000000005820766e-01 1.011128000000000027e-01 1.000000000000000000e+02
1.999999999970896170e-01 1.119995000000000018e-01 1.000000000000000000e+02
3.000000000029103830e-01 1.177112000000000019e-01 1.000000000000000000e+02
4.100000000034924597e-01 1.217200999999999977e-01 1.000000000000000000e+02
5.099999999947613105e-01 1.247802999999999968e-01 1.000000000000000000e+02
6.000000000058207661e-01 1.272900999999999894e-01 1.000000000000000000e+02
7.100000000064028427e-01 1.294765999999999972e-01 1.000000000000000000e+02
8.099999999976716936e-01 1.313461999999999963e-01 1.000000000000000000e+02
9.100000000034924597e-01 1.330088000000000104e-01 1.000000000000000000e+02
1.009999999994761311e+00 1.344950000000000034e-01 1.000000000000000000e+02
1.110000000000582077e+00 1.358443000000000012e-01 1.000000000000000000e+02
1.210000000006402843e+00 1.370933000000000013e-01 1.000000000000000000e+02
1.300000000002910383e+00 1.382587999999999873e-01 1.000000000000000000e+02
1.410000000003492460e+00 1.393282000000000131e-01 1.000000000000000000e+02
1.610000000000582077e+00 1.412430000000000074e-01 1.000000000000000000e+02
1.809999999997671694e+00 1.429952999999999919e-01 1.000000000000000000e+02
2.009999999994761311e+00 1.445343000000000044e-01 1.000000000000000000e+02
2.199999999997089617e+00 1.459214000000000067e-01 1.000000000000000000e+02
2.410000000003492460e+00 1.472091000000000094e-01 1.000000000000000000e+02
2.600000000005820766e+00 1.483999000000000013e-01 1.000000000000000000e+02
2.800000000002910383e+00 1.495208000000000093e-01 1.000000000000000000e+02
3.000000000000000000e+00 1.505597999999999936e-01 1.000000000000000000e+02
3.300000000002910383e+00 1.519909999999999872e-01 1.000000000000000000e+02
3.600000000005820766e+00 1.533093000000000095e-01 1.000000000000000000e+02
3.910000000003492460e+00 1.545221999999999984e-01 1.000000000000000000e+02
4.199999999997089617e+00 1.556724999999999914e-01 1.000000000000000000e+02
4.509999999994761311e+00 1.567628000000000077e-01 1.000000000000000000e+02
4.910000000003492460e+00 1.580921999999999883e-01 1.000000000000000000e+02
5.300000000002910383e+00 1.593313000000000090e-01 1.000000000000000000e+02
5.710000000006402843e+00 1.604988999999999999e-01 1.000000000000000000e+02
6.110000000000582077e+00 1.616047999999999929e-01 1.000000000000000000e+02
6.509999999994761311e+00 1.626400000000000068e-01 1.000000000000000000e+02
7.000000000000000000e+00 1.638695000000000013e-01 1.000000000000000000e+02
7.509999999994761311e+00 1.650163000000000046e-01 1.000000000000000000e+02
8.000000000000000000e+00 1.661024999999999863e-01 1.000000000000000000e+02
8.509999999994761311e+00 1.671246999999999872e-01 1.000000000000000000e+02
9.110000000000582077e+00 1.682792999999999928e-01 1.000000000000000000e+02
9.710000000006402843e+00 1.693667000000000089e-01 1.000000000000000000e+02
1.030000000000291038e+01 1.704035999999999884e-01 1.000000000000000000e+02
1.091000000000349246e+01 1.714054999999999884e-01 1.000000000000000000e+02
1.161000000000058208e+01 1.725148999999999988e-01 1.000000000000000000e+02
1.230000000000291038e+01 1.735372000000000026e-01 1.000000000000000000e+02
1.300999999999476131e+01 1.745393000000000083e-01 1.000000000000000000e+02
1.380999999999767169e+01 1.755961000000000050e-01 1.000000000000000000e+02
1.461000000000058208e+01 1.766204000000000107e-01 1.000000000000000000e+02
1.550999999999476131e+01 1.777046999999999932e-01 1.000000000000000000e+02
1.641000000000349246e+01 1.787316999999999934e-01 1.000000000000000000e+02
1.741000000000349246e+01 1.798229000000000077e-01 1.000000000000000000e+02
1.841000000000349246e+01 1.808575000000000044e-01 1.000000000000000000e+02
1.950999999999476131e+01 1.819371999999999934e-01 1.000000000000000000e+02
2.061000000000058208e+01 1.829573999999999923e-01 1.000000000000000000e+02
2.180999999999767169e+01 1.840441999999999911e-01 1.000000000000000000e+02
2.300999999999476131e+01 1.850491999999999970e-01 1.000000000000000000e+02
2.430000000000291038e+01 1.861298000000000119e-01 1.000000000000000000e+02
2.561000000000058208e+01 1.871355000000000102e-01 1.000000000000000000e+02
2.691000000000349246e+01 1.881421000000000066e-01 1.000000000000000000e+02
2.841000000000349246e+01 1.892062999999999939e-01 1.000000000000000000e+02
2.991000000000349246e+01 1.902153000000000038e-01 1.000000000000000000e+02
3.150999999999476131e+01 1.912736999999999910e-01 1.000000000000000000e+02
3.311000000000058208e+01 1.922829000000000066e-01 1.000000000000000000e+02
3.480999999999767169e+01 1.933081000000000105e-01 1.000000000000000000e+02
3.661000000000058208e+01 1.943391999999999897e-01 1.000000000000000000e+02
3.841000000000349246e+01 1.953741999999999979e-01 1.000000000000000000e+02
4.041000000000349246e+01 1.964372000000000063e-01 1.000000000000000000e+02
4.241000000000349246e+01 1.974463999999999941e-01 1.000000000000000000e+02
4.441000000000349246e+01 1.984512999999999971e-01 1.000000000000000000e+02
4.660000000000582077e+01 1.994705999999999979e-01 1.000000000000000000e+02
4.880000000000291038e+01 2.004737000000000047e-01 1.000000000000000000e+02
5.111000000000058208e+01 2.014942000000000122e-01 1.000000000000000000e+02
5.350999999999476131e+01 2.025173000000000112e-01 1.000000000000000000e+02
5.600000000000000000e+01 2.035257000000000038e-01 1.000000000000000000e+02
5.860000000000582077e+01 2.045289000000000135e-01 1.000000000000000000e+02
6.130000000000291038e+01 2.055392000000000052e-01 1.000000000000000000e+02
6.411000000000058208e+01 2.065566000000000069e-01 1.000000000000000000e+02
6.700000000000000000e+01 2.075616999999999879e-01 1.000000000000000000e+02
7.000000000000000000e+01 2.085735999999999979e-01 1.000000000000000000e+02
7.311000000000058208e+01 2.095799000000000134e-01 1.000000000000000000e+02
7.641000000000349246e+01 2.105964999999999920e-01 1.000000000000000000e+02
7.991000000000349246e+01 2.116169999999999995e-01 1.000000000000000000e+02
8.341000000000349246e+01 2.126291999999999904e-01 1.000000000000000000e+02
8.711000000000058208e+01 2.136513999999999913e-01 1.000000000000000000e+02
9.080000000000291038e+01 2.146523999999999932e-01 1.000000000000000000e+02
9.480000000000291038e+01 2.156789000000000067e-01 1.000000000000000000e+02
9.891000000000349246e+01 2.166858999999999869e-01 1.000000000000000000e+02
1.030000000000000000e+02 2.176907999999999899e-01 1.000000000000000000e+02
1.074100000000034925e+02 2.187080000000000135e-01 1.000000000000000000e+02
1.118000000000029104e+02 2.197290000000000076e-01 1.000000000000000000e+02
1.165099999999947613e+02 2.207542999999999866e-01 1.000000000000000000e+02
1.214100000000034925e+02 2.217593999999999954e-01 1.000000000000000000e+02
1.263000000000029104e+02 2.227961999999999998e-01 1.000000000000000000e+02
1.314100000000034925e+02 2.237998999999999961e-01 1.000000000000000000e+02
1.365099999999947613e+02 2.248215000000000074e-01 1.000000000000000000e+02
1.419100000000034925e+02 2.258425000000000016e-01 1.000000000000000000e+02
1.474100000000034925e+02 2.268548999999999982e-01 1.000000000000000000e+02
1.531100000000005821e+02 2.278824000000000127e-01 1.000000000000000000e+02
1.590099999999947613e+02 2.288830000000000031e-01 1.000000000000000000e+02
1.649100000000034925e+02 2.298904999999999976e-01 1.000000000000000000e+02
1.708099999999976717e+02 2.308971999999999969e-01 1.000000000000000000e+02
1.771100000000005821e+02 2.319042000000000048e-01 1.000000000000000000e+02
1.836100000000005821e+02 2.329185000000000005e-01 1.000000000000000000e+02
1.904100000000034925e+02 2.339287999999999923e-01 1.000000000000000000e+02
1.973000000000029104e+02 2.349411999999999889e-01 1.000000000000000000e+02
2.046100000000005821e+02 2.359523000000000037e-01 1.000000000000000000e+02
2.121100000000005821e+02 2.369591000000000058e-01 1.000000000000000000e+02
2.195099999999947613e+02 2.379622000000000126e-01 1.000000000000000000e+02
2.270099999999947613e+02 2.389631000000000116e-01 1.000000000000000000e+02
2.349100000000034925e+02 2.399715000000000042e-01 1.000000000000000000e+02
2.429100000000034925e+02 2.409773000000000054e-01 1.000000000000000000e+02
2.513099999999976717e+02 2.419882999999999895e-01 1.000000000000000000e+02
2.597200000000011642e+02 2.430013000000000034e-01 1.000000000000000000e+02
2.683099999999976717e+02 2.440037999999999929e-01 1.000000000000000000e+02
2.770099999999947613e+02 2.450102000000000113e-01 1.000000000000000000e+02
2.862200000000011642e+02 2.460164999999999991e-01 1.000000000000000000e+02
2.955099999999947613e+02 2.470355999999999941e-01 1.000000000000000000e+02
3.050099999999947613e+02 2.480576999999999921e-01 1.000000000000000000e+02
3.148200000000069849e+02 2.490709000000000117e-01 1.000000000000000000e+02
3.246199999999953434e+02 2.500793000000000044e-01 1.000000000000000000e+02
3.340099999999947613e+02 2.510862999999999845e-01 1.000000000000000000e+02
3.438200000000069849e+02 2.520917999999999770e-01 1.000000000000000000e+02
3.538200000000069849e+02 2.531027000000000138e-01 1.000000000000000000e+02
3.638200000000069849e+02 2.541073999999999833e-01 1.000000000000000000e+02
3.742200000000011642e+02 2.551136999999999988e-01 1.000000000000000000e+02
3.852200000000011642e+02 2.561177000000000037e-01 1.000000000000000000e+02
3.964199999999982538e+02 2.571395000000000208e-01 1.000000000000000000e+02
4.081300000000046566e+02 2.581458999999999837e-01 1.000000000000000000e+02
4.194299999999930151e+02 2.591466000000000047e-01 1.000000000000000000e+02
4.313200000000069849e+02 2.601588000000000234e-01 1.000000000000000000e+02
4.435200000000040745e+02 2.611648999999999776e-01 1.000000000000000000e+02
4.557299999999959255e+02 2.621748999999999885e-01 1.000000000000000000e+02
4.682299999999959255e+02 2.631762000000000268e-01 1.000000000000000000e+02
4.809299999999930151e+02 2.641805999999999877e-01 1.000000000000000000e+02
4.941300000000046566e+02 2.651866999999999974e-01 1.000000000000000000e+02
5.074299999999930151e+02 2.661873000000000156e-01 1.000000000000000000e+02
5.206300000000046566e+02 2.671874000000000193e-01 1.000000000000000000e+02
5.345200000000040745e+02 2.681969000000000158e-01 1.000000000000000000e+02
5.484199999999982538e+02 2.691971000000000225e-01 1.000000000000000000e+02
5.628200000000069849e+02 2.702023000000000064e-01 1.000000000000000000e+02
5.776100000000005821e+02 2.712108999999999770e-01 1.000000000000000000e+02
5.927100000000064028e+02 2.722129999999999828e-01 1.000000000000000000e+02
6.000099999999947613e+02 2.727007000000000181e-01 1.000000000000000000e+02
6.001100000000005821e+02 2.147789999999999977e-01 7.965860999999999884e-25
6.002100000000064028e+02 2.063715999999999884e-01 0.000000000000000000e+00
6.003000000000029104e+02 2.017745999999999984e-01 0.000000000000000000e+00
6.004100000000034925e+02 1.984229999999999883e-01 0.000000000000000000e+00
6.005099999999947613e+02 1.957991000000000037e-01 0.000000000000000000e+00
6.006100000000005821e+02 1.936121000000000092e-01 0.000000000000000000e+00
6.007100000000064028e+02 1.917169999999999985e-01 0.000000000000000000e+00
6.008099999999976717e+02 1.900474000000000052e-01 0.000000000000000000e+00
6.009100000000034925e+02 1.885602999999999863e-01 0.000000000000000000e+00
6.010099999999947613e+02 1.872188999999999937e-01 0.000000000000000000e+00
6.011100000000005821e+02 1.859928999999999888e-01 0.000000000000000000e+00
6.012100000000064028e+02 1.848590999999999984e-01 0.000000000000000000e+00
6.013000000000029104e+02 1.837973999999999997e-01 0.000000000000000000e+00
6.015099999999947613e+02 1.818842999999999988e-01 0.000000000000000000e+00
6.017100000000064028e+02 1.801784999999999914e-01 0.000000000000000000e+00
6.019100000000034925e+02 1.786210000000000020e-01 0.000000000000000000e+00
6.021100000000005821e+02 1.771985000000000088e-01 0.000000000000000000e+00
6.023000000000029104e+02 1.758817000000000019e-01 0.000000000000000000e+00
6.025099999999947613e+02 1.746736999999999873e-01 0.000000000000000000e+00
6.027100000000064028e+02 1.735287000000000079e-01 0.000000000000000000e+00
6.029100000000034925e+02 1.724407000000000023e-01 0.000000000000000000e+00
6.031100000000005821e+02 1.714399000000000062e-01 0.000000000000000000e+00
6.034100000000034925e+02 1.699817999999999885e-01 0.000000000000000000e+00
6.037100000000064028e+02 1.686825999999999881e-01 0.000000000000000000e+00
6.040099999999947613e+02 1.674305000000000099e-01 0.000000000000000000e+00
6.043000000000029104e+02 1.662920999999999982e-01 0.000000000000000000e+00
6.046100000000005821e+02 1.651867999999999947e-01 0.000000000000000000e+00
6.049100000000034925e+02 1.641593000000000080e-01 0.000000000000000000e+00
6.053000000000029104e+02 1.628728999999999871e-01 0.000000000000000000e+00
6.057100000000064028e+02 1.616413999999999906e-01 0.000000000000000000e+00
6.061100000000005821e+02 1.604951000000000016e-01 0.000000000000000000e+00
6.065099999999947613e+02 1.594442000000000081e-01 0.000000000000000000e+00
6.069100000000034925e+02 1.584193000000000129e-01 0.000000000000000000e+00
6.073000000000029104e+02 1.574191000000000062e-01 0.000000000000000000e+00
6.078099999999976717e+02 1.562501000000000029e-01 0.000000000000000000e+00
6.083000000000029104e+02 1.551435999999999926e-01 0.000000000000000000e+00
6.088099999999976717e+02 1.541061999999999987e-01 0.000000000000000000e+00
6.094100000000034925e+02 1.529183000000000070e-01 0.000000000000000000e+00
6.100099999999947613e+02 1.517968000000000095e-01 0.000000000000000000e+00
6.106100000000005821e+02 1.507238999999999940e-01 0.000000000000000000e+00
6.112100000000064028e+02 1.496897000000000089e-01 0.000000000000000000e+00
6.119100000000034925e+02 1.485297999999999896e-01 0.000000000000000000e+00
6.126100000000005821e+02 1.474301000000000084e-01 0.000000000000000000e+00
6.133000000000029104e+02 1.463910999999999962e-01 0.000000000000000000e+00
6.141100000000005821e+02 1.452444999999999986e-01 0.000000000000000000e+00
6.149100000000034925e+02 1.441556999999999977e-01 0.000000000000000000e+00
6.157100000000064028e+02 1.430991000000000068e-01 0.000000000000000000e+00
6.165099999999947613e+02 1.420701000000000047e-01 0.000000000000000000e+00
6.174100000000034925e+02 1.409808999999999923e-01 0.000000000000000000e+00
6.183000000000029104e+02 1.399433999999999956e-01 0.000000000000000000e+00
6.192100000000064028e+02 1.389091000000000076e-01 0.000000000000000000e+00
6.202100000000064028e+02 1.378491000000000022e-01 0.000000000000000000e+00
6.212100000000064028e+02 1.368353999999999959e-01 0.000000000000000000e+00
6.222100000000064028e+02 1.358313999999999910e-01 0.000000000000000000e+00
6.233000000000029104e+02 1.347688999999999970e-01 0.000000000000000000e+00
6.244100000000034925e+02 1.337424000000000113e-01 0.000000000000000000e+00
6.256100000000005821e+02 1.326815000000000078e-01 0.000000000000000000e+00
6.268099999999976717e+02 1.316624000000000128e-01 0.000000000000000000e+00
6.281100000000005821e+02 1.305873999999999924e-01 0.000000000000000000e+00
6.294100000000034925e+02 1.295662999999999954e-01 0.000000000000000000e+00
6.308099999999976717e+02 1.285302000000000111e-01 0.000000000000000000e+00
6.322100000000064028e+02 1.274874000000000007e-01 0.000000000000000000e+00
6.337100000000064028e+02 1.264525999999999983e-01 0.000000000000000000e+00
6.352100000000064028e+02 1.254211000000000076e-01 0.000000000000000000e+00
6.368099999999976717e+02 1.243849999999999956e-01 0.000000000000000000e+00
6.385099999999947613e+02 1.233249000000000012e-01 0.000000000000000000e+00
6.402100000000064028e+02 1.223030999999999979e-01 0.000000000000000000e+00
6.420099999999947613e+02 1.212560000000000027e-01 0.000000000000000000e+00
6.438099999999976717e+02 1.202425000000000022e-01 0.000000000000000000e+00
6.457100000000064028e+02 1.192016000000000048e-01 0.000000000000000000e+00
6.476100000000005821e+02 1.181952000000000003e-01 0.000000000000000000e+00
6.496100000000005821e+02 1.171777999999999986e-01 0.000000000000000000e+00
6.517100000000064028e+02 1.161413000000000029e-01 0.000000000000000000e+00
6.539100000000034925e+02 1.151062999999999947e-01 0.000000000000000000e+00
6.561100000000005821e+02 1.140866999999999992e-01 0.000000000000000000e+00
6.584100000000034925e+02 1.130619000000000068e-01 0.000000000000000000e+00
6.608099999999976717e+02 1.120181999999999983e-01 0.000000000000000000e+00
6.632100000000064028e+02 1.110121000000000024e-01 0.000000000000000000e+00
6.658099999999976717e+02 1.099924000000000041e-01 0.000000000000000000e+00
6.685099999999947613e+02 1.089480000000000032e-01 0.000000000000000000e+00
6.713000000000029104e+02 1.079341999999999940e-01 0.000000000000000000e+00
6.741100000000005821e+02 1.069158999999999943e-01 0.000000000000000000e+00
6.771100000000005821e+02 1.058836999999999973e-01 0.000000000000000000e+00
6.802100000000064028e+02 1.048613000000000045e-01 0.000000000000000000e+00
6.834100000000034925e+02 1.038349999999999967e-01 0.000000000000000000e+00
6.867100000000064028e+02 1.027969999999999995e-01 0.000000000000000000e+00
6.901100000000005821e+02 1.017689999999999984e-01 0.000000000000000000e+00
6.937100000000064028e+02 1.007590000000000013e-01 0.000000000000000000e+00
6.973000000000029104e+02 9.974246000000000500e-02 0.000000000000000000e+00
7.020099999999947613e+02 9.852901000000000020e-02 0.000000000000000000e+00
7.060099999999947613e+02 9.749510000000000121e-02 0.000000000000000000e+00
7.110099999999947613e+02 9.627139999999999309e-02 0.000000000000000000e+00
7.160099999999947613e+02 9.510029999999999872e-02 0.000000000000000000e+00
7.210099999999947613e+02 9.396928999999999699e-02 0.000000000000000000e+00
7.260099999999947613e+02 9.288675000000000403e-02 0.000000000000000000e+00
7.310099999999947613e+02 9.183011000000000645e-02 0.000000000000000000e+00
7.360099999999947613e+02 9.081137000000000237e-02 0.000000000000000000e+00
7.420099999999947613e+02 8.961270000000000346e-02 0.000000000000000000e+00
7.480099999999947613e+02 8.847581999999999669e-02 0.000000000000000000e+00
7.540099999999947613e+02 8.738759000000000110e-02 0.000000000000000000e+00
7.600099999999947613e+02 8.635745000000000227e-02 0.000000000000000000e+00
7.660099999999947613e+02 8.535576999999999748e-02 0.000000000000000000e+00
7.730099999999947613e+02 8.423171999999999604e-02 0.000000000000000000e+00
7.800099999999947613e+02 8.313922999999999452e-02 0.000000000000000000e+00
7.870099999999947613e+02 8.207591999999999666e-02 0.000000000000000000e+00
7.940099999999947613e+02 8.107469000000000481e-02 0.000000000000000000e+00
8.020099999999947613e+02 7.996635000000000548e-02 0.000000000000000000e+00
8.100099999999947613e+02 7.889918999999999405e-02 0.000000000000000000e+00
8.180099999999947613e+02 7.785833999999999810e-02 0.000000000000000000e+00
8.270099999999947613e+02 7.677760000000000140e-02 0.000000000000000000e+00
8.360099999999947613e+02 7.571500999999999926e-02 0.000000000000000000e+00
8.450099999999947613e+02 7.465434999999999433e-02 0.000000000000000000e+00
8.550099999999947613e+02 7.357666000000000206e-02 0.000000000000000000e+00
8.650099999999947613e+02 7.256091000000000624e-02 0.000000000000000000e+00
8.760099999999947613e+02 7.146871000000000473e-02 0.000000000000000000e+00
8.870099999999947613e+02 7.045917000000000152e-02 0.000000000000000000e+00
8.990099999999947613e+02 6.939633000000000607e-02 0.000000000000000000e+00
9.110099999999947613e+02 6.833577000000000401e-02 0.000000000000000000e+00
9.240099999999947613e+02 6.730036999999999825e-02 0.000000000000000000e+00
9.370099999999947613e+02 6.628597999999999435e-02 0.000000000000000000e+00
9.510099999999947613e+02 6.524365000000000026e-02 0.000000000000000000e+00
9.650099999999947613e+02 6.424127999999999783e-02 0.000000000000000000e+00
9.800099999999947613e+02 6.319191000000000391e-02 0.000000000000000000e+00
9.960099999999947613e+02 6.217190000000000216e-02 0.000000000000000000e+00
1.013009999999994761e+03 6.112424999999999803e-02 0.000000000000000000e+00
1.030009999999994761e+03 6.009634999999999977e-02 0.000000000000000000e+00
1.048009999999994761e+03 5.908776999999999779e-02 0.000000000000000000e+00
1.067009999999994761e+03 5.805194000000000326e-02 0.000000000000000000e+00
1.088009999999994761e+03 5.700496000000000035e-02 0.000000000000000000e+00
1.109009999999994761e+03 5.599590000000000123e-02 0.000000000000000000e+00
1.132009999999994761e+03 5.496088999999999836e-02 0.000000000000000000e+00
1.155009999999994761e+03 5.395122000000000112e-02 0.000000000000000000e+00
1.179009999999994761e+03 5.295085000000000069e-02 0.000000000000000000e+00
1.204009999999994761e+03 5.194846999999999659e-02 0.000000000000000000e+00
1.232009999999994761e+03 5.093418000000000251e-02 0.000000000000000000e+00
1.260009999999994761e+03 4.991981999999999670e-02 0.000000000000000000e+00
1.291009999999994761e+03 4.891357000000000343e-02 0.000000000000000000e+00
1.323009999999994761e+03 4.790806999999999705e-02 0.000000000000000000e+00
1.357009999999994761e+03 4.688464999999999994e-02 0.000000000000000000e+00
1.394009999999994761e+03 4.586724999999999830e-02 0.000000000000000000e+00
1.435009999999994761e+03 4.485187000000000201e-02 0.000000000000000000e+00
1.478009999999994761e+03 4.384677000000000019e-02 0.000000000000000000e+00
1.523009999999994761e+03 4.282476000000000338e-02 0.000000000000000000e+00
1.572009999999994761e+03 4.181870000000000032e-02 0.000000000000000000e+00
1.623009999999994761e+03 4.080742999999999870e-02 0.000000000000000000e+00
1.680009999999994761e+03 3.980018999999999918e-02 0.000000000000000000e+00
1.743009999999994761e+03 3.878614999999999841e-02 0.000000000000000000e+00
1.809009999999994761e+03 3.777871000000000007e-02 0.000000000000000000e+00
1.877009999999994761e+03 3.676937000000000261e-02 0.000000000000000000e+00
1.952009999999994761e+03 3.575770999999999811e-02 0.000000000000000000e+00
2.034009999999994761e+03 3.475429000000000018e-02 0.000000000000000000e+00
2.130009999999994761e+03 3.374720999999999971e-02 0.000000000000000000e+00
2.233009999999994761e+03 3.274417999999999773e-02 0.000000000000000000e+00
2.348009999999994761e+03 3.173572000000000198e-02 0.000000000000000000e+00
2.470009999999994761e+03 3.073073000000000124e-02 0.000000000000000000e+00
2.593009999999994761e+03 2.972398999999999875e-02 0.000000000000000000e+00
2.746009999999994761e+03 2.872258000000000103e-02 0.000000000000000000e+00
2.920009999999994761e+03 2.772256000000000026e-02 0.000000000000000000e+00
3.110009999999994761e+03 2.671739999999999879e-02 0.000000000000000000e+00
3.324009999999994761e+03 2.571597000000000119e-02 0.000000000000000000e+00
3.573009999999994761e+03 2.471252000000000171e-02 0.000000000000000000e+00
3.835009999999994761e+03 2.370538999999999979e-02 0.000000000000000000e+00
4.149009999999994761e+03 2.270526999999999962e-02 0.000000000000000000e+00
4.521009999999994761e+03 2.170141999999999904e-02 0.000000000000000000e+00
4.938009999999994761e+03 2.069787999999999836e-02 0.000000000000000000e+00
5.442009999999994761e+03 1.969583000000000098e-02 0.000000000000000000e+00
6.091009999999994761e+03 1.869213000000000124e-02 0.000000000000000000e+00
6.834009999999994761e+03 1.769170999999999938e-02 0.000000000000000000e+00
7.723009999999994761e+03 1.668998000000000009e-02 0.000000000000000000e+00
8.600009999999994761e+03 1.594281999999999991e-02 0.000000000000000000e+00
8.610009999999994761e+03 9.996754999999999530e-04 1.036982999999999988e+00
8.620009999999994761e+03 9.996390999999999003e-04 1.012332999999999927e+00
8.630009999999994761e+03 9.998902000000000918e-04 9.883566000000000296e-01
8.640009999999994761e+03 9.998209000000000957e-04 9.652123999999999704e-01
8.650009999999994761e+03 9.990731000000000958e-04 9.433884000000000158e-01
8.660009999999994761e+03 1.000559999999999948e-03 9.032590999999999815e-01
8.670009999999994761e+03 1.001086999999999897e-03 8.991890999999999634e-01
8.680009999999994761e+03 9.999373000000001070e-04 8.791430000000000078e-01
8.690009999999994761e+03 1.000136999999999901e-03 8.596568999999999461e-01
8.700009999999994761e+03 9.999606000000000293e-04 8.395283999999999525e-01
8.710009999999994761e+03 1.000093999999999983e-03 8.210790999999999507e-01
8.720009999999994761e+03 1.000068000000000007e-03 8.022504999999999775e-01
8.730009999999994761e+03 9.999689000000000407e-04 7.844695000000000418e-01
8.740009999999994761e+03 1.000011000000000086e-03 7.671854999999999647e-01
8.750009999999994761e+03 1.000002999999999960e-03 7.502919999999999590e-01
8.760009999999994761e+03 1.000091000000000044e-03 7.344848000000000487e-01
8.770009999999994761e+03 9.999705999999999699e-04 7.176922000000000024e-01
8.780009999999994761e+03 9.999899000000000461e-04 7.022939000000000265e-01
8.790009999999994761e+03 9.999589999999999174e-04 6.879718999999999696e-01
8.800009999999994761e+03 1.000007000000000023e-03 6.727381000000000055e-01
8.810009999999994761e+03 9.999995000000000672e-04 6.587534000000000445e-01
8.820009999999994761e+03 9.999869000000001073e-04 6.445918000000000481e-01
8.830009999999994761e+03 9.999754000000000888e-04 6.299107000000000456e-01
8.840009999999994761e+03 9.999610999999999830e-04 6.154661000000000159e-01
8.850009999999994761e+03 1.000009999999999961e-03 6.040832000000000424e-01
8.860009999999994761e+03 9.999880000000000487e-04 5.930499999999999661e-01
8.870009999999994761e+03 9.999767000000000985e-04 5.808596000000000315e-01
8.880009999999994761e+03 9.999918000000000435e-04 5.697499999999999787e-01
8.890009999999994761e+03 1.000009000000000054e-03 5.581338999999999606e-01
8.900009999999994761e+03 1.000039000000000093e-03 5.463995999999999853e-01
8.910009999999994761e+03 1.000019999999999902e-03 5.350097000000000325e-01
8.920009999999994761e+03 1.000026999999999904e-03 5.234550999999999510e-01
8.930009999999994761e+03 1.000016000000000056e-03 5.151826999999999934e-01
8.940009999999994761e+03 1.000065999999999976e-03 5.042564000000000490e-01
8.950009999999994761e+03 1.000056000000000035e-03 4.968957999999999986e-01
8.960009999999994761e+03 1.000077000000000041e-03 4.874076999999999993e-01
8.970009999999994761e+03 1.000028000000000028e-03 4.811777999999999889e-01
8.980009999999994761e+03 1.000175999999999973e-03 4.575448999999999766e-01
8.990009999999994761e+03 1.000105999999999955e-03 4.583420000000000272e-01
9.000009999999994761e+03 9.999892000000000242e-04 4.613239000000000090e-01
9.010009999999994761e+03 1.000095000000000107e-03 4.444488999999999801e-01
9.020009999999994761e+03 1.000250999999999961e-03 4.148632999999999904e-01
9.030009999999994761e+03 1.000292999999999972e-03 4.119769999999999821e-01
9.040009999999994761e+03 1.000236000000000050e-03 4.082877999999999785e-01
9.050009999999994761e+03 1.000112999999999957e-03 4.061519000000000101e-01
9.060009999999994761e+03 1.000030000000000059e-03 4.075104999999999977e-01
9.060119999999995343e+03 1.003710000000000019e-01 1.000000000000000000e+02
9.060210000000006403e+03 1.110584000000000016e-01 1.000000000000000000e+02
9.060309999999997672e+03 1.166313999999999962e-01 1.000000000000000000e+02
9.060410000000003492e+03 1.205597000000000057e-01 1.000000000000000000e+02
9.060509999999994761e+03 1.236378000000000060e-01 1.000000000000000000e+02
9.060610000000000582e+03 1.261383000000000087e-01 1.000000000000000000e+02
9.060720000000001164e+03 1.282910999999999913e-01 1.000000000000000000e+02
9.060809999999997672e+03 1.301197000000000048e-01 1.000000000000000000e+02
9.060910000000003492e+03 1.317309000000000119e-01 1.000000000000000000e+02
9.061009999999994761e+03 1.331972999999999907e-01 1.000000000000000000e+02
9.061119999999995343e+03 1.345171000000000006e-01 1.000000000000000000e+02
9.061210000000006403e+03 1.357172000000000101e-01 1.000000000000000000e+02
9.061309999999997672e+03 1.368126000000000064e-01 1.000000000000000000e+02
9.061410000000003492e+03 1.378617000000000037e-01 1.000000000000000000e+02
9.061610000000000582e+03 1.397489000000000092e-01 1.000000000000000000e+02
9.061809999999997672e+03 1.414262000000000019e-01 1.000000000000000000e+02
9.062009999999994761e+03 1.429582000000000075e-01 1.000000000000000000e+02
9.062210000000006403e+03 1.443464000000000136e-01 1.000000000000000000e+02
9.062410000000003492e+03 1.456322999999999923e-01 1.000000000000000000e+02
9.062610000000000582e+03 1.468110999999999999e-01 1.000000000000000000e+02
9.062809999999997672e+03 1.479103999999999974e-01 1.000000000000000000e+02
9.063009999999994761e+03 1.489686000000000066e-01 1.000000000000000000e+02
9.063210000000006403e+03 1.499735000000000096e-01 1.000000000000000000e+02
9.063509999999994761e+03 1.513354000000000088e-01 1.000000000000000000e+02
9.063809999999997672e+03 1.526052999999999993e-01 1.000000000000000000e+02
9.064119999999995343e+03 1.538152000000000130e-01 1.000000000000000000e+02
9.064410000000003492e+03 1.549562999999999913e-01 1.000000000000000000e+02
9.064720000000001164e+03 1.560197000000000112e-01 1.000000000000000000e+02
9.065119999999995343e+03 1.573140000000000094e-01 1.000000000000000000e+02
9.065509999999994761e+03 1.585348000000000035e-01 1.000000000000000000e+02
9.065910000000003492e+03 1.596698000000000006e-01 1.000000000000000000e+02
9.066309999999997672e+03 1.607337000000000071e-01 1.000000000000000000e+02
9.066720000000001164e+03 1.617473000000000105e-01 1.000000000000000000e+02
9.067210000000006403e+03 1.629345000000000099e-01 1.000000000000000000e+02
9.067720000000001164e+03 1.640433000000000030e-01 1.000000000000000000e+02
9.068210000000006403e+03 1.650838000000000028e-01 1.000000000000000000e+02
9.068809999999997672e+03 1.662626000000000104e-01 1.000000000000000000e+02
9.069410000000003492e+03 1.673697000000000101e-01 1.000000000000000000e+02
9.070009999999994761e+03 1.684126999999999985e-01 1.000000000000000000e+02
9.070610000000000582e+03 1.694317999999999935e-01 1.000000000000000000e+02
9.071309999999997672e+03 1.705232999999999888e-01 1.000000000000000000e+02
9.072009999999994761e+03 1.715527000000000024e-01 1.000000000000000000e+02
9.072809999999997672e+03 1.726887000000000005e-01 1.000000000000000000e+02
9.073610000000000582e+03 1.737688000000000010e-01 1.000000000000000000e+02
9.074410000000003492e+03 1.747786000000000062e-01 1.000000000000000000e+02
9.075309999999997672e+03 1.758558000000000066e-01 1.000000000000000000e+02
9.076210000000006403e+03 1.768994000000000122e-01 1.000000000000000000e+02
9.077119999999995343e+03 1.779190999999999967e-01 1.000000000000000000e+02
9.078119999999995343e+03 1.789679000000000131e-01 1.000000000000000000e+02
9.079210000000006403e+03 1.800671000000000077e-01 1.000000000000000000e+02
9.080309999999997672e+03 1.810937999999999992e-01 1.000000000000000000e+02
9.081410000000003492e+03 1.821248000000000034e-01 1.000000000000000000e+02
9.082610000000000582e+03 1.831676000000000137e-01 1.000000000000000000e+02
9.083910000000003492e+03 1.842573999999999879e-01 1.000000000000000000e+02
9.085210000000006403e+03 1.852756999999999876e-01 1.000000000000000000e+02
9.086610000000000582e+03 1.863317999999999919e-01 1.000000000000000000e+02
9.088009999999994761e+03 1.873366999999999949e-01 1.000000000000000000e+02
9.089509999999994761e+03 1.883626999999999940e-01 1.000000000000000000e+02
9.091119999999995343e+03 1.894068999999999892e-01 1.000000000000000000e+02
9.092720000000001164e+03 1.904144999999999865e-01 1.000000000000000000e+02
9.094410000000003492e+03 1.914404000000000106e-01 1.000000000000000000e+02
9.096210000000006403e+03 1.924816000000000027e-01 1.000000000000000000e+02
9.098119999999995343e+03 1.935328000000000048e-01 1.000000000000000000e+02
9.100119999999995343e+03 1.945825999999999945e-01 1.000000000000000000e+02
9.102119999999995343e+03 1.955836999999999992e-01 1.000000000000000000e+02
9.104210000000006403e+03 1.965843999999999925e-01 1.000000000000000000e+02
9.106410000000003492e+03 1.976147000000000042e-01 1.000000000000000000e+02
9.108720000000001164e+03 1.986372999999999889e-01 1.000000000000000000e+02
9.111119999999995343e+03 1.996803000000000050e-01 1.000000000000000000e+02
9.113610000000000582e+03 2.007050999999999974e-01 1.000000000000000000e+02
9.116210000000006403e+03 2.017557000000000100e-01 1.000000000000000000e+02
9.118910000000003492e+03 2.027666999999999942e-01 1.000000000000000000e+02
9.121720000000001164e+03 2.038014999999999965e-01 1.000000000000000000e+02
9.124610000000000582e+03 2.048612999999999962e-01 1.000000000000000000e+02
9.127610000000000582e+03 2.058743000000000101e-01 1.000000000000000000e+02
9.130720000000001164e+03 2.068994000000000111e-01 1.000000000000000000e+02
9.133809999999997672e+03 2.079126000000000030e-01 1.000000000000000000e+02
9.137119999999995343e+03 2.089403999999999983e-01 1.000000000000000000e+02
9.140610000000000582e+03 2.099769999999999970e-01 1.000000000000000000e+02
9.144119999999995343e+03 2.109843999999999886e-01 1.000000000000000000e+02
9.147720000000001164e+03 2.120387999999999995e-01 1.000000000000000000e+02
9.151509999999994761e+03 2.130835000000000090e-01 1.000000000000000000e+02
9.155309999999997672e+03 2.140874999999999861e-01 1.000000000000000000e+02
9.159210000000006403e+03 2.150986000000000009e-01 1.000000000000000000e+02
9.163300000000002910e+03 2.161013999999999990e-01 1.000000000000000000e+02
9.167610000000000582e+03 2.171375000000000111e-01 1.000000000000000000e+02
9.172110000000000582e+03 2.181445999999999941e-01 1.000000000000000000e+02
9.176710000000006403e+03 2.191691000000000056e-01 1.000000000000000000e+02
9.181210000000006403e+03 2.201699000000000017e-01 1.000000000000000000e+02
9.186009999999994761e+03 2.211714999999999931e-01 1.000000000000000000e+02
9.190910000000003492e+03 2.221850999999999965e-01 1.000000000000000000e+02
9.196119999999995343e+03 2.231924000000000130e-01 1.000000000000000000e+02
9.201410000000003492e+03 2.242193000000000103e-01 1.000000000000000000e+02
9.206910000000003492e+03 2.252329000000000137e-01 1.000000000000000000e+02
9.212610000000000582e+03 2.262518000000000029e-01 1.000000000000000000e+02
9.218410000000003492e+03 2.272787000000000002e-01 1.000000000000000000e+02
9.224410000000003492e+03 2.282917999999999892e-01 1.000000000000000000e+02
9.230410000000003492e+03 2.293152999999999997e-01 1.000000000000000000e+02
9.236720000000001164e+03 2.303272000000000097e-01 1.000000000000000000e+02
9.243210000000006403e+03 2.313399999999999901e-01 1.000000000000000000e+02
9.249720000000001164e+03 2.323493000000000086e-01 1.000000000000000000e+02
9.256610000000000582e+03 2.333768999999999982e-01 1.000000000000000000e+02
9.263619999999995343e+03 2.344033000000000089e-01 1.000000000000000000e+02
9.270509999999994761e+03 2.354040000000000021e-01 1.000000000000000000e+02
9.277419999999998254e+03 2.364071000000000089e-01 1.000000000000000000e+02
9.284720000000001164e+03 2.374227999999999894e-01 1.000000000000000000e+02
9.292220000000001164e+03 2.384277999999999953e-01 1.000000000000000000e+02
9.299910000000003492e+03 2.394581000000000071e-01 1.000000000000000000e+02
9.307910000000003492e+03 2.404721999999999971e-01 1.000000000000000000e+02
9.316020000000004075e+03 2.414794000000000107e-01 1.000000000000000000e+02
9.324419999999998254e+03 2.425043000000000060e-01 1.000000000000000000e+02
9.332820000000006985e+03 2.435149000000000064e-01 1.000000000000000000e+02
9.341419999999998254e+03 2.445216000000000056e-01 1.000000000000000000e+02
9.350020000000004075e+03 2.455314000000000108e-01 1.000000000000000000e+02
9.359130000000004657e+03 2.465333000000000108e-01 1.000000000000000000e+02
9.368419999999998254e+03 2.475392999999999899e-01 1.000000000000000000e+02
9.378020000000004075e+03 2.485404999999999975e-01 1.000000000000000000e+02
9.387619999999995343e+03 2.495468000000000131e-01 1.000000000000000000e+02
9.397229999999995925e+03 2.505495999999999834e-01 1.000000000000000000e+02
9.407130000000004657e+03 2.515530999999999739e-01 1.000000000000000000e+02
9.417429999999993015e+03 2.525592999999999866e-01 1.000000000000000000e+02
9.427729999999995925e+03 2.535657000000000050e-01 1.000000000000000000e+02
9.438229999999995925e+03 2.545714000000000032e-01 1.000000000000000000e+02
9.449029999999998836e+03 2.555867000000000000e-01 1.000000000000000000e+02
9.459630000000004657e+03 2.565933000000000241e-01 1.000000000000000000e+02
9.470729999999995925e+03 2.576143000000000183e-01 1.000000000000000000e+02
9.481929999999993015e+03 2.586264999999999814e-01 1.000000000000000000e+02
9.493229999999995925e+03 2.596328999999999998e-01 1.000000000000000000e+02
9.504729999999995925e+03 2.606361999999999846e-01 1.000000000000000000e+02
9.516529999999998836e+03 2.616486000000000089e-01 1.000000000000000000e+02
9.528929999999993015e+03 2.626690999999999887e-01 1.000000000000000000e+02
9.541130000000004657e+03 2.636770999999999976e-01 1.000000000000000000e+02
9.553839999999996508e+03 2.646811000000000025e-01 1.000000000000000000e+02
9.566839999999996508e+03 2.656992000000000242e-01 1.000000000000000000e+02
9.580229999999995925e+03 2.667103000000000113e-01 1.000000000000000000e+02
9.593229999999995925e+03 2.677328999999999959e-01 1.000000000000000000e+02
9.607029999999998836e+03 2.687479999999999869e-01 1.000000000000000000e+02
9.621020000000004075e+03 2.697629999999999750e-01 1.000000000000000000e+02
9.634910000000003492e+03 2.707671999999999857e-01 1.000000000000000000e+02
9.649220000000001164e+03 2.717749999999999888e-01 1.000000000000000000e+02
9.660009999999994761e+03 2.725275999999999810e-01 1.000000000000000000e+02
9.660119999999995343e+03 2.128204999999999958e-01 7.965860999999999884e-25
9.660210000000006403e+03 2.042094999999999883e-01 0.000000000000000000e+00
9.660309999999997672e+03 1.996244000000000074e-01 0.000000000000000000e+00
9.660410000000003492e+03 1.963274000000000130e-01 0.000000000000000000e+00
9.660509999999994761e+03 1.937503999999999893e-01 0.000000000000000000e+00
9.660610000000000582e+03 1.915679000000000132e-01 0.000000000000000000e+00
9.660720000000001164e+03 1.896944000000000130e-01 0.000000000000000000e+00
9.660809999999997672e+03 1.880516000000000132e-01 0.000000000000000000e+00
9.660910000000003492e+03 1.865634999999999932e-01 0.000000000000000000e+00
9.661009999999994761e+03 1.852026999999999979e-01 0.000000000000000000e+00
9.661119999999995343e+03 1.839685000000000070e-01 0.000000000000000000e+00
9.661210000000006403e+03 1.828246000000000038e-01 0.000000000000000000e+00
9.661309999999997672e+03 1.817441999999999946e-01 0.000000000000000000e+00
9.661410000000003492e+03 1.807333999999999885e-01 0.000000000000000000e+00
9.661610000000000582e+03 1.789417000000000091e-01 0.000000000000000000e+00
9.661809999999997672e+03 1.772672000000000136e-01 0.000000000000000000e+00
9.662009999999994761e+03 1.758019000000000109e-01 0.000000000000000000e+00
9.662210000000006403e+03 1.744143999999999972e-01 0.000000000000000000e+00
9.662410000000003492e+03 1.731822000000000084e-01 0.000000000000000000e+00
9.662610000000000582e+03 1.720121000000000011e-01 0.000000000000000000e+00
9.662809999999997672e+03 1.709283000000000052e-01 0.000000000000000000e+00
9.663009999999994761e+03 1.698971999999999982e-01 0.000000000000000000e+00
9.663309999999997672e+03 1.684642000000000084e-01 0.000000000000000000e+00
9.663610000000000582e+03 1.671260999999999997e-01 0.000000000000000000e+00
9.663910000000003492e+03 1.659007999999999872e-01 0.000000000000000000e+00
9.664210000000006403e+03 1.647527000000000019e-01 0.000000000000000000e+00
9.664509999999994761e+03 1.636556999999999873e-01 0.000000000000000000e+00
9.664809999999997672e+03 1.626158000000000048e-01 0.000000000000000000e+00
9.665210000000006403e+03 1.613109000000000071e-01 0.000000000000000000e+00
9.665610000000000582e+03 1.600843999999999878e-01 0.000000000000000000e+00
9.666009999999994761e+03 1.589336000000000082e-01 0.000000000000000000e+00
9.666410000000003492e+03 1.578412999999999899e-01 0.000000000000000000e+00
9.666809999999997672e+03 1.568007999999999902e-01 0.000000000000000000e+00
9.667309999999997672e+03 1.555649000000000060e-01 0.000000000000000000e+00
9.667809999999997672e+03 1.543994999999999951e-01 0.000000000000000000e+00
9.668309999999997672e+03 1.533044000000000073e-01 0.000000000000000000e+00
9.668809999999997672e+03 1.522580000000000044e-01 0.000000000000000000e+00
9.669309999999997672e+03 1.512506999999999879e-01 0.000000000000000000e+00
9.669910000000003492e+03 1.500954999999999928e-01 0.000000000000000000e+00
9.670509999999994761e+03 1.490498000000000101e-01 0.000000000000000000e+00
9.671119999999995343e+03 1.479850000000000054e-01 0.000000000000000000e+00
9.671809999999997672e+03 1.468698999999999977e-01 0.000000000000000000e+00
9.672509999999994761e+03 1.457632000000000094e-01 0.000000000000000000e+00
9.673210000000006403e+03 1.447244000000000030e-01 0.000000000000000000e+00
9.674009999999994761e+03 1.436227999999999949e-01 0.000000000000000000e+00
9.674809999999997672e+03 1.425713999999999870e-01 0.000000000000000000e+00
9.675610000000000582e+03 1.415540000000000131e-01 0.000000000000000000e+00
9.676509999999994761e+03 1.404535000000000089e-01 0.000000000000000000e+00
9.677410000000003492e+03 1.393909000000000120e-01 0.000000000000000000e+00
9.678309999999997672e+03 1.383804999999999896e-01 0.000000000000000000e+00
9.679309999999997672e+03 1.373099999999999876e-01 0.000000000000000000e+00
9.680309999999997672e+03 1.363044999999999951e-01 0.000000000000000000e+00
9.681410000000003492e+03 1.352219000000000060e-01 0.000000000000000000e+00
9.682509999999994761e+03 1.341888999999999998e-01 0.000000000000000000e+00
9.683610000000000582e+03 1.331797999999999871e-01 0.000000000000000000e+00
9.684809999999997672e+03 1.321206000000000047e-01 0.000000000000000000e+00
9.686009999999994761e+03 1.311165999999999998e-01 0.000000000000000000e+00
9.687309999999997672e+03 1.300688999999999873e-01 0.000000000000000000e+00
9.688610000000000582e+03 1.290641999999999900e-01 0.000000000000000000e+00
9.690009999999994761e+03 1.280054999999999943e-01 0.000000000000000000e+00
9.691410000000003492e+03 1.269782999999999884e-01 0.000000000000000000e+00
9.692910000000003492e+03 1.259447999999999956e-01 0.000000000000000000e+00
9.694410000000003492e+03 1.249128000000000044e-01 0.000000000000000000e+00
9.696009999999994761e+03 1.238660000000000039e-01 0.000000000000000000e+00
9.697720000000001164e+03 1.227987999999999996e-01 0.000000000000000000e+00
9.699410000000003492e+03 1.217745999999999967e-01 0.000000000000000000e+00
9.701210000000006403e+03 1.207241000000000009e-01 0.000000000000000000e+00
9.703009999999994761e+03 1.197205999999999965e-01 0.000000000000000000e+00
9.705009999999994761e+03 1.186591000000000035e-01 0.000000000000000000e+00
9.706910000000003492e+03 1.176442999999999933e-01 0.000000000000000000e+00
9.709009999999994761e+03 1.165999999999999953e-01 0.000000000000000000e+00
9.711119999999995343e+03 1.155975000000000058e-01 0.000000000000000000e+00
9.713210000000006403e+03 1.145964000000000010e-01 0.000000000000000000e+00
9.715509999999994761e+03 1.135747000000000007e-01 0.000000000000000000e+00
9.717910000000003492e+03 1.125546999999999936e-01 0.000000000000000000e+00
9.720309999999997672e+03 1.115389999999999993e-01 0.000000000000000000e+00
9.722809999999997672e+03 1.105335000000000067e-01 0.000000000000000000e+00
9.725410000000003492e+03 1.095157999999999965e-01 0.000000000000000000e+00
9.728210000000006403e+03 1.084774000000000016e-01 0.000000000000000000e+00
9.731009999999994761e+03 1.074679999999999941e-01 0.000000000000000000e+00
9.734009999999994761e+03 1.064466000000000023e-01 0.000000000000000000e+00
9.737009999999994761e+03 1.054356999999999933e-01 0.000000000000000000e+00
9.740119999999995343e+03 1.044333000000000067e-01 0.000000000000000000e+00
9.743309999999997672e+03 1.034293000000000018e-01 0.000000000000000000e+00
9.746610000000000582e+03 1.024271999999999960e-01 0.000000000000000000e+00
9.750119999999995343e+03 1.014043000000000028e-01 0.000000000000000000e+00
9.753720000000001164e+03 1.003975000000000006e-01 0.000000000000000000e+00
9.757410000000003492e+03 9.938645000000000118e-02 0.000000000000000000e+00
9.762009999999994761e+03 9.823814000000000157e-02 0.000000000000000000e+00
9.766009999999994761e+03 9.722517999999999438e-02 0.000000000000000000e+00
9.771009999999994761e+03 9.599592999999999321e-02 0.000000000000000000e+00
9.776009999999994761e+03 9.481949000000000627e-02 0.000000000000000000e+00
9.781009999999994761e+03 9.369144999999999557e-02 0.000000000000000000e+00
9.786009999999994761e+03 9.261368000000000378e-02 0.000000000000000000e+00
9.791009999999994761e+03 9.158426000000000067e-02 0.000000000000000000e+00
9.797009999999994761e+03 9.041356000000000392e-02 0.000000000000000000e+00
9.803009999999994761e+03 8.927809999999999913e-02 0.000000000000000000e+00
9.809009999999994761e+03 8.818442999999999421e-02 0.000000000000000000e+00
9.815009999999994761e+03 8.715153000000000483e-02 0.000000000000000000e+00
9.822009999999994761e+03 8.599347000000000241e-02 0.000000000000000000e+00
9.829009999999994761e+03 8.487211000000000061e-02 0.000000000000000000e+00
9.836009999999994761e+03 8.380651999999999546e-02 0.000000000000000000e+00
9.843009999999994761e+03 8.277919000000000249e-02 0.000000000000000000e+00
9.851009999999994761e+03 8.165121999999999658e-02 0.000000000000000000e+00
9.859009999999994761e+03 8.057667000000000301e-02 0.000000000000000000e+00
9.867009999999994761e+03 7.956401999999999919e-02 0.000000000000000000e+00
9.876009999999994761e+03 7.846401999999999544e-02 0.000000000000000000e+00
9.885009999999994761e+03 7.742275999999999325e-02 0.000000000000000000e+00
9.894009999999994761e+03 7.641352999999999340e-02 0.000000000000000000e+00
9.904009999999994761e+03 7.536138000000000559e-02 0.000000000000000000e+00
9.914009999999994761e+03 7.433167000000000246e-02 0.000000000000000000e+00
9.925009999999994761e+03 7.325814999999999411e-02 0.000000000000000000e+00
9.936009999999994761e+03 7.221458000000000044e-02 0.000000000000000000e+00
9.947009999999994761e+03 7.120658000000000543e-02 0.000000000000000000e+00
9.959009999999994761e+03 7.019216000000000344e-02 0.000000000000000000e+00
9.972009999999994761e+03 6.912843000000000460e-02 0.000000000000000000e+00
9.985009999999994761e+03 6.810143999999999920e-02 0.000000000000000000e+00
9.998009999999994761e+03 6.709892000000000634e-02 0.000000000000000000e+00
1.001200999999999476e+04 6.605502000000000595e-02 0.000000000000000000e+00
1.002700999999999476e+04 6.500896000000000452e-02 0.000000000000000000e+00
1.004300999999999476e+04 6.395567000000000613e-02 0.000000000000000000e+00
1.006000999999999476e+04 6.291666999999999399e-02 0.000000000000000000e+00
1.007700999999999476e+04 6.189545999999999937e-02 0.000000000000000000e+00
1.009500999999999476e+04 6.084284999999999693e-02 0.000000000000000000e+00
1.011400999999999476e+04 5.982167000000000040e-02 0.000000000000000000e+00
1.013400999999999476e+04 5.881502000000000258e-02 0.000000000000000000e+00
1.015600999999999476e+04 5.777667999999999693e-02 0.000000000000000000e+00
1.017800999999999476e+04 5.675832000000000099e-02 0.000000000000000000e+00
1.020200999999999476e+04 5.573849000000000165e-02 0.000000000000000000e+00
1.022600999999999476e+04 5.471671000000000173e-02 0.000000000000000000e+00
1.025100999999999476e+04 5.371618999999999700e-02 0.000000000000000000e+00
1.027900999999999476e+04 5.271226999999999857e-02 0.000000000000000000e+00
1.030800999999999476e+04 5.169126999999999750e-02 0.000000000000000000e+00
1.033800999999999476e+04 5.068154999999999882e-02 0.000000000000000000e+00
1.037100999999999476e+04 4.968061000000000005e-02 0.000000000000000000e+00
1.040800999999999476e+04 4.867500000000000299e-02 0.000000000000000000e+00
1.044800999999999476e+04 4.765061999999999770e-02 0.000000000000000000e+00
1.048700999999999476e+04 4.664810999999999958e-02 0.000000000000000000e+00
1.053300999999999476e+04 4.562871000000000288e-02 0.000000000000000000e+00
1.057900999999999476e+04 4.461135000000000100e-02 0.000000000000000000e+00
1.062700999999999476e+04 4.361087999999999770e-02 0.000000000000000000e+00
1.067900999999999476e+04 4.260172000000000264e-02 0.000000000000000000e+00
1.073800999999999476e+04 4.158681000000000183e-02 0.000000000000000000e+00
1.080300999999999476e+04 4.058181000000000288e-02 0.000000000000000000e+00
1.087000999999999476e+04 3.958021999999999929e-02 0.000000000000000000e+00
1.094500999999999476e+04 3.857493000000000033e-02 0.000000000000000000e+00
1.102500999999999476e+04 3.757371999999999795e-02 0.000000000000000000e+00
1.110700999999999476e+04 3.657027000000000194e-02 0.000000000000000000e+00
1.120900999999999476e+04 3.556726999999999805e-02 0.000000000000000000e+00
1.130700999999999476e+04 3.455750999999999962e-02 0.000000000000000000e+00
1.142800999999999476e+04 3.355361999999999928e-02 0.000000000000000000e+00
1.155400999999999476e+04 3.254992999999999775e-02 0.000000000000000000e+00
1.169800999999999476e+04 3.154523000000000049e-02 0.000000000000000000e+00
1.185900999999999476e+04 3.054277999999999854e-02 0.000000000000000000e+00
1.205300999999999476e+04 2.953886000000000012e-02 0.000000000000000000e+00
1.225600999999999476e+04 2.853773000000000074e-02 0.000000000000000000e+00
1.247500999999999476e+04 2.753378000000000075e-02 0.000000000000000000e+00
1.272900999999999476e+04 2.653310000000000043e-02 0.000000000000000000e+00
1.306600999999999476e+04 2.552932000000000118e-02 0.000000000000000000e+00
1.344500999999999476e+04 2.452674000000000173e-02 0.000000000000000000e+00
1.389200999999999476e+04 2.352432999999999955e-02 0.000000000000000000e+00
1.442200999999999476e+04 2.252329000000000137e-02 0.000000000000000000e+00
1.510700999999999476e+04 2.152153999999999873e-02 0.000000000000000000e+00
1.588600999999999476e+04 2.052027999999999838e-02 0.000000000000000000e+00
1.692100999999999476e+04 1.951545000000000016e-02 0.000000000000000000e+00
1.766000999999999476e+04 1.896404000000000145e-02 0.000000000000000000e+00
1.767002000000000407e+04 9.997230999999999219e-04 1.092062000000000088e+00
1.768002000000000407e+04 9.997515000000000655e-04 1.067652000000000045e+00
1.769002000000000407e+04 9.999067000000000805e-04 1.043501999999999930e+00
1.770002000000000407e+04 9.998005999999998953e-04 1.019970999999999961e+00
1.771002000000000407e+04 9.999055999999999222e-04 9.969048000000000354e-01
1.772002000000000407e+04 1.000107999999999987e-03 9.744943999999999829e-01
1.773002000000000407e+04 1.000035999999999937e-03 9.528651999999999678e-01
1.774002000000000407e+04 1.000093000000000076e-03 9.313746000000000524e-01
1.775002000000000407e+04 1.000093999999999983e-03 9.107587999999999795e-01
1.776002000000000407e+04 1.000023000000000058e-03 8.905140999999999751e-01
1.777002000000000407e+04 1.000009999999999961e-03 8.706184000000000145e-01
1.778002000000000407e+04 9.999481000000001035e-04 8.518791000000000002e-01
1.779002000000000407e+04 1.000030999999999967e-03 8.336246999999999963e-01
1.780002000000000407e+04 1.000054000000000004e-03 8.157824000000000186e-01
1.781002000000000407e+04 1.000005999999999898e-03 7.970469000000000026e-01
1.782002000000000407e+04 9.999557999999999103e-04 7.806248999999999549e-01
1.783002000000000407e+04 1.000009000000000054e-03 7.635690000000000532e-01
1.784002000000000407e+04 1.000030000000000059e-03 7.478610999999999454e-01
1.785002000000000407e+04 9.999695000000000285e-04 7.320417999999999648e-01
1.786002000000000407e+04 1.000002999999999960e-03 7.162060999999999567e-01
1.787002000000000407e+04 9.999890999999999901e-04 7.023538000000000281e-01
1.788002000000000407e+04 9.999727000000000355e-04 6.871028000000000135e-01
1.789002000000000407e+04 9.999903999999999998e-04 6.712432999999999872e-01
1.790002000000000407e+04 1.000005999999999898e-03 6.580057999999999740e-01
1.791002000000000407e+04 9.999924000000000313e-04 6.461470999999999743e-01
1.792002000000000407e+04 9.999801999999999910e-04 6.347217000000000553e-01
1.793002000000000407e+04 9.999536000000000275e-04 6.221233000000000457e-01
1.794002000000000407e+04 1.000028000000000028e-03 6.079858000000000207e-01
1.795002000000000407e+04 9.999823000000000565e-04 5.970946000000000309e-01
1.796002000000000407e+04 1.000039000000000093e-03 5.805820999999999898e-01
1.797002000000000407e+04 1.000063000000000037e-03 5.703323000000000143e-01
1.798002000000000407e+04 1.000021000000000026e-03 5.585930999999999536e-01
1.799002000000000407e+04 9.999787999999999472e-04 5.536925000000000319e-01
1.800002000000000407e+04 1.000103999999999924e-03 5.334427000000000474e-01
1.801002000000000407e+04 1.000035999999999937e-03 5.298247000000000373e-01
1.802002000000000407e+04 1.000037000000000061e-03 5.228998000000000257e-01
1.803002000000000407e+04 1.000072000000000070e-03 5.127709999999999768e-01
1.804002000000000407e+04 1.000124000000000022e-03 4.990205999999999809e-01
1.805002000000000407e+04 1.000086999999999981e-03 4.954863999999999935e-01
1.806002000000000407e+04 1.000042000000000032e-03 4.905359000000000247e-01
1.807002000000000407e+04 1.000101999999999892e-03 4.787730000000000041e-01
1.808002000000000407e+04 1.000199000000000010e-03 4.557498999999999856e-01
1.809002000000000407e+04 1.000220999999999923e-03 4.535257999999999790e-01
1.810002000000000407e+04 1.000210999999999982e-03 4.450902999999999943e-01
1.811002000000000407e+04 1.000131999999999931e-03 4.367738999999999927e-01
1.812002000000000407e+04 1.000089999999999920e-03 4.342406999999999795e-01
1.812011999999999534e+04 9.833232000000000084e-02 1.000000000000000000e+02
1.812022000000000116e+04 1.089014999999999983e-01 1.000000000000000000e+02
1.812030999999999767e+04 1.143128999999999951e-01 1.000000000000000000e+02
1.812041999999999825e+04 1.180982000000000004e-01 1.000000000000000000e+02
1.812050999999999476e+04 1.210635000000000044e-01 1.000000000000000000e+02
1.812061999999999534e+04 1.234925000000000050e-01 1.000000000000000000e+02
1.812072000000000116e+04 1.255970999999999893e-01 1.000000000000000000e+02
1.812082000000000698e+04 1.274139999999999995e-01 1.000000000000000000e+02
1.812091000000000349e+04 1.290324999999999944e-01 1.000000000000000000e+02
1.812102000000000407e+04 1.304881999999999986e-01 1.000000000000000000e+02
1.812111999999999534e+04 1.318172999999999984e-01 1.000000000000000000e+02
1.812122000000000116e+04 1.330390999999999935e-01 1.000000000000000000e+02
1.812130999999999767e+04 1.341804000000000052e-01 1.000000000000000000e+02
1.812141999999999825e+04 1.352472999999999870e-01 1.000000000000000000e+02
1.812161999999999534e+04 1.371790999999999983e-01 1.000000000000000000e+02
1.812182000000000698e+04 1.388911999999999924e-01 1.000000000000000000e+02
1.812202000000000407e+04 1.404308999999999974e-01 1.000000000000000000e+02
1.812222000000000116e+04 1.418241000000000085e-01 1.000000000000000000e+02
1.812241999999999825e+04 1.431235999999999897e-01 1.000000000000000000e+02
1.812261999999999534e+04 1.443207999999999991e-01 1.000000000000000000e+02
1.812282000000000698e+04 1.454309000000000018e-01 1.000000000000000000e+02
1.812302000000000407e+04 1.464662999999999937e-01 1.000000000000000000e+02
1.812330999999999767e+04 1.479156000000000082e-01 1.000000000000000000e+02
1.812361999999999534e+04 1.492497999999999880e-01 1.000000000000000000e+02
1.812391000000000349e+04 1.504981999999999986e-01 1.000000000000000000e+02
1.812422000000000116e+04 1.516580999999999901e-01 1.000000000000000000e+02
1.812450999999999476e+04 1.527366000000000001e-01 1.000000000000000000e+02
1.812482000000000698e+04 1.537532000000000065e-01 1.000000000000000000e+02
1.812522000000000116e+04 1.550267999999999924e-01 1.000000000000000000e+02
1.812561999999999534e+04 1.562266999999999961e-01 1.000000000000000000e+02
1.812602000000000407e+04 1.573624000000000134e-01 1.000000000000000000e+02
1.812641999999999825e+04 1.584320999999999924e-01 1.000000000000000000e+02
1.812682000000000698e+04 1.594386000000000136e-01 1.000000000000000000e+02
1.812730999999999767e+04 1.606246000000000063e-01 1.000000000000000000e+02
1.812782000000000698e+04 1.617355000000000043e-01 1.000000000000000000e+02
1.812830999999999767e+04 1.627846000000000015e-01 1.000000000000000000e+02
1.812891000000000349e+04 1.639766000000000001e-01 1.000000000000000000e+02
1.812950999999999476e+04 1.650976999999999861e-01 1.000000000000000000e+02
1.813011999999999534e+04 1.661542000000000019e-01 1.000000000000000000e+02
1.813082000000000698e+04 1.673105000000000009e-01 1.000000000000000000e+02
1.813150999999999476e+04 1.683937000000000073e-01 1.000000000000000000e+02
1.813222000000000116e+04 1.694147000000000014e-01 1.000000000000000000e+02
1.813302000000000407e+04 1.705222000000000127e-01 1.000000000000000000e+02
1.813382000000000698e+04 1.715771000000000102e-01 1.000000000000000000e+02
1.813461999999999534e+04 1.725832999999999950e-01 1.000000000000000000e+02
1.813550999999999476e+04 1.736518999999999979e-01 1.000000000000000000e+02
1.813641999999999825e+04 1.746573999999999904e-01 1.000000000000000000e+02
1.813741999999999825e+04 1.757158000000000053e-01 1.000000000000000000e+02
1.813841999999999825e+04 1.767208000000000112e-01 1.000000000000000000e+02
1.813950999999999476e+04 1.777824000000000071e-01 1.000000000000000000e+02
1.814061999999999534e+04 1.787999000000000116e-01 1.000000000000000000e+02
1.814182000000000698e+04 1.798627999999999894e-01 1.000000000000000000e+02
1.814302000000000407e+04 1.808696999999999944e-01 1.000000000000000000e+02
1.814430999999999767e+04 1.819108000000000114e-01 1.000000000000000000e+02
1.814572000000000116e+04 1.829736999999999891e-01 1.000000000000000000e+02
1.814711999999999534e+04 1.839925000000000033e-01 1.000000000000000000e+02
1.814861999999999534e+04 1.850359000000000032e-01 1.000000000000000000e+02
1.815011999999999534e+04 1.860402999999999918e-01 1.000000000000000000e+02
1.815172000000000116e+04 1.870826999999999907e-01 1.000000000000000000e+02
1.815330999999999767e+04 1.880855999999999917e-01 1.000000000000000000e+02
1.815502000000000407e+04 1.891015000000000057e-01 1.000000000000000000e+02
1.815682000000000698e+04 1.901332000000000022e-01 1.000000000000000000e+02
1.815872000000000116e+04 1.911781999999999926e-01 1.000000000000000000e+02
1.816072000000000116e+04 1.922271999999999870e-01 1.000000000000000000e+02
1.816272000000000116e+04 1.932402000000000009e-01 1.000000000000000000e+02
1.816482000000000698e+04 1.942694000000000087e-01 1.000000000000000000e+02
1.816702000000000407e+04 1.953072999999999892e-01 1.000000000000000000e+02
1.816930999999999767e+04 1.963439999999999908e-01 1.000000000000000000e+02
1.817172000000000116e+04 1.973728999999999900e-01 1.000000000000000000e+02
1.817422000000000116e+04 1.983987000000000112e-01 1.000000000000000000e+02
1.817682000000000698e+04 1.994303000000000048e-01 1.000000000000000000e+02
1.817950999999999476e+04 2.004624000000000128e-01 1.000000000000000000e+02
1.818230999999999767e+04 2.014874000000000109e-01 1.000000000000000000e+02
1.818511999999999534e+04 2.024896999999999947e-01 1.000000000000000000e+02
1.818811999999999534e+04 2.035166999999999948e-01 1.000000000000000000e+02
1.819122000000000116e+04 2.045277000000000067e-01 1.000000000000000000e+02
1.819441999999999825e+04 2.055291999999999952e-01 1.000000000000000000e+02
1.819782000000000698e+04 2.065568999999999877e-01 1.000000000000000000e+02
1.820122000000000116e+04 2.075589999999999935e-01 1.000000000000000000e+02
1.820482000000000698e+04 2.085802999999999963e-01 1.000000000000000000e+02
1.820841999999999825e+04 2.095877999999999908e-01 1.000000000000000000e+02
1.821222000000000116e+04 2.106075000000000030e-01 1.000000000000000000e+02
1.821611999999999534e+04 2.116110999999999964e-01 1.000000000000000000e+02
1.822022000000000116e+04 2.126331999999999944e-01 1.000000000000000000e+02
1.822441999999999825e+04 2.136431000000000024e-01 1.000000000000000000e+02
1.822872000000000116e+04 2.146530000000000105e-01 1.000000000000000000e+02
1.823311999999999534e+04 2.156610999999999945e-01 1.000000000000000000e+02
1.823761999999999534e+04 2.166720000000000035e-01 1.000000000000000000e+02
1.824222000000000116e+04 2.176753999999999911e-01 1.000000000000000000e+02
1.824711999999999534e+04 2.186883000000000021e-01 1.000000000000000000e+02
1.825211999999999534e+04 2.197045999999999999e-01 1.000000000000000000e+02
1.825741999999999825e+04 2.207181000000000004e-01 1.000000000000000000e+02
1.826272000000000116e+04 2.217212000000000072e-01 1.000000000000000000e+02
1.826811999999999534e+04 2.227279000000000064e-01 1.000000000000000000e+02
1.827372000000000116e+04 2.237426000000000137e-01 1.000000000000000000e+02
1.827941999999999825e+04 2.247542999999999902e-01 1.000000000000000000e+02
1.828541999999999825e+04 2.257585000000000008e-01 1.000000000000000000e+02
1.829182000000000698e+04 2.267597000000000085e-01 1.000000000000000000e+02
1.829811999999999534e+04 2.277598999999999874e-01 1.000000000000000000e+02
1.830472999999999593e+04 2.287711000000000050e-01 1.000000000000000000e+02
1.831152000000000407e+04 2.297730000000000050e-01 1.000000000000000000e+02
1.831861999999999534e+04 2.307826000000000044e-01 1.000000000000000000e+02
1.832572999999999593e+04 2.317842999999999987e-01 1.000000000000000000e+02
1.833291999999999825e+04 2.327861999999999987e-01 1.000000000000000000e+02
1.834041999999999825e+04 2.337906999999999902e-01 1.000000000000000000e+02
1.834813000000000466e+04 2.348004999999999953e-01 1.000000000000000000e+02
1.835602000000000407e+04 2.358107999999999871e-01 1.000000000000000000e+02
1.836433000000000175e+04 2.368212000000000095e-01 1.000000000000000000e+02
1.837242999999999302e+04 2.378261999999999876e-01 1.000000000000000000e+02
1.838083000000000175e+04 2.388310999999999906e-01 1.000000000000000000e+02
1.838952000000000407e+04 2.398311999999999944e-01 1.000000000000000000e+02
1.839833000000000175e+04 2.408320999999999934e-01 1.000000000000000000e+02
1.840733000000000175e+04 2.418412000000000062e-01 1.000000000000000000e+02
1.841663000000000466e+04 2.428459000000000034e-01 1.000000000000000000e+02
1.842613000000000466e+04 2.438491000000000131e-01 1.000000000000000000e+02
1.843563000000000466e+04 2.448513999999999968e-01 1.000000000000000000e+02
1.844552999999999884e+04 2.458594000000000057e-01 1.000000000000000000e+02
1.845542999999999302e+04 2.468634000000000106e-01 1.000000000000000000e+02
1.846563000000000466e+04 2.478702999999999879e-01 1.000000000000000000e+02
1.847602999999999884e+04 2.488754999999999995e-01 1.000000000000000000e+02
1.848652999999999884e+04 2.498773999999999995e-01 1.000000000000000000e+02
1.849763000000000466e+04 2.508834999999999815e-01 1.000000000000000000e+02
1.850892999999999302e+04 2.518881000000000037e-01 1.000000000000000000e+02
1.852013000000000466e+04 2.528924000000000172e-01 1.000000000000000000e+02
1.853183999999999651e+04 2.538969999999999838e-01 1.000000000000000000e+02
1.854333999999999651e+04 2.549038000000000137e-01 1.000000000000000000e+02
1.855513000000000466e+04 2.559042000000000261e-01 1.000000000000000000e+02
1.856722999999999593e+04 2.569079000000000224e-01 1.000000000000000000e+02
1.857944000000000233e+04 2.579095000000000137e-01 1.000000000000000000e+02
1.859213999999999942e+04 2.589148000000000005e-01 1.000000000000000000e+02
1.860474000000000524e+04 2.599179999999999824e-01 1.000000000000000000e+02
1.861774000000000524e+04 2.609240999999999921e-01 1.000000000000000000e+02
1.863113999999999942e+04 2.619310999999999723e-01 1.000000000000000000e+02
1.864463000000000466e+04 2.629344000000000126e-01 1.000000000000000000e+02
1.865863000000000466e+04 2.639359000000000011e-01 1.000000000000000000e+02
1.867263000000000466e+04 2.649411999999999878e-01 1.000000000000000000e+02
1.868702999999999884e+04 2.659418000000000060e-01 1.000000000000000000e+02
1.870182000000000698e+04 2.669456000000000051e-01 1.000000000000000000e+02
1.871702000000000407e+04 2.679476000000000080e-01 1.000000000000000000e+02
1.872002000000000407e+04 2.681428000000000145e-01 1.000000000000000000e+02
1.872011999999999534e+04 2.073581999999999925e-01 7.965860999999999884e-25
1.872022000000000116e+04 1.988052999999999904e-01 0.000000000000000000e+00
1.872030999999999767e+04 1.941695999999999978e-01 0.000000000000000000e+00
1.872041999999999825e+04 1.908080000000000054e-01 0.000000000000000000e+00
1.872050999999999476e+04 1.881764999999999965e-01 0.000000000000000000e+00
1.872061999999999534e+04 1.859858000000000067e-01 0.000000000000000000e+00
1.872072999999999593e+04 1.841209000000000040e-01 0.000000000000000000e+00
1.872082000000000698e+04 1.824952999999999992e-01 0.000000000000000000e+00
1.872091999999999825e+04 1.810376999999999958e-01 0.000000000000000000e+00
1.872102000000000407e+04 1.797123999999999944e-01 0.000000000000000000e+00
1.872113000000000466e+04 1.784961999999999938e-01 0.000000000000000000e+00
1.872122000000000116e+04 1.773801999999999879e-01 0.000000000000000000e+00
1.872133000000000175e+04 1.763462000000000085e-01 0.000000000000000000e+00
1.872152000000000407e+04 1.744871000000000061e-01 0.000000000000000000e+00
1.872172999999999593e+04 1.728130999999999973e-01 0.000000000000000000e+00
1.872191999999999825e+04 1.712907999999999931e-01 0.000000000000000000e+00
1.872213000000000466e+04 1.699034000000000100e-01 0.000000000000000000e+00
1.872230999999999767e+04 1.686310000000000031e-01 0.000000000000000000e+00
1.872250999999999476e+04 1.674467000000000039e-01 0.000000000000000000e+00
1.872272000000000116e+04 1.663370999999999877e-01 0.000000000000000000e+00
1.872291000000000349e+04 1.652878999999999876e-01 0.000000000000000000e+00
1.872322000000000116e+04 1.638174000000000019e-01 0.000000000000000000e+00
1.872350999999999476e+04 1.624658999999999964e-01 0.000000000000000000e+00
1.872382000000000698e+04 1.612152000000000029e-01 0.000000000000000000e+00
1.872411999999999534e+04 1.600447000000000120e-01 0.000000000000000000e+00
1.872441999999999825e+04 1.589441000000000048e-01 0.000000000000000000e+00
1.872472000000000116e+04 1.579001999999999906e-01 0.000000000000000000e+00
1.872511999999999534e+04 1.565876999999999963e-01 0.000000000000000000e+00
1.872550999999999476e+04 1.553653000000000117e-01 0.000000000000000000e+00
1.872591000000000349e+04 1.542244999999999866e-01 0.000000000000000000e+00
1.872630999999999767e+04 1.531566000000000038e-01 0.000000000000000000e+00
1.872672000000000116e+04 1.521434999999999871e-01 0.000000000000000000e+00
1.872722000000000116e+04 1.509341999999999906e-01 0.000000000000000000e+00
1.872772000000000116e+04 1.497964999999999991e-01 0.000000000000000000e+00
1.872822000000000116e+04 1.487200999999999940e-01 0.000000000000000000e+00
1.872872000000000116e+04 1.476993000000000056e-01 0.000000000000000000e+00
1.872930999999999767e+04 1.465458000000000038e-01 0.000000000000000000e+00
1.872991999999999825e+04 1.454547999999999952e-01 0.000000000000000000e+00
1.873052000000000407e+04 1.444132999999999944e-01 0.000000000000000000e+00
1.873113000000000466e+04 1.434114999999999973e-01 0.000000000000000000e+00
1.873182000000000698e+04 1.422958000000000001e-01 0.000000000000000000e+00
1.873252000000000407e+04 1.412309999999999954e-01 0.000000000000000000e+00
1.873322000000000116e+04 1.402181000000000122e-01 0.000000000000000000e+00
1.873402000000000407e+04 1.391170999999999935e-01 0.000000000000000000e+00
1.873482000000000698e+04 1.380622999999999989e-01 0.000000000000000000e+00
1.873561999999999534e+04 1.370508000000000004e-01 0.000000000000000000e+00
1.873652000000000407e+04 1.359536000000000078e-01 0.000000000000000000e+00
1.873741999999999825e+04 1.349036999999999875e-01 0.000000000000000000e+00
1.873833000000000175e+04 1.338969999999999883e-01 0.000000000000000000e+00
1.873933000000000175e+04 1.328264999999999862e-01 0.000000000000000000e+00
1.874033000000000175e+04 1.318133999999999972e-01 0.000000000000000000e+00
1.874141999999999825e+04 1.307419999999999971e-01 0.000000000000000000e+00
1.874252000000000407e+04 1.297201000000000048e-01 0.000000000000000000e+00
1.874372999999999593e+04 1.286451999999999873e-01 0.000000000000000000e+00
1.874491999999999825e+04 1.276122000000000090e-01 0.000000000000000000e+00
1.874622000000000116e+04 1.265388000000000068e-01 0.000000000000000000e+00
1.874752000000000407e+04 1.255226000000000119e-01 0.000000000000000000e+00
1.874891999999999825e+04 1.244784000000000029e-01 0.000000000000000000e+00
1.875041999999999825e+04 1.234143999999999936e-01 0.000000000000000000e+00
1.875191999999999825e+04 1.223873000000000044e-01 0.000000000000000000e+00
1.875352000000000407e+04 1.213288000000000005e-01 0.000000000000000000e+00
1.875513000000000466e+04 1.203171999999999991e-01 0.000000000000000000e+00
1.875682000000000698e+04 1.192803999999999948e-01 0.000000000000000000e+00
1.875861999999999534e+04 1.182282999999999945e-01 0.000000000000000000e+00
1.876041999999999825e+04 1.172245999999999982e-01 0.000000000000000000e+00
1.876230999999999767e+04 1.162138000000000060e-01 0.000000000000000000e+00
1.876430999999999767e+04 1.151934000000000013e-01 0.000000000000000000e+00
1.876641999999999825e+04 1.141472999999999932e-01 0.000000000000000000e+00
1.876850999999999476e+04 1.131320999999999993e-01 0.000000000000000000e+00
1.877072000000000116e+04 1.121005000000000057e-01 0.000000000000000000e+00
1.877291000000000349e+04 1.110997999999999986e-01 0.000000000000000000e+00
1.877530999999999767e+04 1.100613000000000008e-01 0.000000000000000000e+00
1.877772000000000116e+04 1.090581999999999940e-01 0.000000000000000000e+00
1.878022000000000116e+04 1.080534999999999968e-01 0.000000000000000000e+00
1.878282000000000698e+04 1.070402000000000020e-01 0.000000000000000000e+00
1.878550999999999476e+04 1.060172000000000059e-01 0.000000000000000000e+00
1.878830999999999767e+04 1.049974000000000046e-01 0.000000000000000000e+00
1.879122000000000116e+04 1.039758999999999961e-01 0.000000000000000000e+00
1.879422000000000116e+04 1.029608000000000051e-01 0.000000000000000000e+00
1.879730999999999767e+04 1.019551000000000068e-01 0.000000000000000000e+00
1.880061999999999534e+04 1.009276000000000062e-01 0.000000000000000000e+00
1.880402000000000407e+04 9.990211999999999704e-02 0.000000000000000000e+00
1.880741999999999825e+04 9.889971999999999652e-02 0.000000000000000000e+00
1.881102000000000407e+04 9.787964999999999860e-02 0.000000000000000000e+00
1.881472000000000116e+04 9.687329000000000079e-02 0.000000000000000000e+00
1.881861999999999534e+04 9.585628999999999678e-02 0.000000000000000000e+00
1.882302000000000407e+04 9.481866999999999379e-02 0.000000000000000000e+00
1.882802000000000407e+04 9.363739000000000090e-02 0.000000000000000000e+00
1.883302000000000407e+04 9.250795000000000545e-02 0.000000000000000000e+00
1.883802000000000407e+04 9.141738000000000641e-02 0.000000000000000000e+00
1.884302000000000407e+04 9.036847000000000629e-02 0.000000000000000000e+00
1.884802000000000407e+04 8.934891000000000361e-02 0.000000000000000000e+00
1.885402000000000407e+04 8.818025000000000169e-02 0.000000000000000000e+00
1.886002000000000407e+04 8.707689000000000401e-02 0.000000000000000000e+00
1.886602000000000407e+04 8.600331999999999422e-02 0.000000000000000000e+00
1.887202000000000407e+04 8.498590999999999784e-02 0.000000000000000000e+00
1.887902000000000407e+04 8.383949000000000262e-02 0.000000000000000000e+00
1.888602000000000407e+04 8.275172999999999557e-02 0.000000000000000000e+00
1.889302000000000407e+04 8.169397999999999938e-02 0.000000000000000000e+00
1.890002000000000407e+04 8.068031999999999981e-02 0.000000000000000000e+00
1.890802000000000407e+04 7.955489999999999784e-02 0.000000000000000000e+00
1.891602000000000407e+04 7.848444999999999727e-02 0.000000000000000000e+00
1.892402000000000407e+04 7.744800000000000295e-02 0.000000000000000000e+00
1.893302000000000407e+04 7.634040999999999744e-02 0.000000000000000000e+00
1.894202000000000407e+04 7.528245999999999549e-02 0.000000000000000000e+00
1.895202000000000407e+04 7.417572999999999528e-02 0.000000000000000000e+00
1.896202000000000407e+04 7.312195999999999974e-02 0.000000000000000000e+00
1.897202000000000407e+04 7.208412999999999626e-02 0.000000000000000000e+00
1.898302000000000407e+04 7.101446999999999621e-02 0.000000000000000000e+00
1.899402000000000407e+04 7.000910999999999940e-02 0.000000000000000000e+00
1.900602000000000407e+04 6.896467000000000569e-02 0.000000000000000000e+00
1.901802000000000407e+04 6.795629000000000253e-02 0.000000000000000000e+00
1.903102000000000407e+04 6.692283999999999733e-02 0.000000000000000000e+00
1.904502000000000407e+04 6.587289000000000339e-02 0.000000000000000000e+00
1.905902000000000407e+04 6.486580999999999597e-02 0.000000000000000000e+00
1.907302000000000407e+04 6.385826000000000002e-02 0.000000000000000000e+00
1.908902000000000407e+04 6.284467999999999999e-02 0.000000000000000000e+00
1.910502000000000407e+04 6.184251000000000331e-02 0.000000000000000000e+00
1.912302000000000407e+04 6.078424999999999800e-02 0.000000000000000000e+00
1.914102000000000407e+04 5.977841999999999878e-02 0.000000000000000000e+00
1.916002000000000407e+04 5.875505000000000311e-02 0.000000000000000000e+00
1.917902000000000407e+04 5.775282000000000332e-02 0.000000000000000000e+00
1.920102000000000407e+04 5.672151000000000276e-02 0.000000000000000000e+00
1.922402000000000407e+04 5.568424000000000290e-02 0.000000000000000000e+00
1.924702000000000407e+04 5.464705999999999730e-02 0.000000000000000000e+00
1.927302000000000407e+04 5.360655999999999755e-02 0.000000000000000000e+00
1.929902000000000407e+04 5.257138000000000089e-02 0.000000000000000000e+00
1.932802000000000407e+04 5.154508000000000006e-02 0.000000000000000000e+00
1.936002000000000407e+04 5.052191999999999794e-02 0.000000000000000000e+00
1.939302000000000407e+04 4.951822000000000168e-02 0.000000000000000000e+00
1.942602000000000407e+04 4.850511999999999879e-02 0.000000000000000000e+00
1.946102000000000407e+04 4.747835999999999723e-02 0.000000000000000000e+00
1.950202000000000407e+04 4.644833000000000295e-02 0.000000000000000000e+00
1.954402000000000407e+04 4.543918999999999736e-02 0.000000000000000000e+00
1.958802000000000407e+04 4.443404000000000104e-02 0.000000000000000000e+00
1.963302000000000407e+04 4.343168000000000029e-02 0.000000000000000000e+00
1.968302000000000407e+04 4.241575000000000206e-02 0.000000000000000000e+00
1.973802000000000407e+04 4.140582000000000290e-02 0.000000000000000000e+00
1.979802000000000407e+04 4.039464999999999723e-02 0.000000000000000000e+00
1.986302000000000407e+04 3.938304000000000110e-02 0.000000000000000000e+00
1.993402000000000407e+04 3.837808999999999665e-02 0.000000000000000000e+00
2.000602000000000407e+04 3.737197999999999909e-02 0.000000000000000000e+00
2.009002000000000407e+04 3.636836000000000235e-02 0.000000000000000000e+00
2.018302000000000407e+04 3.536402999999999769e-02 0.000000000000000000e+00
2.027702000000000407e+04 3.436303999999999748e-02 0.000000000000000000e+00
2.038402000000000407e+04 3.336175999999999725e-02 0.000000000000000000e+00
2.050202000000000407e+04 3.236022000000000204e-02 0.000000000000000000e+00
2.063902000000000407e+04 3.135563000000000239e-02 0.000000000000000000e+00
2.078602000000000407e+04 3.035349999999999854e-02 0.000000000000000000e+00
2.096102000000000407e+04 2.934967000000000131e-02 0.000000000000000000e+00
2.113102000000000407e+04 2.834893999999999956e-02 0.000000000000000000e+00
2.137002000000000407e+04 2.734564999999999912e-02 0.000000000000000000e+00
2.161102000000000407e+04 2.634378000000000067e-02 0.000000000000000000e+00
2.186802000000000407e+04 2.534062000000000120e-02 0.000000000000000000e+00
2.221102000000000407e+04 2.433696999999999944e-02 0.000000000000000000e+00
2.263102000000000407e+04 2.333425000000000082e-02 0.000000000000000000e+00
2.304602000000000407e+04 2.233283000000000143e-02 0.000000000000000000e+00
2.366402000000000407e+04 2.132749000000000103e-02 0.000000000000000000e+00
2.441502000000000407e+04 2.032445000000000085e-02 0.000000000000000000e+00
2.544402000000000407e+04 1.932102999999999945e-02 0.000000000000000000e+00
2.672002000000000407e+04 1.848112999999999839e-02 0.000000000000000000e+00
