0.75 4.73804e-06 0.0368757 21532.3
1.25 7.89674e-06 0.020386 11903.7
1.75 1.10554e-05 0.0144891 8460.44
2.25 1.42141e-05 0.0113082 6603.06
2.75 1.73728e-05 0.00932324 5443.99
3.25 2.05315e-05 0.00793952 4636.01
3.75 2.36902e-05 0.00694138 4053.18
4.25 2.68489e-05 0.0062098 3626
4.75 3.00076e-05 0.00561392 3278.06
5.25 3.31663e-05 0.0051322 2996.77
5.75 3.6325e-05 0.00471776 2754.78
6.25 3.94837e-05 0.00437092 2552.25
6.75 4.26423e-05 0.00407416 2378.97
7.25 4.5801e-05 0.0038165 2228.52
7.75 4.89597e-05 0.00359606 2099.8
8.25 5.21184e-05 0.0033965 1983.27
8.75 5.52772e-05 0.00322141 1881.03
9.25 5.84359e-05 0.00306892 1791.99
9.75 6.15946e-05 0.0029225 1706.5
10.25 6.47532e-05 0.00279916 1634.47
10.75 6.79119e-05 0.0026844 1567.46
11.25 7.10706e-05 0.00257832 1505.52
11.75 7.42293e-05 0.0024832 1449.98
12.25 7.7388e-05 0.00239622 1399.19
12.75 8.05467e-05 0.00231034 1349.04
13.25 8.37054e-05 0.00223588 1305.57
13.75 8.68641e-05 0.00217546 1270.29
14.25 9.00228e-05 0.00210256 1227.72
14.75 9.31815e-05 0.0020461 1194.75
15.5 9.79195e-05 0.00196013 1144.55
16.5 0.000104237 0.0018509 1080.77
17.5 0.000110554 0.00176522 1030.74
18.5 0.000116872 0.001676 978.643
19.5 0.000123189 0.00160288 935.947
20.5 0.000129506 0.00153542 896.556
21.5 0.000135824 0.00147021 858.479
22.5 0.000142141 0.00141352 825.377
23.5 0.000148459 0.00136113 794.786
24.5 0.000154776 0.00131449 767.552
25.5 0.000161093 0.00126776 740.265
26.5 0.000167411 0.00122703 716.483
27.5 0.000173728 0.00118652 692.828
28.5 0.000180046 0.00115183 672.572
29.5 0.000186363 0.00112137 654.786
30.5 0.00019268 0.00109118 637.158
31.5 0.000198998 0.00116503 680.28
32.5 0.000205315 0.00105369 615.267
33.5 0.000211633 0.00101906 595.046
34.75 0.000219529 0.00098592 575.695
36.25 0.000229005 0.00095284 556.379
37.75 0.000238481 0.000920973 537.771
39.25 0.000247958 0.000888927 519.059
40.75 0.000257434 0.00085888 501.514
42.25 0.00026691 0.000832973 486.387
43.75 0.000276386 0.000807567 471.551
45.25 0.000285862 0.000784393 458.02
46.75 0.000295338 0.000762627 445.31
48.25 0.000304814 0.000743727 434.274
49.75 0.00031429 0.00072304 422.195
51.25 0.000323766 0.00070846 413.681
52.75 0.000333242 0.000690067 402.941
54.25 0.000342718 0.000669813 391.115
56 0.000353774 0.000655935 383.011
58 0.000366409 0.00063451 370.501
60 0.000379043 0.00061668 360.089
62 0.000391678 0.000600085 350.399
64 0.000404313 0.00058684 342.665
66 0.000416948 0.000570805 333.302
68 0.000429582 0.000555605 324.427
70 0.000442217 0.000541685 316.299
72 0.000454852 0.00053069 309.878
74 0.000467487 0.00051677 301.75
76 0.000480122 0.0005074 296.279
78.25 0.000494336 0.000494624 288.819
80.75 0.000510129 0.000483788 282.492
83.25 0.000525923 0.000472116 275.676
85.75 0.000541716 0.000459684 268.417
88.25 0.00055751 0.000450612 263.12
90.75 0.000573303 0.000439284 256.505
93.25 0.000589097 0.000431896 252.191
95.75 0.00060489 0.000422452 246.677
98.25 0.000620683 0.000411356 240.197
100.75 0.000636477 0.000403476 235.596
103.5 0.00065385 0.000393253 229.627
106.5 0.000672802 0.00038283 223.541
109.5 0.000691754 0.000374913 218.918
112.5 0.000710706 0.000367283 214.463
115.5 0.000729658 0.00036035 210.414
118.5 0.000748611 0.00035299 206.117
121.5 0.000767563 0.000345597 201.799
124.5 0.000786515 0.00033741 197.019
127.75 0.000807046 0.000329794 192.572
131.25 0.000829157 0.0003223 188.196
134.75 0.000851268 0.000316569 184.849
138.25 0.000873379 0.000308377 180.066
141.75 0.00089549 0.000305363 178.306
145.25 0.000917601 0.000298286 174.174
148.75 0.000939712 0.00029334 171.286
152.25 0.000961822 0.000288897 168.692
156 0.000985513 0.000282793 165.127
160 0.00101078 0.000276267 161.317
164 0.00103605 0.00027194 158.79
168 0.00106132 0.000266865 155.827
172 0.00108659 0.000262365 153.199
176 0.00111186 0.000257455 150.332
180 0.00113713 0.000250435 146.233
184.25 0.00116398 0.000246922 144.182
188.75 0.00119241 0.00024214 141.389
193.25 0.00122084 0.000237233 138.524
197.75 0.00124926 0.000233849 136.548
202.25 0.00127769 0.000229029 133.734
206.75 0.00130612 0.000225231 131.516
211.5 0.00133613 0.000220258 128.612
216.5 0.00136771 0.000216132 126.203
221.5 0.0013993 0.000211842 123.698
226.5 0.00143089 0.000208662 121.841
231.5 0.00146248 0.000206216 120.413
236.5 0.00149406 0.000201594 117.714
241.75 0.00152723 0.000197075 115.075
247.25 0.00156197 0.000193715 113.113
252.75 0.00159672 0.000191484 111.81
258.25 0.00163147 0.000187933 109.737
263.75 0.00166621 0.00018478 107.896
269.5 0.00170254 0.000180712 105.52
275.5 0.00174044 0.000178098 103.994
281.5 0.00177834 0.000174115 101.669
287.5 0.00181625 0.000171438 100.106
293.5 0.00185415 0.000168403 98.3334
299.5 0.00189206 0.000166932 97.4741
305.75 0.00193154 0.000164523 96.0677
312.25 0.0019726 0.000160131 93.5029
318.75 0.00201367 0.000157723 92.097
325.25 0.00205473 0.000157098 91.7323
332 0.00209737 0.000153371 89.556
339 0.00214159 0.000151051 88.2014
346 0.00218582 0.000150084 87.6366
353 0.00223004 0.00014644 85.5087
360 0.00227426 0.000144107 84.1465
367.25 0.00232006 0.000141331 82.5252
374.75 0.00236744 0.000139296 81.3372
382.25 0.00241482 0.000137293 80.1678
389.75 0.0024622 0.000134285 78.4114
397.5 0.00251116 0.0001324 77.3105
405.5 0.0025617 0.000131209 76.6149
413.5 0.00261224 0.000128005 74.7442
421.5 0.00266278 0.000126805 74.0435
429.5 0.00271332 0.000125016 72.999
437.75 0.00276544 0.000123147 71.9075
446.25 0.00281913 0.000121061 70.6896
454.75 0.00287283 0.000118129 68.9777
463.5 0.00292811 0.000117358 68.5271
472.5 0.00298497 0.00011617 67.8335
481.5 0.00304182 0.000113729 66.4081
490.5 0.00309868 0.000112418 65.6425
499.5 0.00315554 0.000111719 65.2345
508.75 0.00321397 0.000108969 63.629
518.25 0.00327399 0.000108169 63.1619
527.75 0.003334 0.000106677 62.2903
537.25 0.00339402 0.000105413 61.5521
547 0.00345561 0.000103414 60.3851
557 0.00351879 0.000102547 59.8788
567 0.00358196 0.000100305 58.5697
577.25 0.00364671 9.90038e-05 57.8099
587.75 0.00371305 9.63981e-05 56.2884
598.25 0.00377938 9.70562e-05 56.6727
609 0.00384729 9.41264e-05 54.9619
620 0.00391678 9.30291e-05 54.3212
631 0.00398627 9.24364e-05 53.9751
642.25 0.00405734 9.05861e-05 52.8947
653.75 0.00412999 8.90852e-05 52.0183
665.25 0.00420264 8.88965e-05 51.9081
676.75 0.00427529 8.70774e-05 50.8459
688.5 0.00434952 8.5135e-05 49.7117
700.5 0.00442533 8.51625e-05 49.7278
712.5 0.00450114 8.38292e-05 48.9492
724.75 0.00457853 8.13864e-05 47.5228
737.25 0.00465749 8.11432e-05 47.3808
750 0.00473804 7.98431e-05 46.6217
763 0.00482017 7.91346e-05 46.208
776 0.00490229 7.81185e-05 45.6146
789 0.00498442 7.73831e-05 45.1852
802.25 0.00506813 7.56822e-05 44.1921
815.75 0.00515341 7.52452e-05 43.9369
829.25 0.00523869 7.46407e-05 43.5839
843 0.00532556 7.23514e-05 42.2472
857 0.005414 7.22107e-05 42.165
871.25 0.00550402 7.12834e-05 41.6236
885.75 0.00559563 7.03476e-05 41.0771
900.25 0.00568723 6.97476e-05 40.7267
915 0.00578041 6.88953e-05 40.2291
930 0.00587517 6.7856e-05 39.6222
945 0.00596993 6.71527e-05 39.2115
960.25 0.00606627 6.604e-05 38.5618
975.75 0.00616419 6.51129e-05 38.0205
991.25 0.00626211 6.50252e-05 37.9692
1007 0.00636161 6.39256e-05 37.3272
1023 0.00646269 6.27062e-05 36.6152
1039.25 0.00656535 6.21727e-05 36.3037
1055.75 0.00666958 6.15667e-05 35.9498
1072.5 0.0067754 6.04071e-05 35.2727
1089.5 0.0068828 5.97224e-05 34.8728
1106.5 0.00699019 5.91365e-05 34.5307
1123.75 0.00709917 5.8624e-05 34.2315
1141.25 0.00720972 5.83714e-05 34.084
1159 0.00732185 5.63911e-05 32.9277
1177 0.00743557 5.66872e-05 33.1006
1195.25 0.00755086 5.55481e-05 32.4354
1213.75 0.00766773 5.46627e-05 31.9184
1232.25 0.0077846 5.4427e-05 31.7808
1251 0.00790305 5.35374e-05 31.2613
1270 0.00802308 5.29195e-05 30.9005
1289.25 0.00814469 5.25497e-05 30.6846
1308.75 0.00826788 5.20426e-05 30.3885
1328.5 0.00839265 5.13285e-05 29.9715
1348.5 0.008519 5.067e-05 29.587
1368.5 0.00864535 5.04525e-05 29.46
1388.75 0.00877327 4.99341e-05 29.1574
1409.25 0.00890278 4.88234e-05 28.5088
1429.75 0.00903229 4.90854e-05 28.6617
1450.5 0.00916337 4.79505e-05 27.9991
1471.5 0.00929604 4.77971e-05 27.9095
1492.75 0.00943028 4.67493e-05 27.2977
1514.25 0.00956611 4.68023e-05 27.3286
1536 0.00970351 4.56623e-05 26.6629
1558 0.00984249 4.55545e-05 26.6
1580.25 0.00998305 4.44462e-05 25.9529
1602.75 0.0101252 4.52916e-05 26.4465
1625.75 0.0102705 4.3334e-05 25.3034
1649 0.0104174 4.39183e-05 25.6446
1672.25 0.0105643 4.28974e-05 25.0485
1696 0.0107143 4.24037e-05 24.7602
1720 0.0108659 4.22425e-05 24.6661
1744.25 0.0110191 4.12927e-05 24.1114
1768.75 0.0111739 4.12196e-05 24.0688
1793.25 0.0113287 4.10592e-05 23.9751
1818 0.011485 4.02212e-05 23.4858
1843.25 0.0116445 3.95914e-05 23.118
1869 0.0118072 3.90227e-05 22.786
1894.75 0.0119699 3.95541e-05 23.0963
1920.5 0.0121325 3.88762e-05 22.7004
1946.75 0.0122984 3.81155e-05 22.2562
1973.25 0.0124658 3.80592e-05 22.2234
2000 0.0126348 3.76415e-05 21.9795
2027 0.0128053 3.73389e-05 21.8028
2054.25 0.0129775 3.63804e-05 21.2431
2081.75 0.0131512 3.6812e-05 21.4951
2109.5 0.0133265 3.6195e-05 21.1348
2137.75 0.013505 3.56477e-05 20.8153
2166.25 0.013685 3.53109e-05 20.6186
2195 0.0138667 3.48769e-05 20.3652
2224 0.0140499 3.50128e-05 20.4445
2253.25 0.0142347 3.41363e-05 19.9327
2282.75 0.014421 3.43746e-05 20.0719
2312.5 0.014609 3.35337e-05 19.5808
2342.75 0.0148001 3.31948e-05 19.383
2373.5 0.0149943 3.28097e-05 19.1581
2404.5 0.0151902 3.26977e-05 19.0927
2435.5 0.015386 3.25097e-05 18.9829
2466.75 0.0155834 3.18724e-05 18.6108
2498.25 0.0157824 3.19879e-05 18.6783
2530.25 0.0159846 3.11154e-05 18.1688
2562.5 0.0161883 3.12925e-05 18.2722
2594.75 0.016392 3.08018e-05 17.9857
2627.5 0.0165989 3.05824e-05 17.8576
2660.75 0.016809 3e-05 17.5175
2694.25 0.0170206 3.02648e-05 17.6721
2728.25 0.0172354 2.94275e-05 17.1832
2762.5 0.0174518 2.96656e-05 17.3222
2796.75 0.0176682 2.91162e-05 17.0014
2831.75 0.0178893 2.85315e-05 16.66
2864 0.018093 3.49055e-05 20.3819
2894.75 0.0182873 3.08074e-05 17.9889
2928.5 0.0185005 2.86443e-05 16.7259
2964 0.0187247 2.79331e-05 16.3106
2999.5 0.018949 2.86937e-05 16.7547
3035 0.0191733 2.78636e-05 16.27
3071 0.0194007 2.788e-05 16.2796
3107.5 0.0196313 2.71651e-05 15.8622
3144.75 0.0198666 2.69667e-05 15.7463
3182.25 0.0201035 2.66776e-05 15.5775
3220.25 0.0203436 2.61301e-05 15.2578
3258.75 0.0205868 2.60387e-05 15.2044
3297 0.0208284 2.63671e-05 15.3962
3336 0.0210748 2.52887e-05 14.7665
3375.5 0.0213243 2.57249e-05 15.0212
3415.25 0.0215755 2.49338e-05 14.5593
3455.5 0.0218297 2.5171e-05 14.6978
3495.75 0.022084 2.48412e-05 14.5052
3536.75 0.022343 2.44176e-05 14.2578
3578.5 0.0226068 2.40136e-05 14.0219
3620.5 0.0228721 2.40293e-05 14.0311
3662.5 0.0231374 2.38588e-05 13.9315
3704.75 0.0234043 2.3612e-05 13.7874
3747.5 0.0236744 2.34412e-05 13.6877
3790.75 0.0239476 2.31897e-05 13.5408
3834.5 0.024224 2.28393e-05 13.3362
3878.75 0.0245036 2.26512e-05 13.2264
3923 0.0247831 2.28232e-05 13.3268
3967.25 0.0250627 2.25211e-05 13.1504
4012 0.0253454 2.22233e-05 12.9766
4057.5 0.0256328 2.19578e-05 12.8215
4103.5 0.0259234 2.17893e-05 12.7232
4149.75 0.0262156 2.17243e-05 12.6852
4196.25 0.0265093 2.1614e-05 12.6207
4243 0.0268047 2.14147e-05 12.5044
4290 0.0271016 2.13066e-05 12.4413
4337.25 0.0274001 2.12507e-05 12.4086
4385.25 0.0277033 2.07485e-05 12.1154
4433.5 0.0280081 2.09971e-05 12.2605
4482.25 0.0283161 2.03691e-05 11.8938
4531.5 0.0286272 2.06002e-05 12.0288
4581.25 0.0289415 1.9935e-05 11.6404
4631.5 0.029259 2.0182e-05 11.7846
4681.5 0.0295749 2.01106e-05 11.7429
4732.5 0.029897 1.93912e-05 11.3228
4784.25 0.030224 1.9519e-05 11.3975
4836.25 0.0305525 1.91381e-05 11.175
4888.5 0.0308826 1.93521e-05 11.3
4940.5 0.0312111 1.92879e-05 11.2625
4993.25 0.0315443 1.88037e-05 10.9798
5046.75 0.0318823 1.87583e-05 10.9533
5100.5 0.0322218 1.87059e-05 10.9227
5155 0.0325661 1.82813e-05 10.6747
5210.5 0.0329168 1.79538e-05 10.4835
5266 0.0332674 1.82662e-05 10.6659
5321.25 0.0336164 1.8138e-05 10.5911
5377.25 0.0339702 1.78212e-05 10.4061
5434 0.0343287 1.76158e-05 10.2861
5491.25 0.0346904 1.75165e-05 10.2282
5548.5 0.035052 1.75519e-05 10.2489
5606 0.0354153 1.72957e-05 10.0992
5664.25 0.0357833 1.71865e-05 10.0355
5722 0.0361481 1.75468e-05 10.2459
5780.25 0.0365161 1.69017e-05 9.86916
5839.25 0.0368888 1.70968e-05 9.98307
5898.5 0.0372631 1.67112e-05 9.75792
5959 0.0376453 1.6492e-05 9.62992
6019.25 0.0380259 1.68276e-05 9.82588
6080 0.0384097 1.62634e-05 9.49645
6141.75 0.0387998 1.63462e-05 9.5448
6203.75 0.0391915 1.60302e-05 9.36031
6266.75 0.0395895 1.57939e-05 9.22229
6330.25 0.0399907 1.58436e-05 9.25135
6393.5 0.0403902 1.59494e-05 9.31309
6457 0.0407914 1.57311e-05 9.18564
6521.75 0.0412004 1.52933e-05 8.92999
6587.25 0.0416142 1.53344e-05 8.95397
6653 0.0420296 1.51911e-05 8.8703
6719 0.0424465 1.52453e-05 8.90198
6786 0.0428698 1.47503e-05 8.61293
6853.75 0.0432978 1.4872e-05 8.684
6921.5 0.0437258 1.47978e-05 8.64067
6989.75 0.044157 1.46236e-05 8.53898
7058.5 0.0445913 1.44942e-05 8.4634
7128 0.0450303 1.43179e-05 8.36043
7197.75 0.045471 1.44373e-05 8.43015
7268.25 0.0459164 1.40116e-05 8.1816
7339.5 0.0463665 1.41104e-05 8.2393
7410.5 0.046815 1.41675e-05 8.27261
7483 0.047273 1.35801e-05 7.92966
7556.25 0.0477358 1.38316e-05 8.07649
7629 0.0481954 1.37049e-05 8.00253
7702.5 0.0486597 1.35754e-05 7.9269
7777 0.0491303 1.34007e-05 7.82486
7851.75 0.0496026 1.34651e-05 7.86249
7926.5 0.0500748 1.33832e-05 7.81467
8002.25 0.0505533 1.31286e-05 7.66602
8079.25 0.0510398 1.296e-05 7.56755
8156.25 0.0515262 1.30779e-05 7.6364
8234 0.0520174 1.27109e-05 7.42209
8312.25 0.0525117 1.29808e-05 7.57968
8390.75 0.0530076 1.25874e-05 7.35
8470 0.0535083 1.27297e-05 7.4331
8549.5 0.0540105 1.25132e-05 7.30669
8630.25 0.0545206 1.22741e-05 7.16705
8711.25 0.0550324 1.24519e-05 7.27088
8792.5 0.0555456 1.22349e-05 7.14414
8874.5 0.0560637 1.21965e-05 7.12171
8956.75 0.0565833 1.21558e-05 7.09794
9040.25 0.0571108 1.18405e-05 6.91384
9124.75 0.0576446 1.19069e-05 6.95261
9209.5 0.05818 1.17751e-05 6.87565
9294.25 0.0587154 1.1868e-05 6.92994
9380.5 0.0592603 1.14305e-05 6.67443
9468.5 0.0598162 1.13987e-05 6.65591
9555.75 0.0603674 1.16342e-05 6.79341
9643.25 0.0609202 1.13505e-05 6.62774
9731.75 0.0614793 1.13215e-05 6.61078
9821 0.0620431 1.11606e-05 6.51683
9910.75 0.0626101 1.12411e-05 6.56388
10001 0.0631802 1.10387e-05 6.44566
10091.5 0.0637519 1.11249e-05 6.496
10181.5 0.0643205 1.1156e-05 6.51417
10272.2 0.0648938 1.09763e-05 6.40923
10364.5 0.0654766 1.07827e-05 6.29619
10457.8 0.0660657 1.07046e-05 6.25059
10551.2 0.0666563 1.07028e-05 6.24953
10645.5 0.0672518 1.05833e-05 6.17974
10740.5 0.0678519 1.05337e-05 6.15079
10836 0.0684552 1.04283e-05 6.08927
10932.8 0.0690664 1.0285e-05 6.00559
11029.8 0.0696792 1.03656e-05 6.05264
11128.2 0.0703015 9.99522e-06 5.83637
11227.8 0.0709301 1.01685e-05 5.93757
11326.5 0.0715539 1.01478e-05 5.92545
11426.8 0.0721872 9.88857e-06 5.7741
11528.8 0.0728316 9.77044e-06 5.70512
11630.8 0.073476 9.87498e-06 5.76616
11732.8 0.0741203 9.77171e-06 5.70586
11835.8 0.074771 9.69111e-06 5.6588
11940.2 0.0754312 9.48474e-06 5.53829
12045.5 0.0760961 9.55886e-06 5.58157
12149 0.07675 9.82431e-06 5.73657
12253.2 0.0774085 9.40967e-06 5.49446
12360.8 0.0780877 9.22194e-06 5.38484
12468.5 0.0787684 9.38299e-06 5.47888
12575.8 0.0794459 9.30447e-06 5.43303
12684.8 0.0801345 9.05231e-06 5.28579
12794.5 0.0808278 9.17587e-06 5.35794
12904.2 0.0815212 9.05774e-06 5.28896
13015.2 0.0822224 8.98825e-06 5.24838
13126.5 0.0829252 9.05459e-06 5.28712
13238.8 0.0836343 8.81463e-06 5.147
13351.8 0.0843482 8.90578e-06 5.20023
13466 0.08507 8.64267e-06 5.0466
13582.5 0.0858059 8.56974e-06 5.00401
13698.8 0.0865403 8.66823e-06 5.06152
13814.2 0.08727 8.67446e-06 5.06516
13931 0.0880075 8.48254e-06 4.95309
14049.2 0.0887546 8.4719e-06 4.94688
14168.8 0.0895095 8.31203e-06 4.85353
14289.8 0.0902739 8.23671e-06 4.80955
14410 0.0910336 8.42731e-06 4.92084
14530.2 0.0917932 8.25827e-06 4.82214
14652.5 0.0925655 8.1426e-06 4.7546
14776 0.0933457 8.08411e-06 4.72044
14899.8 0.0941275 8.10915e-06 4.73506
15024.2 0.094914 8.00693e-06 4.67538
15150.5 0.0957116 7.87677e-06 4.59937
15277.5 0.0965139 7.89362e-06 4.60921
15405.2 0.097321 7.807e-06 4.55864
15534.8 0.0981391 7.69425e-06 4.4928
15664.8 0.0989603 7.72834e-06 4.5127
15794.8 0.0997816 7.68421e-06 4.48694
15926.5 0.100614 7.53662e-06 4.40075
16059.2 0.101453 7.56423e-06 4.41687
16191.8 0.10229 7.56053e-06 4.41471
16325.8 0.103136 7.39712e-06 4.3193
16461.2 0.103992 7.38266e-06 4.31085
16596.5 0.104847 7.41963e-06 4.33244
16732.8 0.105707 7.29825e-06 4.26157
16868.5 0.106565 7.48522e-06 4.37074
17005.2 0.107429 7.20129e-06 4.20495
17144 0.108305 7.25188e-06 4.23449
17283.2 0.109185 7.12754e-06 4.16189
17425 0.11008 7.01664e-06 4.09713
17567 0.110978 7.09298e-06 4.1417
17709.5 0.111878 6.9725e-06 4.07135
17853.8 0.112789 6.92284e-06 4.04236
17998.8 0.113705 6.89155e-06 4.02408
18145.5 0.114632 6.76554e-06 3.95051
18292.8 0.115562 6.84908e-06 3.99929
18441 0.116499 6.68607e-06 3.9041
18590.5 0.117443 6.72087e-06 3.92443
18741.5 0.118397 6.55379e-06 3.82686
18893.5 0.119358 6.63033e-06 3.87156
19045 0.120315 6.60164e-06 3.85481
19197.2 0.121276 6.55961e-06 3.83026
19351.2 0.122249 6.45299e-06 3.768
19507.8 0.123238 6.36127e-06 3.71445
19663.5 0.124222 6.49571e-06 3.79295
19819.2 0.125206 6.36013e-06 3.71378
19978.5 0.126212 6.22739e-06 3.63627
20139.5 0.127229 6.21404e-06 3.62848
20301.2 0.128251 6.17249e-06 3.60422
20463.2 0.129274 6.20037e-06 3.6205
20625.5 0.130299 6.14399e-06 3.58757
20788.2 0.131327 6.17471e-06 3.60551
20953.5 0.132371 5.96363e-06 3.48226
21120.5 0.133426 6.03554e-06 3.52425
21290 0.134497 5.79405e-06 3.38324
21460 0.135571 5.99725e-06 3.50189
21629 0.136639 5.8555e-06 3.41912
21798.5 0.13771 5.9594e-06 3.47979
21969.5 0.13879 5.76626e-06 3.36701
22143.8 0.139891 5.74562e-06 3.35496
22318.5 0.140995 5.72274e-06 3.3416
22493.5 0.1421 5.71451e-06 3.3368
22669.8 0.143214 5.64715e-06 3.29746
22849.5 0.144349 5.49775e-06 3.21022
23030.2 0.145491 5.58591e-06 3.2617
23210.8 0.146631 5.51515e-06 3.22039
23393 0.147783 5.4706e-06 3.19437
23576.2 0.14894 5.45891e-06 3.18755
23759.8 0.1501 5.45831e-06 3.1872
23946 0.151276 5.30037e-06 3.09497
24132.5 0.152454 5.44054e-06 3.17682
24318 0.153626 5.36348e-06 3.13182
24509 0.154833 5.13764e-06 2.99995
24701.8 0.156051 5.2527e-06 3.06714
24894.5 0.157268 5.13641e-06 2.99923
25089.5 0.1585 5.13913e-06 3.00082
25284 0.159729 5.15887e-06 3.01234
25480.5 0.16097 5.04241e-06 2.94435
25680.5 0.162234 4.97746e-06 2.90642
25881 0.1635 5.0038e-06 2.9218
26056.8 0.164611 6.62145e-06 3.86637
26222 0.165655 5.58749e-06 3.26262
26409.5 0.166839 5.11051e-06 2.98411
26607 0.168087 5.0403e-06 2.94311
26804.8 0.169336 5.09267e-06 2.97369
27005.8 0.170606 4.87046e-06 2.84394
27210.8 0.171901 4.90127e-06 2.86193
27416.5 0.173201 4.83314e-06 2.82215
27625.5 0.174521 4.74128e-06 2.76851
27834.8 0.175843 4.82294e-06 2.81619
28042.5 0.177155 4.81163e-06 2.80959
28256.5 0.178507 4.55786e-06 2.66141
28474.5 0.179884 4.6362e-06 2.70715
28689.5 0.181243 4.67701e-06 2.73098
28903.5 0.182595 4.68173e-06 2.73374
29123.5 0.183984 4.43372e-06 2.58892
29346.2 0.185392 4.559e-06 2.66207
29567.8 0.186791 4.483e-06 2.61769
29793 0.188214 4.41498e-06 2.57798
30017.5 0.189632 4.50495e-06 2.63052
30242 0.19105 4.41233e-06 2.57643
30470.5 0.192494 4.35452e-06 2.54268
30701.2 0.193952 4.32138e-06 2.52332
30934.5 0.195425 4.25855e-06 2.48664
31168.5 0.196904 4.29438e-06 2.50756
31404 0.198391 4.20336e-06 2.45441
31644.5 0.199911 4.12276e-06 2.40734
31883.5 0.20142 4.26238e-06 2.48887
32124.5 0.202943 4.05093e-06 2.3654
32367.2 0.204477 4.20008e-06 2.4525
32610.8 0.206015 4.02648e-06 2.35113
32859.2 0.207585 4.02865e-06 2.35239
33107.2 0.209151 4.04323e-06 2.36091
33357.2 0.210731 3.97006e-06 2.31818
33609 0.212321 3.98829e-06 2.32882
33861.2 0.213915 3.95128e-06 2.30722
34116.8 0.215529 3.88878e-06 2.27072
34371.8 0.21714 3.96388e-06 2.31457
34627.5 0.218755 3.87224e-06 2.26106
34887.5 0.220398 3.83912e-06 2.24172
35149.8 0.222055 3.79954e-06 2.21862
35415.2 0.223732 3.7483e-06 2.18869
35682.5 0.22542 3.75307e-06 2.19148
35951.2 0.227118 3.70211e-06 2.16172
36221 0.228822 3.72141e-06 2.17299
36492.8 0.230539 3.65035e-06 2.1315
36767 0.232271 3.655e-06 2.13421
37042.8 0.234013 3.60721e-06 2.10631
37322.8 0.235782 3.54485e-06 2.06989
37603.2 0.237554 3.59296e-06 2.09799
37884.8 0.239333 3.51638e-06 2.05327
38169.5 0.241132 3.51165e-06 2.05051
38454.5 0.242932 3.5127e-06 2.05112
38741.8 0.244747 3.45872e-06 2.0196
39031.5 0.246577 3.44945e-06 2.01419
39323 0.248419 3.41618e-06 1.99476
39620.2 0.250297 3.32126e-06 1.93934
39918.8 0.252182 3.38467e-06 1.97636
40218.2 0.254074 3.29582e-06 1.92448
40517.8 0.255966 3.38788e-06 1.97824
40817.2 0.257858 3.29779e-06 1.92563
41122 0.259784 3.27046e-06 1.90967
41428 0.261717 3.26853e-06 1.90855
41734.5 0.263653 3.25863e-06 1.90277
42044 0.265608 3.2074e-06 1.87285
42356.8 0.267584 3.19298e-06 1.86443
42672 0.269576 3.15716e-06 1.84352
42989 0.271578 3.15868e-06 1.8444
43306.5 0.273584 3.1461e-06 1.83706
43628 0.275615 3.08458e-06 1.80114
43952.2 0.277663 3.09209e-06 1.80552
44277.5 0.279718 3.06153e-06 1.78768
44606 0.281793 3.03333e-06 1.77121
44937 0.283884 3.01578e-06 1.76096
45268.8 0.28598 3.01961e-06 1.7632
45603.2 0.288093 2.96628e-06 1.73206
45944.2 0.290248 2.9079e-06 1.69797
46286.8 0.292411 2.93771e-06 1.71538
46631.2 0.294588 2.87349e-06 1.67787
46979.5 0.296788 2.87782e-06 1.6804
47330.5 0.299005 2.83172e-06 1.65349
47684 0.301238 2.83722e-06 1.6567
48038.5 0.303478 2.81096e-06 1.64136
48395.5 0.305733 2.79377e-06 1.63133
48755 0.308004 2.77515e-06 1.62046
49118 0.310298 2.74068e-06 1.60033
49482.8 0.312602 2.7459e-06 1.60337
49849 0.314916 2.71897e-06 1.58765
50219.8 0.317258 2.67783e-06 1.56363
50595.5 0.319631 2.64987e-06 1.5473
50973.5 0.322019 2.65053e-06 1.54769
51352 0.324411 2.64148e-06 1.5424
51731.5 0.326808 2.63437e-06 1.53825
52113.2 0.32922 2.60814e-06 1.52293
52498 0.33165 2.59373e-06 1.51452
52883.5 0.334086 2.59847e-06 1.51729
53274.8 0.336557 2.52078e-06 1.47192
53668.2 0.339043 2.57089e-06 1.50118
54061 0.341524 2.52838e-06 1.47636
54459 0.344039 2.50382e-06 1.46202
54862 0.346585 2.46362e-06 1.43855
55268.8 0.349154 2.45467e-06 1.43332
55674.5 0.351717 2.48141e-06 1.44894
56083.8 0.354303 2.4131e-06 1.40905
56496.8 0.356912 2.43329e-06 1.42084
56911.5 0.359532 2.39246e-06 1.397
57333 0.362195 2.35487e-06 1.37505
57755.8 0.364866 2.38147e-06 1.39058
58179.2 0.367541 2.34729e-06 1.37062
58612.2 0.370276 2.28125e-06 1.33206
59042.8 0.372996 2.37274e-06 1.38548
59474 0.37572 2.26875e-06 1.32476
59914.8 0.378505 2.27323e-06 1.32738
60357.5 0.381302 2.2493e-06 1.3134
60803.5 0.384119 2.23779e-06 1.30668
61250.5 0.386943 2.23763e-06 1.30659
61697 0.389764 2.24321e-06 1.30984
62148.2 0.392615 2.19146e-06 1.27963
62600.8 0.395473 2.23322e-06 1.30401
63052.5 0.398327 2.19868e-06 1.28385
63512 0.40123 2.15593e-06 1.25888
63975.2 0.404157 2.16355e-06 1.26333
64436.8 0.407072 2.17333e-06 1.26904
64900.5 0.410002 2.14321e-06 1.25146
65373 0.412987 2.09414e-06 1.2228
65852.8 0.416017 2.07892e-06 1.21391
66333.2 0.419053 2.08674e-06 1.21848
66811 0.422071 2.10218e-06 1.2275
67292.5 0.425113 2.05581e-06 1.20042
67778 0.42818 2.06818e-06 1.20764
68264.5 0.431253 2.04532e-06 1.19429
68755 0.434352 2.03384e-06 1.18759
69251 0.437485 2.00032e-06 1.16802
69748.5 0.440628 2.02307e-06 1.1813
70245.5 0.443768 2.00637e-06 1.17155
70750.5 0.446958 1.9574e-06 1.14296
71261 0.450183 1.96286e-06 1.14615
71765.5 0.453371 2.00589e-06 1.17127
72274 0.456583 1.93116e-06 1.12763
72791 0.459849 1.94155e-06 1.1337
73306.5 0.463106 1.94404e-06 1.13516
73822 0.466362 1.93888e-06 1.13214
74341.5 0.469644 1.91226e-06 1.1166
74869.8 0.472981 1.87494e-06 1.09481
75399 0.476325 1.90674e-06 1.11338
75926.8 0.479659 1.88648e-06 1.10155
76458.8 0.48302 1.87592e-06 1.09538
76991.8 0.486387 1.8784e-06 1.09683
77526.8 0.489767 1.86218e-06 1.08736
78067.8 0.493184 1.83996e-06 1.07438
78613 0.496629 1.83344e-06 1.07058
79156.5 0.500062 1.85006e-06 1.08028
79698.3 0.503485 1.84336e-06 1.07637
80244.3 0.506934 1.82116e-06 1.06341
80794.5 0.51041 1.81604e-06 1.06042
81346 0.513894 1.81199e-06 1.05805
81900.8 0.517399 1.79389e-06 1.04748
82457 0.520913 1.80299e-06 1.05279
83010.3 0.524408 1.81427e-06 1.05938
83559.3 0.527876 1.83202e-06 1.06975
84116.8 0.531398 1.76115e-06 1.02836
84686.3 0.534996 1.75304e-06 1.02363
85244.8 0.538524 1.831e-06 1.06915
85799.5 0.542029 1.77639e-06 1.03727
86366.3 0.545609 1.75365e-06 1.02399
86930.8 0.549175 1.79114e-06 1.04587
87499 0.552765 1.73235e-06 1.01155
88071.5 0.556382 1.76616e-06 1.03129
88640.3 0.559975 1.75367e-06 1.024
89206 0.563549 1.78456e-06 1.04203
89774 0.567137 1.7398e-06 1.01589
90345.8 0.570749 1.76067e-06 1.02808
90920.5 0.57438 1.72279e-06 1.00596
91498.8 0.578033 1.73784e-06 1.01475
92076.3 0.581681 1.72589e-06 1.00777
92661 0.585376 1.69731e-06 0.991084
93247.5 0.589081 1.71659e-06 1.00234
93824 0.592723 1.75646e-06 1.02562
94397.5 0.596346 1.73348e-06 1.01221
94973.8 0.599986 1.73781e-06 1.01474
95545.8 0.6036 1.75919e-06 1.02722
96111.8 0.607175 1.77578e-06 1.0369
96678.5 0.610756 1.75467e-06 1.02458
97246.5 0.614344 1.76802e-06 1.03238
97822.5 0.617983 1.7079e-06 0.997271
98399 0.621625 1.76441e-06 1.03026
98972.8 0.625249 1.72302e-06 1.0061
99547.3 0.628879 1.7593e-06 1.02728
100127 0.63254 1.6941e-06 0.989213
100720 0.636291 1.67631e-06 0.978827
101306 0.639993 1.74035e-06 1.01622
101890 0.643677 1.69101e-06 0.987406
102476 0.647378 1.72647e-06 1.00811
103050 0.651008 1.75789e-06 1.02646
103625 0.654638 1.72602e-06 1.00785
104200 0.658272 1.75525e-06 1.02492
104774 0.661898 1.73586e-06 1.0136
105349 0.665532 1.74403e-06 1.01837
105928 0.66919 1.71257e-06 1
106506 0.672837 1.75474e-06 1.02462
107079 0.676458 1.73513e-06 1.01317
107655 0.680097 1.73953e-06 1.01574
108227 0.68371 1.75972e-06 1.02753
108792 0.68728 1.78308e-06 1.04117
109354 0.690833 1.7748e-06 1.03633
109918 0.694396 1.77219e-06 1.03481
110485 0.697977 1.75764e-06 1.02632
111051 0.701551 1.78062e-06 1.03973
111612 0.7051 1.78396e-06 1.04168
112176 0.708659 1.76714e-06 1.03186
112742 0.712232 1.76991e-06 1.03348
113301 0.715768 1.80379e-06 1.05326
113858 0.719284 1.79105e-06 1.04582
114418 0.722821 1.78415e-06 1.04179
114976 0.726347 1.80649e-06 1.05484
115533 0.729868 1.7843e-06 1.04188
116091 0.733394 1.80216e-06 1.05231
116640 0.73686 1.8452e-06 1.07744
117189 0.740327 1.80162e-06 1.05199
117740 0.743813 1.82518e-06 1.06575
118289 0.747276 1.82388e-06 1.06499
118836 0.750735 1.83092e-06 1.06911
119376 0.754143 1.87831e-06 1.09678
119911 0.757526 1.8572e-06 1.08445
120447 0.760909 1.87944e-06 1.09743
120983 0.764297 1.85333e-06 1.08219
121519 0.767684 1.87906e-06 1.09721
122050 0.771037 1.89187e-06 1.10469
122578 0.774374 1.89706e-06 1.10772
123110 0.777732 1.86928e-06 1.0915
123636 0.781057 1.93598e-06 1.13045
124152 0.784318 1.94142e-06 1.13362
124670 0.78759 1.92257e-06 1.12262
125190 0.790875 1.92782e-06 1.12568
125708 0.794149 1.9381e-06 1.13169
126220 0.797384 1.97337e-06 1.15228
126726 0.800574 1.98847e-06 1.1611
127154 0.80328 2.83338e-06 1.65446
127565 0.805876 2.13447e-06 1.24635
128040 0.808877 2.08037e-06 1.21476
128521 0.811917 2.07983e-06 1.21445
129002 0.814956 2.08212e-06 1.21578
129477 0.817958 2.13078e-06 1.2442
129948 0.820932 2.11907e-06 1.23736
130420 0.823911 2.12314e-06 1.23974
130886 0.826858 2.16472e-06 1.26401
131350 0.829786 2.15312e-06 1.25724
131810 0.832692 2.19912e-06 1.2841
132266 0.835574 2.18579e-06 1.27632
132719 0.838439 2.22558e-06 1.29955
133166 0.841258 2.25892e-06 1.31902
133608 0.844057 2.25824e-06 1.31862
134050 0.846844 2.27668e-06 1.32939
134485 0.849596 2.32005e-06 1.35471
134916 0.85232 2.32158e-06 1.35561
135344 0.855022 2.35948e-06 1.37774
135767 0.857691 2.38216e-06 1.39098
136183 0.860319 2.43038e-06 1.41914
136595 0.862922 2.42715e-06 1.41725
137002 0.865493 2.49091e-06 1.45448
137404 0.868036 2.47931e-06 1.44771
137804 0.870558 2.53342e-06 1.4793
138199 0.873057 2.53005e-06 1.47734
138592 0.875538 2.57073e-06 1.50109
138977 0.87797 2.62865e-06 1.53491
139358 0.880377 2.62176e-06 1.53089
139735 0.882762 2.67845e-06 1.56399
140108 0.885114 2.69811e-06 1.57547
140472 0.887415 2.80196e-06 1.63611
140832 0.889687 2.76519e-06 1.61464
141189 0.891947 2.8297e-06 1.65231
141540 0.894163 2.87701e-06 1.67993
141886 0.896351 2.90334e-06 1.69531
142230 0.898519 2.92485e-06 1.70787
142568 0.900654 2.9997e-06 1.75157
142902 0.902769 2.98838e-06 1.74496
143234 0.904863 3.0574e-06 1.78527
143557 0.906905 3.13605e-06 1.83119
143876 0.908919 3.14349e-06 1.83553
144191 0.910912 3.20416e-06 1.87096
144502 0.912872 3.2526e-06 1.89924
144806 0.914794 3.33378e-06 1.94665
145107 0.916696 3.32073e-06 1.93903
145404 0.918574 3.41433e-06 1.99368
145693 0.920399 3.50947e-06 2.04924
145977 0.922192 3.54549e-06 2.07027
146260 0.923984 3.51439e-06 2.05211
146538 0.925738 3.70556e-06 2.16373
146810 0.927454 3.65887e-06 2.13647
147080 0.929158 3.76053e-06 2.19583
147344 0.930826 3.82405e-06 2.23292
147603 0.932467 3.8901e-06 2.27149
147858 0.934076 3.96984e-06 2.31805
148108 0.935656 4.04476e-06 2.3618
148353 0.937204 4.13388e-06 2.41384
148593 0.938721 4.19413e-06 2.44902
148829 0.940211 4.29528e-06 2.50808
149059 0.941664 4.40925e-06 2.57463
149284 0.943087 4.47785e-06 2.61469
149504 0.944472 4.65256e-06 2.7167
149717 0.94582 4.7184e-06 2.75515
149929 0.947158 4.73617e-06 2.76553
150136 0.948467 4.92906e-06 2.87816
150338 0.949744 4.97761e-06 2.90651
150536 0.950998 5.1148e-06 2.98661
150731 0.952226 5.18187e-06 3.02577
150921 0.953427 5.35615e-06 3.12754
151107 0.954602 5.41243e-06 3.16041
151290 0.955761 5.49835e-06 3.21058
151471 0.9569 5.61513e-06 3.27876
151647 0.958011 5.76715e-06 3.36753
151820 0.959103 5.82558e-06 3.40165
151989 0.960174 6.00419e-06 3.50594
152153 0.961211 6.19628e-06 3.61811
152313 0.962222 6.32429e-06 3.69285
152470 0.963215 6.41474e-06 3.74567
152625 0.96419 6.56918e-06 3.83585
152774 0.965134 6.82662e-06 3.98617
152920 0.966052 6.95972e-06 4.06389
153063 0.966957 7.04211e-06 4.112
153203 0.967843 7.26667e-06 4.24312
153340 0.968705 7.41556e-06 4.33006
153473 0.969549 7.59242e-06 4.43334
153604 0.970378 7.68889e-06 4.48967
153732 0.971188 7.95714e-06 4.6463
153858 0.971978 8.0871e-06 4.72219
153980 0.972748 8.35083e-06 4.87619
154098 0.973499 8.53617e-06 4.98441
154214 0.974233 8.7287e-06 5.09683
154328 0.974947 9.02793e-06 5.27155
154437 0.97564 9.23687e-06 5.39355
154544 0.976318 9.45094e-06 5.51856
154649 0.976979 9.6744e-06 5.64904
154751 0.977624 9.99204e-06 5.83451
154851 0.978254 1.01525e-05 5.92822
154948 0.978864 1.06649e-05 6.2274
155042 0.979461 1.05526e-05 6.16185
155135 0.980047 1.10641e-05 6.4605
155225 0.980615 1.11955e-05 6.53725
155313 0.981171 1.15884e-05 6.76668
155398 0.98171 1.19524e-05 6.97919
155482 0.982239 1.20419e-05 7.03147
155564 0.982755 1.25637e-05 7.33618
155642 0.983254 1.28295e-05 7.49134
155719 0.983737 1.33467e-05 7.79333
155794 0.984208 1.35595e-05 7.91759
155866 0.984669 1.39222e-05 8.12941
155937 0.985115 1.45203e-05 8.47863
156006 0.985551 1.45783e-05 8.51248
156073 0.985975 1.53099e-05 8.93971
156138 0.986386 1.55101e-05 9.05658
156202 0.986787 1.60448e-05 9.36882
156264 0.987177 1.65361e-05 9.65567
156324 0.987558 1.68202e-05 9.82157
156382 0.987927 1.75165e-05 10.2282
156439 0.988288 1.78159e-05 10.403
156495 0.988638 1.83817e-05 10.7333
156548 0.988978 1.89642e-05 11.0735
156601 0.989308 1.94524e-05 11.3586
156651 0.989627 2.02646e-05 11.8329
156700 0.989938 2.04653e-05 11.95
156748 0.990241 2.14532e-05 12.5269
156795 0.990535 2.17826e-05 12.7192
156840 0.990821 2.25416e-05 13.1624
156884 0.991099 2.32115e-05 13.5536
156927 0.99137 2.35365e-05 13.7433
156969 0.991634 2.45244e-05 14.3202
157010 0.99189 2.51125e-05 14.6636
157049 0.992138 2.60312e-05 15.2
157087 0.99238 2.66684e-05 15.5721
157124 0.992615 2.75178e-05 16.0681
157160 0.992841 2.86029e-05 16.7017
157195 0.99306 2.92754e-05 17.0944
157228 0.993274 3.03697e-05 17.7334
157261 0.99348 3.08677e-05 18.0241
157293 0.993683 3.19556e-05 18.6594
157324 0.993878 3.31508e-05 19.3573
157354 0.994068 3.40441e-05 19.8789
157384 0.994253 3.48138e-05 20.3283
157412 0.994433 3.59893e-05 21.0147
157440 0.994607 3.71e-05 21.6633
157466 0.994776 3.82491e-05 22.3342
157492 0.994941 3.90885e-05 22.8244
157518 0.995101 4.08612e-05 23.8595
157542 0.995254 4.2175e-05 24.6267
157566 0.995404 4.33149e-05 25.2923
157589 0.995549 4.50089e-05 26.2814
157611 0.99569 4.60591e-05 26.8946
157633 0.995827 4.73953e-05 27.6749
157654 0.99596 4.91902e-05 28.723
157674 0.996086 5.13128e-05 29.9624
157693 0.99621 5.20923e-05 30.4175
157712 0.99633 5.41081e-05 31.5946
157730 0.996445 5.58167e-05 32.5922
157748 0.996557 5.86229e-05 34.2308
157766 0.996666 6.01647e-05 35.1311
157782 0.996772 6.18303e-05 36.1037
157798 0.996874 6.35688e-05 37.1188
157814 0.996974 6.63806e-05 38.7607
157830 0.99707 6.842e-05 39.9515
157844 0.997163 6.99103e-05 40.8218
157858 0.997254 7.34071e-05 42.8636
157872 0.99734 7.51704e-05 43.8932
157886 0.997424 7.87538e-05 45.9856
157898 0.997505 8.0232e-05 46.8488
157910 0.997582 8.345e-05 48.7278
157922 0.997658 8.68917e-05 50.7374
157934 0.997732 8.96609e-05 52.3544
157946 0.997803 9.24182e-05 53.9645
157956 0.997871 9.62286e-05 56.1894
157967 0.997937 9.88952e-05 57.7465
157977 0.998002 0.00010299 60.1375
157987 0.998064 0.0001068 62.3622
157996 0.998124 0.000110305 64.409
158006 0.998182 0.000115567 67.4812
158014 0.998237 0.000118976 69.4723
158023 0.998291 0.000123694 72.227
158031 0.998343 0.000126912 74.1062
158039 0.998394 0.000131213 76.6171
158047 0.998443 0.000136107 79.4749
158054 0.99849 0.000139933 81.7093
158062 0.998536 0.0001461 85.3101
158068 0.99858 0.000150829 88.0712
158075 0.998623 0.000155615 90.8663
158082 0.998664 0.000161677 94.4058
158088 0.998703 0.000167133 97.5918
158094 0.998741 0.00017 99.2657
158100 0.998779 0.000179233 104.657
158106 0.998815 0.000185327 108.216
158111 0.99885 0.000190873 111.454
158117 0.998885 0.000196018 114.458
158122 0.998918 0.00020368 118.932
158127 0.99895 0.00021206 123.825
158132 0.998981 0.00021714 126.792
158137 0.999011 0.000229156 133.808
158141 0.99904 0.0002356 137.571
158146 0.999068 0.000242511 141.606
158150 0.999095 0.000250125 146.052
158154 0.99912 0.00026035 152.023
158158 0.999146 0.000269125 157.146
158162 0.999171 0.00027795 162.299
158166 0.999195 0.000288571 168.501
158169 0.999217 0.000294429 171.922
158173 0.999239 0.000304657 177.894
158176 0.999261 0.000316143 184.601
158180 0.999283 0.000328657 191.908
158183 0.999304 0.0003403 198.707
158186 0.999322 0.000352567 205.869
158189 0.999341 0.000359133 209.704
158192 0.99936 0.0003735 218.093
158195 0.999379 0.000384633 224.594
158198 0.999397 0.00040392 235.855
158200 0.999412 0.000412 240.573
158203 0.999428 0.0004228 246.88
158205 0.999444 0.00043724 255.311
158208 0.99946 0.00045048 263.043
158210 0.999476 0.00046824 273.413
158213 0.999491 0.00048176 281.307
158215 0.999507 0.0004986 291.141
158218 0.999521 0.00051835 302.673
158220 0.999534 0.0005324 310.877
158222 0.999547 0.000553 322.906
158224 0.999559 0.0005687 332.073
158226 0.999572 0.0005865 342.467
158228 0.999585 0.0006044 352.919
158230 0.999597 0.0006242 364.48
158232 0.99961 0.00064915 379.049
158233 0.999621 0.000671267 391.963
158235 0.99963 0.000818733 478.072
158236 0.99964 0.000769467 449.304
158238 0.999649 0.000771067 450.238
158239 0.999659 0.000789267 460.866
158241 0.999668 0.0008102 473.089
158242 0.999678 0.000831933 485.779
158244 0.999687 0.0008492 495.862
158245 0.999697 0.0008832 515.715
158247 0.999706 0.000911533 532.259
158248 0.999716 0.0009316 543.976
158250 0.999725 0.0009756 569.669
158251 0.999733 0.0010099 589.697
158252 0.999739 0.0010198 595.478
158253 0.999746 0.0010618 620.002
158254 0.999752 0.0010717 625.783
158255 0.999758 0.0011167 652.059
158256 0.999765 0.0011292 659.358
158257 0.999771 0.0011687 682.423
158258 0.999777 0.0011895 694.568
158259 0.999784 0.0012414 724.873
158260 0.99979 0.0012573 734.158
158261 0.999796 0.0013234 772.755
158262 0.999803 0.0013446 785.134
158263 0.999809 0.0014107 823.73
158264 0.999815 0.0014457 844.167
158265 0.999822 0.0015245 890.18
158266 0.999828 0.0015653 914.004
158267 0.999834 0.0016558 966.848
158268 0.99984 0.0016978 991.373
158269 0.999847 0.0017967 1049.12
158270 0.999853 0.0018422 1075.69
158271 0.999859 0.0019531 1140.45
158272 0.999866 0.0020256 1182.78
158273 0.99987 0.0021122 1233.35
158273 0.999874 0.0022352 1305.17
158274 0.999877 0.002213 1292.21
158274 0.99988 0.0022752 1328.53
158275 0.999883 0.0024152 1410.27
158275 0.999886 0.002423 1414.83
158276 0.999889 0.0024748 1445.08
158276 0.999893 0.00255 1488.99
158277 0.999896 0.0026232 1531.73
158277 0.999899 0.0028042 1637.42
158278 0.999902 0.002796 1632.63
158278 0.999905 0.002909 1698.61
158279 0.999908 0.0031192 1821.35
158279 0.999912 0.0031414 1834.31
158280 0.999915 0.0032802 1915.36
158280 0.999918 0.003409 1990.57
158281 0.999921 0.0035492 2072.43
158281 0.999924 0.003813 2226.47
158282 0.999927 0.0038526 2249.6
158282 0.999931 0.0040546 2367.55
158283 0.999934 0.0044266 2584.76
158283 0.999937 0.0045252 2642.34
158284 0.99994 0.0047922 2798.24
158284 0.999943 0.00509 2972.13
158285 0.999946 0.0054534 3184.33
158285 0.999949 0.006022 3516.34
158286 0.999953 0.0062498 3649.36
158286 0.999956 0.0067244 3926.49
158287 0.999959 0.0075736 4422.35
158287 0.999962 0.0079646 4650.66
158288 0.999965 0.0086844 5070.96
158288 0.999968 0.0095554 5579.55
158289 0.999972 0.0105918 6184.72
158289 0.999975 0.0123284 7198.75
158290 0.999978 0.0136204 7953.17
158290 0.999981 0.015706 9170.99
158291 0.999984 0.0190554 11126.8
158291 0.999987 0.0220646 12883.9
158292 0.999991 0.0267784 15636.3
158292 0.999994 0.0332184 19396.8
158293 0.999997 0.0411232 24012.5
