0.5 0.216011 200
1 0.234449 200
1.5 0.244642 200
2 0.251887 200
2.5 0.257541 200
3 0.262202 200
3.5 0.266172 200
4 0.269643 200
4.5 0.272748 200
5 0.275555 200
5.5 0.278121 200
6 0.28048 200
6.5 0.282665 200
7 0.284702 200
7.5 0.28661 200
8 0.288408 200
8.5 0.290107 200
9 0.291717 200
9.5 0.293252 200
10 0.294713 200
10.5 0.296113 200
11 0.297455 200
11.5 0.298744 200
12 0.299986 200
12.5 0.301184 200
13 0.302339 200
13.5 0.303457 200
14 0.304545 200
14.5 0.305596 200
15 0.306619 200
16 0.308579 200
17 0.31043 200
18 0.312195 200
19 0.313871 200
20 0.315474 200
21 0.317009 200
22 0.31848 200
23 0.319893 200
24 0.321254 200
25 0.322569 200
26 0.323837 200
27 0.325064 200
28 0.32625 200
29 0.327402 200
30 0.328523 200
31 0.329615 200
32 0.33078 200
33 0.331833 200
34 0.332852 200
35.5 0.334331 200
37 0.33576 200
38.5 0.337142 200
40 0.338475 200
41.5 0.339764 200
43 0.341013 200
44.5 0.342224 200
46 0.343401 200
47.5 0.344545 200
49 0.345661 200
50.5 0.346745 200
52 0.347808 200
53.5 0.348843 200
55 0.349848 200
57 0.351159 200
59 0.352428 200
61 0.353662 200
63 0.354862 200
65 0.356036 200
67 0.357177 200
69 0.358289 200
71 0.359372 200
73 0.360433 200
75 0.361467 200
77 0.362482 200
79.5 0.363718 200
82 0.364928 200
84.5 0.366108 200
87 0.367257 200
89.5 0.368384 200
92 0.369482 200
94.5 0.370562 200
97 0.371618 200
99.5 0.372646 200
102 0.373655 200
105 0.374835 200
108 0.375983 200
111 0.377108 200
114 0.37821 200
117 0.379291 200
120 0.38035 200
123 0.381386 200
126 0.382399 200
129.5 0.383553 200
133 0.384681 200
136.5 0.385789 200
140 0.386868 200
143.5 0.387937 200
147 0.388981 200
150.5 0.390008 200
154 0.391019 200
158 0.39215 200
162 0.393255 200
166 0.394343 200
170 0.39541 200
174 0.39646 200
178 0.39749 200
182 0.398491 200
186.5 0.399603 200
191 0.400692 200
195.5 0.40176 200
200 0.402812 200
204.5 0.403843 200
209 0.404856 200
214 0.405958 200
219 0.407038 200
224 0.408097 200
229 0.409141 200
234 0.410172 200
239 0.41118 200
244.5 0.412264 200
250 0.413329 200
255.5 0.414382 200
261 0.415416 200
266.5 0.416432 200
272.5 0.417516 200
278.5 0.418585 200
284.5 0.41963 200
290.5 0.420658 200
296.5 0.421669 200
302.5 0.42267 200
309 0.42374 200
315.5 0.424781 200
322 0.425806 200
328.5 0.426827 200
335.5 0.427901 200
342.5 0.428958 200
349.5 0.430009 200
356.5 0.431034 200
363.5 0.432042 200
371 0.433102 200
378.5 0.434147 200
386 0.435177 200
393.5 0.436184 200
401.5 0.437243 200
409.5 0.438293 200
417.5 0.439317 200
425.5 0.440331 200
433.5 0.441331 200
442 0.442378 200
450.5 0.443407 200
459 0.444411 200
468 0.445467 200
477 0.446513 200
486 0.447537 200
495 0.448548 200
504 0.449554 200
513.5 0.450589 200
523 0.451617 200
532.5 0.45263 200
542 0.453631 200
552 0.454666 200
562 0.455691 200
572 0.456694 200
582.5 0.457734 200
593 0.458746 200
603.5 0.459765 200
614.5 0.4608 200
625.5 0.461824 200
636.5 0.46284 200
648 0.463882 200
659.5 0.464907 200
671 0.465929 200
682.5 0.46693 200
694.5 0.467952 200
706.5 0.468974 200
718.5 0.46998 200
731 0.470997 200
743.5 0.472011 200
756.5 0.473049 200
769.5 0.474078 200
782.5 0.475094 200
795.5 0.4761 200
809 0.477121 200
822.5 0.478137 200
836 0.479145 200
850 0.480158 200
864 0.481169 200
878.5 0.482202 200
893 0.483222 200
907.5 0.484234 200
922.5 0.485267 200
937.5 0.486285 200
952.5 0.487292 200
968 0.488316 200
983.5 0.489325 200
999 0.490333 200
1015 0.491356 200
1031 0.492359 200
1047.5 0.493385 200
1064 0.494401 200
1081 0.495428 200
1098 0.496443 200
1115 0.497448 200
1132.5 0.498474 200
1150 0.499496 200
1168 0.500511 200
1186 0.501531 200
1204.5 0.502559 200
1223 0.50357 200
1241.5 0.504577 200
1260.5 0.505594 200
1279.5 0.5066 200
1299 0.507624 200
1318.5 0.508639 200
1338.5 0.509666 200
1358.5 0.510679 200
1378.5 0.511688 200
1399 0.512712 200
1419.5 0.513713 200
1440 0.514719 200
1461 0.515726 200
1482 0.51673 200
1503.5 0.517735 200
1525 0.518741 200
1547 0.519746 200
1569 0.520748 200
1591.5 0.521748 200
1614 0.522767 200
1637.5 0.523785 200
1660.5 0.524795 200
1684 0.525804 200
1708 0.526821 200
1732 0.527835 200
1756.5 0.528847 200
1781 0.529857 200
1805.5 0.530863 200
1830.5 0.531868 200
1856 0.532878 200
1882 0.533892 200
1907.5 0.534901 200
1933.5 0.535912 200
1960 0.536922 200
1986.5 0.53793 200
2013.5 0.538947 200
2040.5 0.539955 200
2068 0.540955 200
2095.5 0.541968 200
2123.5 0.542981 200
2152 0.543997 200
2180.5 0.545003 200
2209.5 0.546015 200
2238.5 0.54703 200
2268 0.548037 200
2297.5 0.549051 200
2327.5 0.550057 200
2358 0.55107 200
2389 0.552087 200
2420 0.5531 200
2451 0.554108 200
2482.5 0.555112 200
2514 0.55612 200
2546.5 0.557131 200
2578.5 0.558132 200
2611 0.559133 200
2644 0.560143 200
2677.5 0.561148 200
2711 0.562162 200
2745.5 0.563177 200
2779.5 0.564185 200
2814 0.56519 200
2849.5 0.566203 200
2878.5 0.567215 200
2911 0.568216 200
2946 0.569219 200
2982 0.570224 200
3017 0.571229 200
3053 0.572232 200
3089 0.573236 200
3126 0.574241 200
3163.5 0.575252 200
3201 0.576252 200
3239.5 0.577258 200
3278 0.578261 200
3316 0.579263 200
3356 0.580274 200
3395 0.581278 200
3435.5 0.582287 200
3475.5 0.583294 200
3516 0.5843 200
3557.5 0.585314 200
3599.5 0.586322 200
3641.5 0.587331 200
3683.5 0.588333 200
3726 0.589337 200
3769 0.590345 200
3812.5 0.591354 200
3856.5 0.592359 200
3901 0.593367 200
3945 0.594371 200
3989.5 0.595373 200
4034.5 0.596373 200
4080.5 0.597383 200
4126.5 0.598385 200
4173 0.599396 200
4219.5 0.600401 200
4266.5 0.601407 200
4313.5 0.602409 200
4361 0.603418 200
4409.5 0.604424 200
4457.5 0.605432 200
4507 0.60644 200
4556 0.60745 200
4606.5 0.608457 200
4656.5 0.609466 200
4706.5 0.610471 200
4758.5 0.61148 200
4810 0.612485 200
4862.5 0.613489 200
4914.5 0.614496 200
4966.5 0.615499 200
5020 0.616505 200
5073.5 0.617508 200
5127.5 0.618518 200
5182.5 0.619524 200
5238.5 0.620529 200
5293.5 0.621534 200
5349 0.622541 200
5405.5 0.623548 200
5462.5 0.624552 200
5520 0.625559 200
5577 0.626559 200
5635 0.627562 200
5693.5 0.628568 200
5750.5 0.629568 200
5810 0.630574 200
5868.5 0.631574 200
5928.5 0.632577 200
5989.5 0.633583 200
6049 0.634584 200
6111 0.635592 200
6172.5 0.636597 200
6235 0.637599 200
6298.5 0.638602 200
6362 0.639608 200
6425 0.640613 200
6489 0.64162 200
6554.5 0.642622 200
6620 0.643626 200
6686 0.644629 200
6752 0.645635 200
6820 0.646638 200
6887.5 0.647642 200
6955.5 0.648648 200
7024 0.64965 200
7093 0.65065 200
7163 0.651652 200
7232.5 0.652655 200
7304 0.653657 200
7375 0.654659 200
7446 0.655665 200
7520 0.65667 200
7592.5 0.657673 200
7665.5 0.658673 200
7739.5 0.659678 200
7814.5 0.660683 200
7889 0.661686 200
7964 0.66269 200
8040.5 0.663694 200
8118 0.664698 200
8194.5 0.665699 200
8273.5 0.666703 200
8351 0.667709 200
8430.5 0.66871 200
8509.5 0.669715 200
8589.5 0.670716 200
8671 0.671717 200
8751.5 0.672719 200
8833.5 0.673722 200
8915.5 0.674722 200
8998 0.675725 200
9082.5 0.676726 200
9167 0.677732 200
9252 0.678733 200
9336.5 0.679736 200
9424.5 0.680742 200
9512.5 0.681745 200
9599 0.682751 200
9687.5 0.683756 200
9776 0.684758 200
9866 0.685762 200
9955.5 0.686768 200
10046.5 0.687773 200
10136.5 0.688774 200
10226.5 0.689778 200
10318 0.690782 200
10411 0.691785 200
10504.5 0.692786 200
10598 0.693787 200
10693 0.694792 200
10788 0.695793 200
10884 0.696794 200
10981.5 0.697797 200
11078 0.698797 200
11178.5 0.699801 200
11277 0.700803 200
11376 0.701808 200
11477.5 0.702811 200
11580 0.703813 200
11681.5 0.704815 200
11784 0.705817 200
11887.5 0.70682 200
11993 0.70782 200
12098 0.708824 200
12200 0.709826 200
12306.5 0.710828 200
12415 0.711829 200
12522 0.712833 200
12629.5 0.713833 200
12740 0.714833 200
12849 0.715833 200
12959.5 0.716834 200
13071 0.717837 200
13182 0.718842 200
13295.5 0.719842 200
13408 0.720844 200
13524 0.721847 200
13641 0.722849 200
13756.5 0.72385 200
13872 0.724852 200
13990 0.725853 200
14108.5 0.726857 200
14229 0.727859 200
14350.5 0.728859 200
14469.5 0.729862 200
14591 0.730866 200
14714 0.731867 200
14838 0.73287 200
14961.5 0.733871 200
15087 0.734876 200
15214 0.735876 200
15341 0.736879 200
15469.5 0.737882 200
15600 0.738886 200
15729.5 0.739887 200
15860 0.74089 200
15993 0.741892 200
16125.5 0.742894 200
16258 0.743896 200
16393.5 0.744898 200
16529 0.745899 200
16664 0.7469 200
16801.5 0.747904 200
16935.5 0.748907 200
17075 0.749912 200
17213 0.750912 200
17353.5 0.751914 200
17496.5 0.752917 200
17637.5 0.753917 200
17781.5 0.754921 200
17926 0.755922 200
18071.5 0.756924 200
18219.5 0.757926 200
18366 0.758929 200
18516 0.759932 200
18665 0.760933 200
18818 0.761936 200
18969 0.762937 200
19121 0.763941 200
19273.5 0.764941 200
19429 0.765945 200
19586.5 0.766946 200
19740.5 0.767947 200
19898 0.768948 200
20059 0.769951 200
20220 0.770952 200
20382.5 0.771955 200
20544 0.772956 200
20707 0.773957 200
20869.5 0.774961 200
21037.5 0.775963 200
21203.5 0.776965 200
21376.5 0.777967 200
21543.5 0.778968 200
21714.5 0.77997 200
21882.5 0.780971 200
22056.5 0.781974 200
22231 0.782977 200
22406 0.783978 200
22581 0.784978 200
22758.5 0.785981 200
22940.5 0.786981 200
23120 0.787984 200
23301.5 0.788985 200
23484.5 0.789986 200
23668 0.790988 200
23851.5 0.791989 200
24040.5 0.792991 200
24224.5 0.793992 200
24411.5 0.794995 200
24606.5 0.795997 200
24797 0.796998 200
24992 0.797999 200
25187 0.799002 200
25381 0.800002 200
25580 0.801006 200
25781 0.802006 200
25981 0.803007 200
26132.5 0.80401 200
26311.5 0.80501 200
26507.5 0.806012 200
26706.5 0.807015 200
26903 0.808016 200
27108.5 0.809017 200
27313 0.810019 200
27520 0.811019 200
27731 0.81202 200
27938.5 0.813021 200
28146.5 0.814021 200
28366.5 0.815024 200
28582.5 0.816025 200
28796.5 0.817026 200
29010.5 0.818028 200
29236.5 0.81903 200
29456 0.820031 200
29679.5 0.821033 200
29906.5 0.822035 200
30128.5 0.823035 200
30355.5 0.824037 200
30585.5 0.825038 200
30817 0.826039 200
31052 0.82704 200
31285 0.82804 200
31523 0.829041 200
31766 0.830042 200
32001 0.831044 200
32248 0.832045 200
32486.5 0.833046 200
32735 0.834047 200
32983.5 0.835048 200
33231 0.836049 200
33483.5 0.837051 200
33734.5 0.838052 200
33988 0.839054 200
34245.5 0.840055 200
34498 0.841056 200
34757 0.842059 200
35018 0.843061 200
35281.5 0.844062 200
35549 0.845065 200
35816 0.846067 200
36086.5 0.847068 200
36355.5 0.848069 200
36630 0.849071 200
36904 0.850073 200
37181.5 0.851074 200
37464 0.852075 200
37742.5 0.853076 200
38027 0.854076 200
38312 0.855077 200
38597 0.856078 200
38886.5 0.85708 200
39176.5 0.85808 200
39469.5 0.859081 200
39771 0.860082 200
40066.5 0.861082 200
40370 0.862083 200
40665.5 0.863084 200
40969 0.864085 200
41275 0.865085 200
41581 0.866086 200
41888 0.867086 200
42200 0.868087 200
42513.5 0.869088 200
42830.5 0.870089 200
43147.5 0.87109 200
43465.5 0.87209 200
43790.5 0.873093 200
44114 0.874093 200
44441 0.875094 200
44771 0.876095 200
45103 0.877096 200
45434.5 0.878097 200
45772 0.879099 200
46116.5 0.8801 200
46457 0.881101 200
46805.5 0.882102 200
47153.5 0.883104 200
47507.5 0.884106 200
47860.5 0.885108 200
48216.5 0.886108 200
48574.5 0.887108 200
48935.5 0.88811 200
49300.5 0.889111 200
49665 0.890111 200
50033 0.891112 200
50406.5 0.892112 200
50784.5 0.893114 200
51162.5 0.894116 200
51541.5 0.895117 200
51921.5 0.896118 200
52305 0.897118 200
52691 0.898119 200
53076 0.89912 200
53473.5 0.900122 200
53863 0.901123 200
54259 0.902124 200
54659 0.903126 200
55065 0.904126 200
55472.5 0.905126 200
55876.5 0.906129 200
56291 0.907129 200
56702.5 0.90813 200
57120.5 0.90913 200
57545.5 0.910131 200
57966 0.911133 200
58392.5 0.912134 200
58832 0.913136 200
59253.5 0.914137 200
59694.5 0.915137 200
60135 0.916138 200
60580 0.917139 200
61027 0.91814 200
61474 0.91914 200
61920 0.92014 200
62376.5 0.921141 200
62825 0.922142 200
63280 0.923143 200
63744 0.924143 200
64206.5 0.925144 200
64667 0.926145 200
65134 0.927145 200
65612 0.928146 200
66093.5 0.929147 200
66573 0.930148 200
67049 0.931149 200
67536 0.93215 200
68020 0.933151 200
68509 0.934151 200
69001 0.935152 200
69501 0.936152 200
69996 0.937153 200
70495 0.938154 200
71006 0.939155 200
71516 0.940156 200
72015 0.941157 200
72533 0.942157 200
73049 0.943159 200
73564 0.94416 200
74080 0.94516 200
74603 0.946161 200
75136.5 0.947161 200
75661.5 0.948162 200
76192 0.949163 200
76725.5 0.950163 200
77258 0.951164 200
77795.5 0.952165 200
78340 0.953166 200
78886 0.954168 200
79427 0.955168 200
79969.5 0.956168 200
80519 0.957169 200
81070 0.95817 200
81622 0.95917 200
82179.5 0.96017 200
82734.5 0.961171 200
83286 0.962171 200
83832.5 0.963173 200
84401 0.964174 200
84971.5 0.965174 200
85518 0.966175 200
86081 0.967175 200
86651.5 0.968175 200
87210 0.969175 200
87788 0.970177 200
88355 0.971178 200
88925.5 0.972179 200
89486.5 0.97318 200
90061.5 0.97418 200
90630 0.975181 200
91211 0.976182 200
91786.5 0.977182 200
92366 0.978182 200
92956 0.979184 200
93539 0.980184 200
94109 0.981186 200
94686 0.982186 200
95261.5 0.983186 200
95830 0.984186 200
96393.5 0.985187 200
96963.5 0.986187 200
97529.5 0.987188 200
98115.5 0.988188 200
98682.5 0.989189 200
99263 0.990189 200
99831.5 0.991189 200
100422 0.99219 200
101019 0.99319 200
101594 0.994191 200
102186 0.995191 200
102766 0.996193 200
103335 0.997194 200
103914 0.998194 200
104486 0.999196 200
105062 1.0002 200
105636 1.0012 200
106220 1.0022 200
106790 1.0032 200
107367 1.0042 200
107942 1.0052 200
108511 1.0062 200
109072 1.0072 200
109636 1.0082 200
110200 1.0092 200
110770 1.0102 200
111332 1.0112 200
111893 1.01221 200
112459 1.01321 200
113024 1.01421 200
113578 1.01521 200
114137 1.01621 200
114698 1.01721 200
115253 1.01821 200
115814 1.01921 200
116369 1.02021 200
116911 1.02121 200
117466 1.02221 200
118014 1.02321 200
118563 1.02421 200
119110 1.02521 200
119642 1.02621 200
120180 1.02721 200
120713 1.02821 200
121253 1.02921 200
121786 1.03022 200
122314 1.03122 200
122842 1.03222 200
123378 1.03322 200
123894 1.03422 200
124410 1.03522 200
124930 1.03622 200
125450 1.03722 200
125967 1.03822 200
126474 1.03922 200
126977 1.04022 200
127330 1.04123 200
127799 1.04223 200
128280 1.04323 200
128762 1.04423 200
129242 1.04523 200
129712 1.04623 200
130184 1.04723 200
130655 1.04823 200
131117 1.04923 200
131582 1.05023 200
132037 1.05123 200
132494 1.05223 200
132944 1.05323 200
133387 1.05423 200
133830 1.05523 200
134270 1.05623 200
134701 1.05724 200
135132 1.05824 200
135556 1.05924 200
135977 1.06024 200
136388 1.06124 200
136801 1.06224 200
137202 1.06324 200
137606 1.06424 200
138001 1.06524 200
138397 1.06624 200
138786 1.06724 200
139167 1.06824 200
139548 1.06925 200
139922 1.07025 200
140293 1.07125 200
140650 1.07225 200
141012 1.07325 200
141366 1.07425 200
141714 1.07525 200
142058 1.07625 200
142400 1.07725 200
142734 1.07825 200
143070 1.07926 200
143398 1.08026 200
143716 1.08126 200
144035 1.08226 200
144348 1.08326 200
144656 1.08426 200
144956 1.08526 200
145258 1.08626 200
145550 1.08727 200
145836 1.08827 200
146118 1.08927 200
146403 1.09027 200
146673 1.09127 200
146946 1.09227 200
147212 1.09327 200
147474 1.09427 200
147732 1.09527 200
147984 1.09627 200
148232 1.09728 200
148474 1.09828 200
148712 1.09928 200
148946 1.10028 200
149172 1.10128 200
149396 1.10228 200
149611 1.10328 200
149823 1.10428 200
150034 1.10528 200
150238 1.10628 200
150438 1.10728 200
150634 1.10829 200
150828 1.10929 200
151014 1.11029 200
151200 1.11129 200
151382 1.11229 200
151560 1.11329 200
151734 1.11429 200
151906 1.11529 200
152072 1.1163 200
152234 1.1173 200
152392 1.1183 200
152548 1.1193 200
152701 1.1203 200
152848 1.1213 200
152992 1.12231 200
153134 1.12331 200
153272 1.12431 200
153407 1.12531 200
153539 1.12632 200
153670 1.12732 200
153796 1.12832 200
153920 1.12932 200
154040 1.13033 200
154157 1.13133 200
154272 1.13233 200
154383 1.13333 200
154492 1.13434 200
154598 1.13534 200
154701 1.13634 200
154802 1.13734 200
154900 1.13835 200
154994 1.13935 200
155090 1.14035 200
155180 1.14136 200
155270 1.14236 200
155356 1.14336 200
155440 1.14436 200
155524 1.14537 200
155604 1.14637 200
155682 1.14738 200
155756 1.14838 200
155830 1.14938 200
155902 1.15038 200
155972 1.15138 200
156040 1.15239 200
156106 1.15339 200
156170 1.15439 200
156233 1.1554 200
156294 1.1564 200
156354 1.15741 200
156411 1.15841 200
156468 1.15942 200
156522 1.16042 200
156575 1.16143 200
156626 1.16243 200
156676 1.16343 200
156725 1.16443 200
156772 1.16544 200
156818 1.16644 200
156862 1.16745 200
156906 1.16846 200
156948 1.16946 200
156990 1.17046 200
157030 1.17147 200
157068 1.17247 200
157106 1.17348 200
157142 1.17449 200
157178 1.17549 200
157212 1.1765 200
157245 1.1775 200
157278 1.1785 200
157309 1.17951 200
157340 1.18052 200
157369 1.18153 200
157398 1.18254 200
157426 1.18354 200
157453 1.18454 200
157480 1.18556 200
157506 1.18657 200
157530 1.18758 200
157554 1.18859 200
157578 1.18961 200
157600 1.19062 200
157622 1.19163 200
157644 1.19265 200
157664 1.19366 200
157684 1.19466 200
157703 1.19568 200
157722 1.19668 200
157740 1.19768 200
157757 1.19871 200
157774 1.19973 200
157790 1.20075 200
157806 1.20177 200
157822 1.2028 200
157837 1.20382 200
157852 1.20484 200
157866 1.20586 200
157879 1.20688 200
157892 1.2079 200
157904 1.20891 200
157916 1.20991 200
157928 1.21095 200
157940 1.21198 200
157951 1.213 200
157962 1.21401 200
157972 1.21505 200
157982 1.21608 200
157992 1.21709 200
158001 1.21814 200
158010 1.21918 200
158018 1.22019 200
158027 1.22124 200
158035 1.22226 200
158043 1.22331 200
158050 1.22433 200
158058 1.22538 200
158065 1.2264 200
158072 1.22746 200
158078 1.22847 200
158085 1.22952 200
158091 1.23052 200
158097 1.23154 200
158103 1.23262 200
158108 1.23364 200
158114 1.23468 200
158120 1.23576 200
158124 1.23678 200
158130 1.23784 200
158134 1.23893 200
158139 1.23996 200
158144 1.24102 200
158148 1.24211 200
158152 1.24311 200
158156 1.24415 200
158160 1.24523 200
158164 1.24634 200
158168 1.24735 200
158171 1.24838 200
158174 1.24945 200
158178 1.25055 200
158182 1.2517 200
158184 1.25272 200
158188 1.25378 200
158190 1.25486 200
158194 1.25598 200
158196 1.25713 200
158199 1.25814 200
158202 1.25917 200
158204 1.26023 200
158206 1.26132 200
158209 1.26245 200
158212 1.26362 200
158214 1.26483 200
158216 1.26607 200
158218 1.26711 200
158220 1.26817 200
158222 1.26928 200
158224 1.27042 200
158226 1.27159 200
158228 1.2728 200
158230 1.27405 200
158232 1.27535 200
158234 1.27635 200
158236 1.27758 200
158237 1.27873 200
158238 1.27989 200
158240 1.28107 200
158242 1.28229 200
158243 1.28354 200
158244 1.28481 200
158246 1.28614 200
158248 1.2875 200
158249 1.2889 200
158250 1.29036 200
158252 1.29137 200
158252 1.29239 200
158254 1.29346 200
158254 1.29453 200
158256 1.29564 200
158256 1.29677 200
158258 1.29794 200
158258 1.29913 200
158260 1.30037 200
158260 1.30163 200
158262 1.30295 200
158262 1.3043 200
158264 1.30571 200
158264 1.30716 200
158266 1.30868 200
158266 1.31025 200
158268 1.3119 200
158268 1.3136 200
158270 1.3154 200
158270 1.31724 200
158272 1.31919 200
158272 1.32122 200
158273 1.32227 200
158274 1.32339 200
158274 1.3245 200
158274 1.32563 200
158275 1.32684 200
158276 1.32805 200
158276 1.32929 200
158276 1.33057 200
158277 1.33188 200
158278 1.33328 200
158278 1.33468 200
158278 1.33613 200
158279 1.33769 200
158280 1.33926 200
158280 1.3409 200
158280 1.34261 200
158281 1.34438 200
158282 1.34629 200
158282 1.34821 200
158282 1.35024 200
158283 1.35245 200
158284 1.35472 200
158284 1.35711 200
158284 1.35966 200
158285 1.36239 200
158286 1.3654 200
158286 1.36852 200
158286 1.37188 200
158287 1.37567 200
158288 1.37965 200
158288 1.38399 200
158288 1.38877 200
158289 1.39407 200
158290 1.40023 200
158290 1.40704 200
158290 1.4149 200
158291 1.42442 200
158292 1.43546 200
158292 1.44884 200
158292 1.46545 200
158293 1.48602 200
158294 1.5131 200
158294 1.54773 200
158294 1.59655 200
158295 1.67075 200
158296 1.73967 200
158296 1.80339 200
158296 1.86458 200
158297 1.92543 200
158298 1.98933 200
158298 2.05426 200
158298 2.12517 200
158299 2.20476 200
158300 2.29228 200
158300 2.39662 200
158300 2.52632 200
158301 2.69446 200
158302 2.94689 200
158302 3.37086 200
