0.0475 0.000134728 1.3569 2266
0.0765 0.000216982 0.459 766.521
0.106 0.000300655 0.370094 618.049
0.1355 0.000384328 0.264704 442.05
0.1645 0.000466583 0.213097 355.867
0.1955 0.000554511 0.173903 290.415
0.227 0.000643857 0.147906 247
0.2565 0.00072753 0.156889 262.001
0.2835 0.000804112 0.141037 235.529
0.3145 0.000892039 0.0996571 166.425
0.346 0.000981385 0.114536 191.272
0.3755 0.00106506 0.0961935 160.641
0.4065 0.00115299 0.089 148.628
0.436 0.00123666 0.0915714 152.922
0.4655 0.00132033 0.0779032 130.097
0.4965 0.00140826 0.0729355 121.801
0.5255 0.00149051 0.0801111 133.784
0.555 0.00157419 0.0643437 107.453
0.5845 0.00165786 0.0732222 122.28
0.6135 0.00174011 0.0610968 102.03
0.645 0.00182946 0.0565313 94.4061
0.6765 0.00191881 0.0563871 94.1653
0.7055 0.00200106 0.0622593 103.972
0.7345 0.00208332 0.0523871 87.4854
0.764 0.00216699 0.0555714 92.8032
0.7935 0.00225066 0.0488387 81.5597
0.8245 0.00233859 0.0469677 78.4352
0.856 0.00242793 0.0440937 73.6357
0.8855 0.00251161 0.0507037 84.6742
0.9145 0.00259386 0.0423871 70.7856
0.9435 0.00267612 0.0472222 78.8602
0.975 0.00276546 0.03475 58.0318
1.0065 0.00285481 0.0442593 73.9121
1.0355 0.00293706 0.0384516 64.2134
1.065 0.00302074 0.0407143 67.992
1.0945 0.00310441 0.0362258 60.4964
1.1235 0.00318666 0.0407407 68.0362
1.1545 0.00327459 0.0306 51.1014
1.186 0.00336394 0.0375 62.6243
1.2155 0.00344761 0.0332903 55.5942
1.2445 0.00352987 0.0371852 62.0985
1.2895 0.0036575 0.0311111 51.9549
1.35 0.0038291 0.0322931 53.9288
1.4085 0.00399503 0.0307458 51.3448
1.469 0.00416663 0.0282903 47.2443
1.5295 0.00433823 0.0285763 47.7218
1.5885 0.00450558 0.0275424 45.9952
1.649 0.00467718 0.0255 42.5845
1.7095 0.00484878 0.0261017 43.5893
1.768 0.00501471 0.0255517 42.6709
1.8285 0.00518631 0.0225714 37.6938
1.889 0.00535791 0.0239828 40.0507
1.9475 0.00552384 0.0229661 38.3529
2.008 0.00569544 0.0211452 35.312
2.0685 0.00586704 0.0214576 35.8338
2.1295 0.00604006 0.0197302 32.949
2.19 0.00621166 0.0209483 34.9832
2.2485 0.00637758 0.0201864 33.711
2.309 0.00654918 0.0187258 31.2717
2.3695 0.00672078 0.0193729 32.3523
2.428 0.00688671 0.0194138 32.4206
2.4885 0.00705831 0.0174762 29.1849
2.5495 0.00723133 0.0182712 30.5125
2.608 0.00739726 0.0181724 30.3476
2.6685 0.00756886 0.0164603 27.4884
2.729 0.00774046 0.017569 29.3398
2.7895 0.00791206 0.0158889 26.5341
2.866 0.00812904 0.0163778 27.3506
2.9555 0.0083829 0.0161124 26.9073
3.045 0.00863675 0.0154111 25.7362
3.135 0.00889203 0.0150778 25.1796
3.225 0.0091473 0.0147333 24.6044
3.315 0.00940257 0.0143222 23.9178
3.405 0.00965785 0.0139444 23.2869
3.4945 0.0099117 0.0137191 22.9106
3.584 0.0101656 0.0133111 22.2293
3.674 0.0104208 0.0129333 21.5984
3.764 0.0106761 0.0128 21.3757
3.854 0.0109314 0.0124778 20.8376
3.946 0.0111923 0.0117234 19.5779
4.036 0.0114476 0.0126047 21.0495
4.1255 0.0117015 0.0113226 18.9085
4.215 0.0119553 0.0121744 20.331
4.305 0.0122106 0.0109043 18.2099
4.395 0.0124659 0.0118721 19.8262
4.5005 0.0127651 0.010512 17.5548
4.6235 0.013114 0.0106529 17.7901
4.7425 0.0134515 0.010735 17.9273
4.8615 0.013789 0.0102479 17.1138
4.9825 0.0141322 0.00995868 16.6308
5.1035 0.0144754 0.00986777 16.479
5.223 0.0148144 0.00988136 16.5017
5.3425 0.0151533 0.00947107 15.8165
5.4635 0.0154965 0.00933058 15.5819
5.5825 0.015834 0.00940171 15.7007
5.7015 0.0161716 0.00893388 14.9194
5.8225 0.0165148 0.00877686 14.6572
5.9435 0.016858 0.00873554 14.5882
6.063 0.0171969 0.00869492 14.5203
6.1825 0.0175359 0.00835537 13.9533
6.317 0.0179174 0.00833784 13.924
6.467 0.0183428 0.00795395 13.2829
6.6175 0.0187697 0.00787919 13.1581
6.768 0.0191966 0.00757237 12.6457
6.9185 0.0196234 0.0076443 12.7658
7.067 0.0200446 0.0075 12.5249
7.215 0.0204644 0.00739189 12.3443
7.3655 0.0208913 0.00705229 11.7772
7.516 0.0213182 0.00716892 11.972
7.6665 0.021745 0.00681699 11.3842
7.817 0.0221719 0.00697297 11.6447
7.967 0.0225974 0.00669079 11.1735
8.1175 0.0230243 0.00671141 11.2079
8.282 0.0234908 0.00660556 11.0311
8.4615 0.024 0.00650279 10.8595
8.641 0.0245091 0.00634444 10.5951
8.821 0.0250196 0.00626667 10.4652
9.0005 0.0255288 0.00621229 10.3744
9.18 0.0260379 0.00607778 10.1498
9.36 0.0265484 0.00598889 10.0013
9.5395 0.0270576 0.00590503 9.86128
9.719 0.0275667 0.00576111 9.62094
9.901 0.0280829 0.0056087 9.36641
10.0825 0.0285977 0.00564804 9.43212
10.2775 0.0291508 0.00545972 9.11762
10.4865 0.0297436 0.00549758 9.18086
10.6935 0.0303307 0.00542029 9.05178
10.9045 0.0309292 0.00504651 8.42757
11.1155 0.0315277 0.00517391 8.64033
11.3245 0.0321205 0.00504265 8.42113
11.5335 0.0327133 0.00500483 8.35797
11.7445 0.0333118 0.00477674 7.97707
11.9555 0.0339103 0.00491787 8.21275
12.178 0.0345413 0.00478151 7.98503
12.4475 0.0353057 0.00368771 6.1584
12.719 0.0360758 0.00443388 7.4045
12.9595 0.036758 0.00449791 7.51142
13.2 0.0374401 0.0043595 7.28029
13.44 0.0381208 0.00441597 7.37458
13.678 0.0387959 0.00434874 7.26231
13.918 0.0394766 0.00421901 7.04566
14.1585 0.0401588 0.00420502 7.0223
14.4145 0.0408849 0.00409524 6.83897
14.686 0.041655 0.00403704 6.74177
14.9555 0.0424194 0.00405948 6.77925
15.225 0.0431838 0.00397407 6.63662
15.4945 0.0439482 0.00394052 6.58059
15.764 0.0447126 0.00386296 6.45107
16.0355 0.0454827 0.0037619 6.28231
16.305 0.0462471 0.00380075 6.34718
16.5745 0.0470115 0.00367766 6.14161
16.8615 0.0478255 0.00365781 6.10847
17.1605 0.0486736 0.0036633 6.11764
17.4595 0.0495216 0.00356811 5.95867
17.7605 0.0503754 0.00347841 5.80887
18.061 0.0512277 0.00342667 5.72247
18.3615 0.0520801 0.00339203 5.66462
18.6605 0.0529281 0.00338721 5.65657
18.975 0.0538202 0.00326506 5.45259
19.305 0.0547562 0.0032561 5.43762
19.635 0.0556922 0.00318373 5.31677
19.965 0.0566282 0.00318293 5.31542
20.295 0.0575642 0.00309337 5.16587
20.625 0.0585002 0.00308232 5.14741
20.9555 0.0594376 0.00303303 5.0651
21.3015 0.060419 0.00300557 5.01924
21.6625 0.0614429 0.00298347 4.98234
22.024 0.0624683 0.00293889 4.90789
22.3835 0.0634879 0.00291643 4.87039
22.7425 0.0645062 0.00289415 4.83317
23.102 0.0655259 0.00282778 4.72233
23.4615 0.0665456 0.00283008 4.72618
23.8225 0.0675695 0.00275482 4.6005
24.1975 0.0686331 0.00275969 4.60863
24.5865 0.0697365 0.00273146 4.56148
24.977 0.0708441 0.00268974 4.49182
25.3675 0.0719517 0.0026445 4.41626
25.7565 0.073055 0.00264341 4.41444
26.147 0.0741626 0.00254822 4.25548
26.553 0.0753142 0.00254785 4.25485
26.973 0.0765055 0.00250948 4.19078
27.393 0.0776968 0.00250957 4.19093
27.813 0.078888 0.00244787 4.08789
28.233 0.0800793 0.00243541 4.06708
28.6665 0.0813089 0.00235857 3.93877
29.1175 0.0825881 0.00236424 3.94823
29.5665 0.0838616 0.00232809 3.88786
30.016 0.0851366 0.00227313 3.79608
30.4675 0.0864172 0.0022784 3.80488
30.9165 0.0876907 0.00226503 3.78256
31.3655 0.0889642 0.00223608 3.73421
31.8305 0.0902832 0.00218087 3.64201
32.311 0.091646 0.00218333 3.64612
32.7915 0.0930089 0.00214345 3.57952
33.272 0.0943718 0.00213125 3.55915
33.7525 0.0957347 0.00210187 3.51008
34.231 0.0970919 0.00211765 3.53643
34.725 0.098493 0.00204297 3.41172
35.237 0.0999453 0.00204492 3.41498
35.7485 0.101396 0.00201761 3.36937
36.258 0.102841 0.00200394 3.34653
36.768 0.104288 0.00197461 3.29756
37.278 0.105734 0.00197047 3.29065
37.8015 0.107219 0.00195176 3.2594
38.3405 0.108748 0.00191837 3.20364
38.8795 0.110277 0.00189796 3.16955
39.4205 0.111811 0.00185451 3.097
39.9615 0.113346 0.00186642 3.11688
40.514 0.114913 0.00183922 3.07147
41.0845 0.116531 0.0018087 3.02049
41.655 0.118149 0.00182155 3.04196
42.225 0.119766 0.00176307 2.94429
42.811 0.121428 0.00173913 2.90431
43.4105 0.123128 0.00173378 2.89537
44.01 0.124829 0.00172575 2.88197
44.61 0.126531 0.00166113 2.77405
45.2115 0.128237 0.0016772 2.8009
45.8245 0.129975 0.0016672 2.78419
46.4535 0.131759 0.00163981 2.73845
47.0845 0.133549 0.00161685 2.70011
47.7155 0.135339 0.0015861 2.64875
48.3465 0.137129 0.00160413 2.67887
48.991 0.138957 0.00157727 2.63401
49.649 0.140823 0.00158384 2.64498
50.307 0.142689 0.00155152 2.591
50.967 0.144561 0.00153636 2.5657
51.627 0.146433 0.00152273 2.54292
52.303 0.148351 0.00150289 2.5098
52.9945 0.150312 0.00149493 2.49651
53.686 0.152273 0.00147399 2.46153
54.3755 0.154229 0.00147889 2.46972
55.065 0.156185 0.00144509 2.41327
55.7545 0.158141 0.00146434 2.44541
56.4595 0.16014 0.00141079 2.35599
57.18 0.162184 0.00142897 2.38635
57.8985 0.164222 0.00140473 2.34587
58.635 0.166311 0.0013687 2.2857
59.385 0.168438 0.00136327 2.27664
60.135 0.170565 0.00135544 2.26355
60.885 0.172693 0.00135121 2.25649
61.635 0.17482 0.00132891 2.21926
62.4005 0.176991 0.00133333 2.22664
63.18 0.179202 0.00129668 2.16542
63.9615 0.181419 0.00128937 2.15323
64.7565 0.183674 0.00127194 2.12412
65.565 0.185967 0.0012698 2.12054
66.3735 0.18826 0.00126452 2.11173
67.184 0.190559 0.00123892 2.06897
68.01 0.192902 0.00123333 2.05964
68.85 0.195284 0.00121667 2.03181
69.69 0.197667 0.00121429 2.02783
70.53 0.200049 0.00120833 2.01789
71.3695 0.20243 0.00119547 1.99641
72.209 0.204812 0.0012 2.00398
73.0645 0.207238 0.00117451 1.96141
73.936 0.20971 0.00116514 1.94576
74.8055 0.212176 0.00115571 1.93001
75.6745 0.214641 0.0011527 1.92498
76.561 0.217156 0.00112971 1.8866
77.4615 0.21971 0.00112347 1.87617
78.36 0.222258 0.00111581 1.86339
79.274 0.224851 0.00109677 1.83159
80.188 0.227443 0.00111359 1.85967
81.104 0.230041 0.00108244 1.80766
82.0515 0.232729 0.00106868 1.78467
83.0125 0.235454 0.001077 1.79857
83.9715 0.238174 0.00106792 1.78341
84.9305 0.240895 0.0010437 1.74297
85.8915 0.24362 0.00105307 1.75861
86.911 0.246512 0.00103618 1.7304
87.991 0.249575 0.00101664 1.69776
89.0845 0.252677 0.00102262 1.70776
90.178 0.255778 0.000987061 1.64837
91.258 0.258842 0.000992579 1.65759
92.338 0.261905 0.000979667 1.63602
93.418 0.264968 0.000979592 1.6359
94.498 0.268032 0.000974122 1.62676
95.5785 0.271096 0.000947173 1.58176
96.659 0.274161 0.000941774 1.57274
97.739 0.277224 0.000953618 1.59252
98.819 0.280287 0.000934381 1.5604
99.899 0.283351 0.000934137 1.55999
100.979 0.286414 0.000935305 1.56194
102.059 0.289477 0.000927644 1.54915
103.153 0.292579 0.000919748 1.53596
104.264 0.295732 0.000906643 1.51408
105.374 0.298878 0.000911312 1.52187
106.483 0.302024 0.000904762 1.51093
107.609 0.305221 0.000883436 1.47532
108.751 0.308457 0.000882559 1.47386
109.889 0.311686 0.000885563 1.47887
111.041 0.314954 0.000866438 1.44693
112.211 0.318272 0.000862628 1.44057
113.381 0.321591 0.000863014 1.44122
114.567 0.324953 0.000852868 1.42427
115.858 0.328615 0.000846265 1.41325
117.147 0.332273 0.000833333 1.39165
118.362 0.335719 0.000831707 1.38893
119.592 0.339207 0.000821951 1.37264
120.836 0.342736 0.000808426 1.35006
122.096 0.34631 0.000805071 1.34445
123.416 0.350055 0.000810007 1.3527
124.737 0.353801 0.00079477 1.32725
126.014 0.357424 0.000791957 1.32255
127.303 0.36108 0.000792218 1.32299
128.743 0.365162 0.000778406 1.29992
130.2 0.369294 0.000772142 1.28946
131.52 0.37304 0.000765152 1.27779
132.899 0.376951 0.000769819 1.28558
134.278 0.380862 0.000765909 1.27905
135.612 0.384646 0.000755935 1.2624
136.962 0.388474 0.000757217 1.26454
138.445 0.392683 0.000748918 1.25068
139.93 0.396894 0.000744822 1.24384
141.298 0.400772 0.00073102 1.22079
142.798 0.405027 0.000729746 1.21866
144.311 0.40932 0.000721986 1.2057
145.721 0.413319 0.000725532 1.21162
147.176 0.417446 0.000720667 1.2035
148.647 0.421618 0.000706657 1.1801
150.087 0.425701 0.000709116 1.18421
151.526 0.429784 0.000707351 1.18126
152.968 0.433873 0.000699514 1.16817
154.406 0.437954 0.000697982 1.16562
155.846 0.442037 0.000693481 1.1581
157.302 0.446166 0.000693669 1.15841
158.921 0.450758 0.000677784 1.13189
160.555 0.455394 0.000676667 1.13002
162.19 0.460031 0.000672316 1.12275
163.825 0.464669 0.000670667 1.12
165.444 0.469261 0.0006542 1.0925
167.081 0.473903 0.000661238 1.10425
168.702 0.4785 0.00065495 1.09375
170.334 0.483132 0.0006517 1.08833
171.954 0.487724 0.000642049 1.07221
173.575 0.492322 0.000644914 1.07699
175.196 0.496921 0.000641071 1.07058
176.831 0.501557 0.000643172 1.07408
178.45 0.506149 0.000630079 1.05222
180.055 0.510703 0.000640205 1.06913
181.676 0.515301 0.000630952 1.05368
183.311 0.519938 0.000630818 1.05345
184.93 0.52453 0.000627427 1.04779
186.565 0.529166 0.000629858 1.05185
188.215 0.533848 0.000623214 1.04076
189.865 0.538529 0.00062554 1.04464
191.484 0.543121 0.000623377 1.04103
193.103 0.547713 0.000621221 1.03743
194.725 0.552313 0.000618372 1.03267
196.36 0.55695 0.000610437 1.01942
198.024 0.56167 0.00060119 1.00398
199.69 0.566395 0.000605932 1.01189
201.34 0.571075 0.00060983 1.0184
202.988 0.575751 0.000607641 1.01475
204.637 0.580427 0.000611044 1.02043
206.422 0.58549 0.000599896 1.00181
208.209 0.59056 0.000606776 1.0133
209.875 0.595285 0.000595593 0.994628
211.555 0.600049 0.00059881 1
213.235 0.604814 0.000598214 0.999006
214.899 0.609534 0.00060801 1.01536
216.563 0.614253 0.000608929 1.0169
218.38 0.619406 0.000513057 0.856795
220.389 0.625105 0.000515005 0.860048
222.262 0.630418 0.000595238 0.994036
223.942 0.635183 0.000604762 1.00994
225.608 0.639908 0.000605932 1.01189
227.245 0.64455 0.000618754 1.03331
228.88 0.649188 0.000620376 1.03602
230.514 0.653825 0.000619988 1.03537
232.133 0.658417 0.000625232 1.04412
233.752 0.663009 0.000619988 1.03537
235.36 0.667569 0.000628607 1.04976
236.95 0.672078 0.000635561 1.06137
238.537 0.676581 0.000630585 1.05306
240.127 0.68109 0.000633962 1.0587
241.702 0.685555 0.000644003 1.07547
243.337 0.690193 0.000631794 1.05508
244.971 0.694829 0.000644416 1.07616
246.577 0.699383 0.000649123 1.08402
248.182 0.703937 0.000651476 1.08795
249.801 0.708529 0.000653571 1.09145
251.406 0.713082 0.000660353 1.10278
253.028 0.71768 0.000665693 1.11169
254.633 0.722234 0.000669333 1.11777
256.252 0.726828 0.00067165 1.12164
257.872 0.731421 0.000676 1.12891
259.493 0.736019 0.00067853 1.13313
261.082 0.740527 0.000697982 1.16562
262.522 0.74461 0.000705964 1.17895
263.964 0.748699 0.000698126 1.16586
265.387 0.752736 0.000713371 1.19132
266.797 0.756736 0.000714993 1.19402
268.268 0.760908 0.000723822 1.20877
269.721 0.765031 0.000737491 1.2316
271.087 0.768902 0.000751295 1.25465
272.557 0.773073 0.000755346 1.26141
274.012 0.7772 0.000765909 1.27905
275.317 0.7809 0.000778123 1.29945
276.606 0.784556 0.000785881 1.3124
278 0.788512 0.000797333 1.33153
279.365 0.792385 0.000814785 1.36067
280.596 0.795875 0.000821138 1.37128
281.811 0.799321 0.000838333 1.4
283.01 0.802723 0.000850709 1.42067
284.196 0.806086 0.000858362 1.43345
285.366 0.809404 0.000874144 1.4598
286.52 0.812677 0.000880702 1.47075
287.779 0.81625 0.000897752 1.49923
289.024 0.81978 0.000903604 1.509
290.135 0.822932 0.000918239 1.53344
291.231 0.82604 0.000938776 1.56774
292.311 0.829103 0.000941774 1.57274
293.391 0.832166 0.000960111 1.60337
294.453 0.83518 0.000969436 1.61894
295.518 0.838199 0.000989834 1.653
296.598 0.841262 0.000995362 1.66223
297.678 0.844326 0.00101664 1.69776
298.758 0.847389 0.00104638 1.74744
299.838 0.850452 0.00105453 1.76104
300.936 0.853567 0.00106643 1.78091
302.032 0.856675 0.00110761 1.84968
303.112 0.859739 0.00112939 1.88606
304.192 0.862802 0.00115306 1.92559
305.27 0.865859 0.00117811 1.96742
306.35 0.868923 0.00119871 2.00182
307.43 0.871986 0.00123562 2.06346
308.51 0.875049 0.00125693 2.09905
309.59 0.878113 0.00127458 2.12853
310.52 0.88075 0.00128772 2.15047
311.302 0.882967 0.00132394 2.21096
312.065 0.885133 0.00135657 2.26544
312.905 0.887515 0.00137259 2.2922
313.731 0.889858 0.00141922 2.37007
314.45 0.891896 0.00143811 2.40161
315.171 0.893941 0.0014675 2.45069
315.875 0.895941 0.00148617 2.48188
316.549 0.897851 0.00152273 2.54292
317.286 0.89994 0.00153506 2.56351
318.022 0.902029 0.00157273 2.62642
318.664 0.903851 0.0016128 2.69334
319.414 0.905979 0.00163886 2.73686
320.151 0.908067 0.00167559 2.79819
320.75 0.909768 0.00170715 2.85091
321.334 0.911424 0.00176543 2.94824
321.905 0.913042 0.00176655 2.9501
322.475 0.914659 0.00183746 3.06851
323.045 0.916276 0.00184669 3.08394
323.735 0.918232 0.00190932 3.18852
324.395 0.920105 0.00193798 3.2364
324.936 0.92164 0.00200707 3.35176
325.475 0.923168 0.00202539 3.38236
326.014 0.924697 0.00208481 3.48158
326.538 0.926182 0.00210811 3.5205
327.079 0.927716 0.00218303 3.64561
327.606 0.929211 0.00220971 3.69018
328.144 0.93074 0.0022992 3.83962
328.684 0.93227 0.00231498 3.86597
329.225 0.933805 0.00241401 4.03135
329.748 0.935288 0.00247368 4.131
330.288 0.936818 0.00251589 4.20148
330.815 0.938315 0.00257868 4.30634
331.206 0.939422 0.00266667 4.45328
331.594 0.940524 0.00268974 4.49182
331.985 0.941632 0.00270588 4.51877
332.51 0.943122 0.00283485 4.73414
333.02 0.944569 0.00291111 4.8615
333.38 0.945588 0.00299443 5.00064
333.739 0.946607 0.00300836 5.0239
334.084 0.947587 0.0030753 5.13569
334.414 0.948524 0.00317021 5.29419
334.789 0.949588 0.00323753 5.40661
335.149 0.950606 0.003367 5.62283
335.447 0.951454 0.0033887 5.65907
335.839 0.952563 0.00347817 5.80848
336.229 0.953671 0.00358667 5.98966
336.529 0.954523 0.0036711 6.13066
336.921 0.955632 0.00375676 6.27371
337.293 0.95669 0.00395472 6.6043
337.563 0.957454 0.00387956 6.47879
337.969 0.958607 0.00406679 6.79146
338.358 0.959709 0.00421008 7.03076
338.598 0.96039 0.00421901 7.04566
338.838 0.961071 0.00439076 7.33248
339.139 0.961925 0.00441484 7.37269
339.44 0.962778 0.00465126 7.76751
339.678 0.963453 0.00471008 7.86575
339.918 0.964134 0.00473554 7.90825
340.219 0.964988 0.00488333 8.15507
340.502 0.965792 0.00507729 8.47898
340.714 0.96639 0.00498605 8.3266
340.925 0.966989 0.00530435 8.85816
341.252 0.967919 0.00540089 9.01938
341.569 0.968817 0.00544022 9.08505
341.75 0.969332 0.00572626 9.56274
341.93 0.969841 0.00586667 9.79722
342.11 0.970351 0.00594444 9.9271
342.38 0.971116 0.00617549 10.3129
342.649 0.97188 0.00637778 10.6508
342.828 0.972389 0.00656425 10.9622
343.008 0.972898 0.0067 11.1889
343.173 0.973365 0.00684564 11.4321
343.442 0.974129 0.00707179 11.8098
343.712 0.974894 0.00736242 12.2951
343.862 0.975321 0.00740132 12.3601
344.012 0.975746 0.00773649 12.9198
344.163 0.976173 0.00763399 12.7486
344.313 0.9766 0.00808784 13.5065
344.553 0.977281 0.00823494 13.7522
344.779 0.977923 0.00834711 13.9395
344.899 0.978261 0.00896581 14.9727
345.018 0.9786 0.00860656 14.3728
345.139 0.978944 0.00900826 15.0436
345.26 0.979287 0.00909091 15.1816
345.38 0.979625 0.00965812 16.1289
345.618 0.9803 0.00986072 16.4672
345.858 0.980981 0.0101653 16.9758
345.978 0.981324 0.0105785 17.6659
346.1 0.981669 0.0104918 17.5211
346.22 0.982007 0.011453 19.1263
346.323 0.982301 0.0113333 18.9264
346.413 0.982555 0.0116854 19.5144
346.502 0.982809 0.0116667 19.4831
346.713 0.983407 0.0122289 20.422
346.922 0.984 0.0134884 22.5253
347.012 0.984255 0.0126596 21.1412
347.102 0.984511 0.014186 23.6904
347.192 0.984766 0.0131915 22.0295
347.284 0.985027 0.0141111 23.5653
347.374 0.985281 0.0146067 24.393
347.463 0.985535 0.0147778 24.6786
347.553 0.98579 0.0151111 25.2353
347.778 0.986427 0.016156 26.9802
347.988 0.987025 0.0160317 26.7727
348.049 0.987198 0.0176271 29.4369
348.108 0.987364 0.0182759 30.5203
348.168 0.987536 0.0171429 28.6282
348.229 0.987707 0.0187931 31.3841
348.289 0.987879 0.0179365 29.9536
348.35 0.98805 0.0196552 32.8237
348.409 0.988216 0.019661 32.8335
348.469 0.988388 0.0191935 32.0528
348.529 0.988559 0.0205085 34.2487
348.589 0.988727 0.0208475 34.8148
348.649 0.988898 0.0201613 33.669
348.709 0.98907 0.0216949 36.2301
348.873 0.989535 0.0224535 37.497
349.038 0.99 0.0237288 39.6266
349.096 0.990166 0.0246552 41.1736
349.156 0.990338 0.0231746 38.7011
349.217 0.990511 0.0254237 42.4571
349.276 0.990677 0.0265517 44.3409
349.337 0.990848 0.0204762 34.1948
349.397 0.99102 0.0263793 44.0529
349.457 0.991192 0.0253968 42.4122
349.518 0.991363 0.0284483 47.5081
349.577 0.991529 0.0284746 47.552
349.637 0.991701 0.0280645 46.8672
349.697 0.991872 0.03 50.0994
349.893 0.992427 0.0320482 53.5198
350.072 0.992936 0.0388889 64.9437
350.102 0.99302 0.0334375 55.84
350.131 0.993103 0.04 66.7992
350.163 0.993191 0.0317143 52.9622
350.193 0.993279 0.0411111 68.6547
350.223 0.993363 0.035625 59.493
350.252 0.993447 0.042963 71.7473
350.282 0.993529 0.0374194 62.4896
350.313 0.993618 0.0375 62.6243
350.345 0.993708 0.0390323 65.1831
350.374 0.99379 0.0455556 76.0769
350.403 0.993872 0.0406452 67.8766
350.432 0.993956 0.0457143 76.3419
350.462 0.994039 0.0419355 70.0314
350.492 0.994127 0.0429032 71.6475
350.524 0.994215 0.0432258 72.1862
350.553 0.994299 0.0489286 81.7097
350.582 0.994383 0.0445161 74.3411
350.611 0.994465 0.052963 88.4471
350.643 0.994554 0.04 66.7992
350.674 0.994644 0.0540741 90.3026
350.703 0.994726 0.0487097 81.3442
350.733 0.994809 0.0542857 90.6561
350.763 0.994893 0.0503226 84.0377
350.792 0.994975 0.0588889 98.3433
350.822 0.995063 0.0457143 76.3419
350.988 0.995534 0.0623569 104.135
351.153 0.995999 0.0680645 113.666
351.184 0.996089 0.068125 113.767
351.213 0.996172 0.082963 138.546
351.242 0.996255 0.0748387 124.979
351.272 0.996338 0.0842857 140.755
351.303 0.996428 0.0702857 117.376
351.335 0.996516 0.0940741 157.102
351.364 0.996598 0.0841935 140.602
351.393 0.996681 0.0978571 163.419
351.423 0.996765 0.0906452 151.376
351.452 0.996847 0.108519 181.224
351.482 0.996935 0.0865714 144.573
351.514 0.997025 0.1125 187.873
351.543 0.997108 0.105484 176.156
351.572 0.997191 0.125926 210.294
351.602 0.997274 0.110938 185.263
351.631 0.997358 0.137778 230.086
351.663 0.997446 0.110571 184.652
351.693 0.997534 0.15 250.497
351.723 0.997617 0.131563 219.707
351.752 0.997701 0.163704 273.382
351.782 0.997783 0.149032 248.881
351.813 0.997873 0.151563 253.106
351.845 0.997962 0.164839 275.277
351.874 0.998044 0.20037 334.615
351.903 0.998127 0.183548 306.522
352.068 0.998597 0.266777 445.513
352.233 0.999064 0.4175 697.217
352.263 0.999148 0.414839 692.772
352.292 0.99923 0.526667 879.523
352.322 0.999318 0.453143 756.74
352.354 0.999407 0.642143 1072.37
352.384 0.999491 0.667742 1115.12
352.413 0.999573 0.901852 1506.07
352.442 0.999655 0.937742 1566.01
352.473 0.999745 1.14938 1919.43
352.505 0.999834 1.68387 2812.03
352.534 0.999916 2.85815 4773.05
