0.032 0.326319 550
0.063 0.368383 550
0.09 0.380776 550
0.122 0.392619 550
0.149 0.399766 550
0.18 0.406372 550
0.211 0.411763 550
0.243 0.416496 550
0.27 0.420732 550
0.297 0.42454 550
0.332 0.428028 550
0.36 0.431235 550
0.391 0.434217 550
0.422 0.436976 550
0.45 0.43954 550
0.481 0.441955 550
0.512 0.444216 550
0.539 0.446379 550
0.571 0.448438 550
0.598 0.450415 550
0.629 0.452309 550
0.661 0.454118 550
0.692 0.455866 550
0.719 0.457547 550
0.75 0.459171 550
0.778 0.460727 550
0.809 0.462241 550
0.84 0.463697 550
0.872 0.465108 550
0.899 0.466477 550
0.93 0.467791 550
0.957 0.469066 550
0.993 0.470317 550
1.02 0.471512 550
1.051 0.472704 550
1.079 0.473844 550
1.11 0.474967 550
1.137 0.476067 550
1.172 0.477138 550
1.2 0.478188 550
1.231 0.47922 550
1.258 0.480224 550
1.321 0.482184 550
1.379 0.484057 550
1.438 0.485871 550
1.5 0.487625 550
1.559 0.489311 550
1.618 0.490936 550
1.68 0.492517 550
1.739 0.494057 550
1.797 0.495539 550
1.86 0.496961 550
1.918 0.498352 550
1.977 0.499707 550
2.039 0.501018 550
2.098 0.502284 550
2.161 0.503527 550
2.219 0.504742 550
2.278 0.505933 550
2.34 0.507094 550
2.399 0.508237 550
2.457 0.509363 550
2.52 0.510464 550
2.579 0.511542 550
2.637 0.512596 550
2.7 0.513633 550
2.758 0.514652 550
2.821 0.515653 550
2.911 0.517127 550
3 0.518561 550
3.09 0.519948 550
3.18 0.521305 550
3.27 0.522631 550
3.36 0.52392 550
3.45 0.525175 550
3.539 0.526396 550
3.629 0.527594 550
3.719 0.528758 550
3.809 0.52991 550
3.899 0.531033 550
3.993 0.532135 550
4.079 0.533219 550
4.172 0.534272 550
4.258 0.535319 550
4.352 0.536344 550
4.438 0.537365 550
4.563 0.538679 550
4.684 0.539968 550
4.801 0.541224 550
4.922 0.542464 550
5.043 0.543669 550
5.164 0.544863 550
5.282 0.546029 550
5.403 0.547175 550
5.524 0.548304 550
5.641 0.549404 550
5.762 0.550485 550
5.883 0.551547 550
6.004 0.552604 550
6.122 0.55363 550
6.243 0.554641 550
6.391 0.555875 550
6.543 0.557084 550
6.692 0.558258 550
6.844 0.559409 550
6.993 0.560548 550
7.141 0.561658 550
7.289 0.562752 550
7.442 0.563831 550
7.59 0.564892 550
7.743 0.565935 550
7.891 0.566967 550
8.043 0.567984 550
8.192 0.568984 550
8.372 0.570173 550
8.551 0.571337 550
8.731 0.572479 550
8.911 0.573607 550
9.09 0.574719 550
9.27 0.575813 550
9.45 0.576891 550
9.629 0.577948 550
9.809 0.578985 550
9.993 0.580017 550
10.172 0.581028 550
10.383 0.58218 550
10.59 0.583318 550
10.797 0.58444 550
11.012 0.585525 550
11.219 0.586596 550
11.43 0.58766 550
11.637 0.588696 550
11.852 0.589723 550
12.059 0.590741 550
12.297 0.591879 550
12.598 0.592989 550
12.84 0.594062 550
13.079 0.595137 550
13.321 0.596192 550
13.559 0.597243 550
13.797 0.598278 550
14.039 0.599299 550
14.278 0.600304 550
14.551 0.601422 550
14.821 0.602512 550
15.09 0.603604 550
15.36 0.604677 550
15.629 0.605737 550
15.899 0.60678 550
16.172 0.607807 550
16.438 0.608818 550
16.711 0.609822 550
17.012 0.610923 550
17.309 0.612011 550
17.61 0.613085 550
17.911 0.614132 550
18.211 0.61516 550
18.512 0.616181 550
18.809 0.617187 550
19.141 0.618271 550
19.469 0.619339 550
19.801 0.620396 550
20.129 0.62144 550
20.461 0.622467 550
20.789 0.623478 550
21.122 0.624488 550
21.481 0.625567 550
21.844 0.62665 550
22.204 0.627708 550
22.563 0.628755 550
22.922 0.629794 550
23.282 0.630812 550
23.641 0.631828 550
24.004 0.632828 550
24.391 0.633896 550
24.782 0.634964 550
25.172 0.636013 550
25.563 0.637047 550
25.95 0.63807 550
26.344 0.639074 550
26.762 0.640139 550
27.184 0.641198 550
27.602 0.642247 550
28.024 0.64328 550
28.442 0.644298 550
28.891 0.645357 550
29.344 0.646428 550
29.789 0.647464 550
30.243 0.648496 550
30.692 0.649519 550
31.141 0.650536 550
31.59 0.65154 550
32.071 0.652589 550
32.551 0.653637 550
33.032 0.654668 550
33.512 0.655691 550
33.993 0.656702 550
34.469 0.65771 550
34.981 0.658756 550
35.493 0.659803 550
36.004 0.660834 550
36.512 0.661852 550
37.024 0.662863 550
37.532 0.663864 550
38.071 0.664916 550
38.61 0.66595 550
39.149 0.666973 550
39.692 0.66798 550
40.231 0.668986 550
40.797 0.670027 550
41.372 0.671067 550
41.938 0.672098 550
42.512 0.67311 550
43.11 0.67415 550
43.711 0.675192 550
44.309 0.676224 550
44.911 0.677224 550
45.512 0.678232 550
46.137 0.679274 550
46.77 0.680312 550
47.399 0.681329 550
48.032 0.682333 550
48.661 0.683342 550
49.321 0.684383 550
49.977 0.685422 550
50.637 0.686446 550
51.297 0.68746 550
51.957 0.688465 550
52.649 0.689505 550
53.34 0.690538 550
54.032 0.691558 550
54.719 0.692574 550
55.411 0.693574 550
56.098 0.69458 550
56.821 0.6956 550
57.539 0.696626 550
58.258 0.697636 550
59.012 0.698668 550
59.758 0.699685 550
60.512 0.700707 550
61.258 0.701715 550
62.012 0.702717 550
62.789 0.703753 550
63.571 0.704767 550
64.352 0.705774 550
65.161 0.706803 550
65.969 0.707829 550
66.778 0.708852 550
67.59 0.709858 550
68.43 0.710894 550
69.27 0.711916 550
70.11 0.712936 550
70.95 0.713951 550
71.789 0.714954 550
72.629 0.715962 550
73.5 0.716985 550
74.372 0.718001 550
75.239 0.719003 550
76.11 0.720007 550
77.012 0.721026 550
77.911 0.722036 550
78.809 0.723038 550
79.739 0.724058 550
80.637 0.725058 550
81.571 0.726069 550
82.532 0.727096 550
83.493 0.728131 550
84.45 0.729153 550
85.411 0.730156 550
86.372 0.731168 550
87.45 0.732285 550
88.532 0.733385 550
89.637 0.734515 550
90.719 0.735583 550
91.797 0.736653 550
92.879 0.737713 550
93.957 0.738769 550
95.039 0.739823 550
96.118 0.740845 550
97.2 0.741864 550
98.278 0.742892 550
99.36 0.743903 550
100.438 0.74491 550
101.52 0.745922 550
102.598 0.746922 550
103.707 0.747942 550
104.821 0.748952 550
105.926 0.749959 550
107.039 0.750966 550
108.18 0.751974 550
109.321 0.752981 550
110.457 0.753987 550
111.625 0.754999 550
112.797 0.75601 550
113.965 0.757018 550
115.168 0.758044 550
116.547 0.759211 550
117.747 0.760211 550
118.977 0.761234 550
120.207 0.762245 550
121.465 0.763262 550
122.727 0.764278 550
124.106 0.765395 550
125.368 0.766398 550
126.661 0.767422 550
127.946 0.76844 550
129.539 0.76968 550
130.86 0.7707 550
132.18 0.77171 550
133.618 0.772817 550
134.938 0.773828 550
136.286 0.774847 550
137.637 0.77587 550
139.254 0.777081 550
140.606 0.778088 550
141.989 0.779099 550
143.606 0.780279 550
145.016 0.781297 550
146.426 0.78232 550
147.926 0.783401 550
149.368 0.78442 550
150.805 0.785439 550
152.247 0.786459 550
153.688 0.787467 550
155.125 0.78847 550
156.567 0.78947 550
158.036 0.790489 550
159.805 0.791688 550
161.305 0.792703 550
163.075 0.793893 550
164.575 0.794899 550
166.313 0.796036 550
167.848 0.797051 550
169.555 0.798169 550
171.114 0.799185 550
172.793 0.800263 550
174.356 0.801271 550
176.036 0.802348 550
177.625 0.80337 550
179.274 0.804409 550
180.836 0.805409 550
182.516 0.806469 550
184.106 0.807472 550
185.754 0.808506 550
187.375 0.809527 550
189.055 0.810574 550
190.676 0.811588 550
192.293 0.812596 550
193.914 0.813603 550
195.536 0.814606 550
197.184 0.815612 550
198.864 0.816622 550
200.516 0.817623 550
202.164 0.818628 550
203.813 0.81963 550
205.461 0.820637 550
207.383 0.82179 550
209.036 0.822793 550
210.715 0.823793 550
212.395 0.824799 550
214.075 0.825804 550
215.723 0.826806 550
217.403 0.827829 550
219.356 0.828831 550
221.422 0.829895 550
223.102 0.830895 550
224.782 0.831911 550
226.434 0.832912 550
228.055 0.833915 550
229.704 0.834938 550
231.325 0.835943 550
232.942 0.836954 550
234.563 0.837959 550
236.157 0.838961 550
237.743 0.839969 550
239.332 0.840971 550
240.922 0.841979 550
242.481 0.842983 550
244.192 0.844064 550
245.75 0.845068 550
247.403 0.846141 550
248.961 0.847156 550
250.641 0.848254 550
252.172 0.849265 550
253.883 0.850404 550
255.383 0.851408 550
257.122 0.852576 550
258.622 0.85359 550
260.364 0.854772 550
261.801 0.855775 550
263.243 0.856793 550
264.684 0.857799 550
266.09 0.858802 550
267.504 0.859813 550
269.032 0.860919 550
270.411 0.861936 550
271.762 0.862951 550
273.352 0.864152 550
274.672 0.865163 550
275.961 0.866166 550
277.25 0.867179 550
278.75 0.868375 550
279.981 0.869378 550
281.211 0.870388 550
282.411 0.871394 550
283.61 0.872414 550
284.782 0.87342 550
285.95 0.874441 550
287.09 0.875445 550
288.469 0.876683 550
289.579 0.877686 550
290.692 0.878708 550
291.77 0.87972 550
292.852 0.880739 550
293.93 0.881774 550
294.977 0.882789 550
296.059 0.88386 550
297.137 0.884933 550
298.219 0.886033 550
299.297 0.887161 550
300.379 0.888302 550
301.493 0.88949 550
302.571 0.890684 550
303.653 0.891906 550
304.731 0.893149 550
305.809 0.894419 550
306.891 0.895716 550
307.969 0.897048 550
309.051 0.898408 550
310.129 0.899782 550
310.911 0.900789 550
311.692 0.901823 550
312.438 0.902835 550
313.372 0.904117 550
314.09 0.905136 550
314.809 0.90617 550
315.532 0.907231 550
316.219 0.908252 550
316.879 0.909257 550
317.692 0.910505 550
318.352 0.911543 550
318.977 0.912551 550
319.852 0.913985 550
320.45 0.914987 550
321.051 0.916013 550
321.618 0.917014 550
322.192 0.918028 550
322.758 0.919068 550
323.332 0.920128 550
324.137 0.921665 550
324.653 0.922665 550
325.219 0.923801 550
325.731 0.924838 550
326.297 0.926018 550
326.778 0.927032 550
327.379 0.928344 550
327.832 0.929345 550
328.457 0.930782 550
328.911 0.931833 550
329.539 0.933349 550
329.957 0.934383 550
330.618 0.936046 550
331.012 0.937062 550
331.399 0.938094 550
331.789 0.939143 550
332.18 0.940201 550
332.84 0.942072 550
333.2 0.94312 550
333.559 0.944195 550
333.918 0.945275 550
334.25 0.946296 550
334.579 0.947339 550
335 0.948702 550
335.297 0.949702 550
335.598 0.950722 550
336.079 0.952395 550
336.379 0.953471 550
336.68 0.954576 550
337.161 0.956383 550
337.426 0.957431 550
337.7 0.958494 550
338.239 0.960686 550
338.477 0.961688 550
338.719 0.962709 550
338.957 0.963754 550
339.321 0.965361 550
339.559 0.966468 550
339.797 0.967589 550
340.039 0.968735 550
340.399 0.970493 550
340.606 0.971544 550
340.821 0.972616 550
341.028 0.973714 550
341.477 0.976139 550
341.661 0.97714 550
341.84 0.978165 550
342.02 0.979221 550
342.2 0.980291 550
342.559 0.982508 550
342.739 0.983656 550
342.918 0.984831 550
343.098 0.986037 550
343.247 0.987057 550
343.637 0.989815 550
343.786 0.990912 550
343.938 0.992037 550
344.086 0.993182 550
344.239 0.99435 550
344.387 0.995547 550
344.719 0.998281 550
344.84 0.999291 550
344.957 1.00034 550
345.079 1.00139 550
345.2 1.00248 550
345.321 1.00358 550
345.438 1.00471 550
345.797 1.00825 550
345.918 1.00948 550
346.039 1.01076 550
346.161 1.01204 550
346.278 1.01338 550
346.368 1.0144 550
346.457 1.01544 550
346.547 1.01649 550
346.879 1.02055 550
346.965 1.02171 550
347.059 1.0229 550
347.145 1.02412 550
347.239 1.02536 550
347.329 1.02663 550
347.418 1.02793 550
347.508 1.02926 550
347.598 1.03062 550
347.957 1.03642 550
348.02 1.03743 550
348.079 1.03847 550
348.137 1.03953 550
348.2 1.04061 550
348.258 1.0417 550
348.321 1.04283 550
348.379 1.04397 550
348.438 1.04513 550
348.5 1.04632 550
348.559 1.04753 550
348.618 1.04876 550
348.68 1.05001 550
348.739 1.05129 550
349.008 1.05733 550
349.067 1.05873 550
349.125 1.06016 550
349.188 1.06162 550
349.247 1.06312 550
349.305 1.06466 550
349.368 1.06595 550
349.426 1.06748 550
349.489 1.06908 550
349.547 1.07073 550
349.606 1.07241 550
349.668 1.07415 550
349.727 1.07592 550
350.059 1.08656 550
350.086 1.08761 550
350.118 1.08868 550
350.145 1.08976 550
350.18 1.09087 550
350.207 1.09198 550
350.239 1.09312 550
350.266 1.09428 550
350.297 1.09544 550
350.329 1.09664 550
350.36 1.09785 550
350.387 1.09908 550
350.418 1.10034 550
350.446 1.10162 550
350.477 1.10292 550
350.508 1.10425 550
350.539 1.10559 550
350.567 1.10696 550
350.598 1.10834 550
350.625 1.10977 550
350.661 1.11121 550
350.688 1.11267 550
350.719 1.11418 550
350.747 1.1157 550
350.778 1.11726 550
350.805 1.11885 550
350.84 1.12045 550
351.137 1.13897 550
351.168 1.14108 550
351.2 1.14326 550
351.227 1.1455 550
351.258 1.14782 550
351.286 1.15018 550
351.321 1.15264 550
351.348 1.15518 550
351.379 1.15779 550
351.407 1.16053 550
351.438 1.16334 550
351.465 1.16627 550
351.5 1.1693 550
351.528 1.17245 550
351.559 1.17572 550
351.586 1.17912 550
351.618 1.18267 550
351.645 1.18639 550
351.68 1.19026 550
351.707 1.19431 550
351.739 1.19852 550
351.766 1.20294 550
351.797 1.20756 550
351.829 1.21241 550
351.86 1.21752 550
351.887 1.22293 550
351.918 1.22862 550
352.219 1.30892 550
352.247 1.32061 550
352.278 1.33347 550
352.305 1.34769 550
352.34 1.36355 550
352.368 1.38153 550
352.399 1.40223 550
352.426 1.42658 550
352.457 1.45565 550
352.489 1.49243 550
352.52 1.54463 550
352.547 1.6218 550
352.579 1.73221 550
352.606 1.9041 550
352.637 2.18773 550
352.668 2.62259 550
352.7 3.40826 550
