0.075998 5.53901e-06 0.54322 29543.6
0.125497 9.14671e-06 0.202596 11018.4
0.175499 1.2791e-05 0.138364 7525.09
0.226 1.64717e-05 0.106702 5803.1
0.275999 2.01158e-05 0.0879618 4783.89
0.325998 2.37599e-05 0.07508 4083.3
0.375999 2.74042e-05 0.0655361 3564.24
0.426001 3.10485e-05 0.0581212 3160.98
0.476 3.46926e-05 0.052241 2841.18
0.525999 3.83367e-05 0.0473609 2575.77
0.575998 4.19808e-05 0.04318 2348.39
0.626 4.56251e-05 0.0399176 2170.96
0.676001 4.92694e-05 0.0373407 2030.81
0.725999 5.29135e-05 0.0351007 1908.99
0.775999 5.65576e-05 0.0329807 1793.69
0.825998 6.02017e-05 0.0311 1691.4
0.876 6.3846e-05 0.0295382 1606.47
0.926001 6.74903e-05 0.0280806 1527.19
0.975999 7.11344e-05 0.0268205 1458.66
1.026 7.47785e-05 0.0256205 1393.4
1.0755 7.83862e-05 0.0239184 1300.82
1.125 8.1994e-05 0.0235786 1282.34
1.175 8.56383e-05 0.02266 1232.39
1.225 8.92825e-05 0.0217804 1184.55
1.275 9.29266e-05 0.0210604 1145.39
1.325 9.65707e-05 0.0203804 1108.41
1.4 0.000102037 0.0193494 1052.34
1.5 0.000109325 0.0181804 988.757
1.6 0.000116614 0.0170297 926.175
1.7 0.000123902 0.0160402 872.36
1.8 0.00013119 0.0151803 825.596
1.9 0.000138479 0.0144496 785.854
2 0.000145767 0.0138003 750.542
2.1 0.000153056 0.0131897 717.337
2.2 0.000160344 0.0126201 686.358
2.3 0.000167632 0.0121702 661.891
2.4 0.000174921 0.0117296 637.929
2.5 0.000182209 0.0113302 616.206
2.6 0.000189497 0.0109398 594.971
2.7 0.000196786 0.0105701 574.866
2.8 0.000204074 0.0102402 556.924
2.925 0.000213185 0.00988653 537.689
3.075 0.000224117 0.00947327 515.213
3.225 0.00023505 0.00907345 493.469
3.375 0.000245982 0.00870655 473.514
3.525 0.000256915 0.0083935 456.489
3.675 0.000267847 0.00809323 440.158
3.825 0.00027878 0.00776661 422.395
3.975 0.000289712 0.0075401 410.076
4.125 0.000300645 0.00728657 396.287
4.275 0.000311578 0.00704662 383.237
4.425 0.00032251 0.00686694 373.465
4.6 0.000335265 0.00654984 356.219
4.8005 0.000349878 0.00630361 342.828
5.001 0.000364491 0.00606485 329.843
5.201 0.000379068 0.00587012 319.252
5.401 0.000393644 0.00566486 308.089
5.601 0.000408221 0.00546508 297.224
5.801 0.000422798 0.00526508 286.347
6.026 0.000439196 0.00438 238.211
6.276 0.000457417 0.00488 265.404
6.526 0.000475638 0.004748 258.225
6.776 0.000493859 0.004616 251.046
7.026 0.00051208 0.0045 244.737
7.276 0.000530301 0.004332 235.6
7.526 0.000548522 0.004268 232.119
7.776 0.000566743 0.004124 224.288
8.026 0.000584964 0.004012 218.197
8.301 0.000605007 0.00389329 211.741
8.601 0.000626872 0.0037933 206.302
8.901 0.000648737 0.00369006 200.688
9.201 0.000670602 0.00357995 194.699
9.501 0.000692467 0.00348006 189.266
9.801 0.000714332 0.0033833 184.004
10.126 0.000738019 0.00329429 179.163
10.476 0.000763529 0.00320857 174.501
10.826 0.000789038 0.00308857 167.975
11.176 0.000814547 0.00300857 163.624
11.526 0.000840057 0.00293429 159.584
11.901 0.000867388 0.002835 154.184
12.301 0.000896541 0.0027525 149.697
12.701 0.000925695 0.00266 144.667
13.101 0.000954848 0.0025925 140.996
13.501 0.000984002 0.00252 137.053
13.926 0.00101498 0.00244 132.702
14.376 0.00104777 0.00238444 129.68
14.826 0.00108057 0.00230889 125.571
15.276 0.00111337 0.00227556 123.758
15.751 0.00114799 0.002198 119.54
16.251 0.00118443 0.002164 117.691
16.751 0.00122087 0.00211 114.754
17.251 0.00125732 0.00205 111.491
17.751 0.00129376 0.002016 109.642
18.276 0.00133202 0.00196545 106.893
18.8255 0.00137207 0.00190893 103.819
19.375 0.00141212 0.00186182 101.257
19.925 0.00145221 0.00182545 99.2792
20.5 0.00149411 0.00178667 97.1697
21.1 0.00153784 0.00174333 94.8129
21.7 0.00158157 0.001705 92.7281
22.3 0.0016253 0.0017 92.4562
22.925 0.00167086 0.00163692 89.0257
23.575 0.00171823 0.00157692 85.7625
24.225 0.00176561 0.00155846 84.7585
24.9 0.0018148 0.00151143 82.2006
25.6 0.00186582 0.00147 79.9474
26.3 0.00191684 0.00144714 78.7043
27.025 0.00196968 0.00140667 76.503
27.775 0.00202434 0.001372 74.6176
28.55 0.00208083 0.0013325 72.4693
29.35 0.00213913 0.0012975 70.5658
30.15 0.00219744 0.00127 69.0702
30.975 0.00225757 0.00123294 67.0547
31.825 0.00231952 0.00122118 66.4149
32.675 0.00238147 0.00121059 65.8391
33.55 0.00244525 0.00117222 63.7525
34.45 0.00251084 0.00115556 62.846
35.35 0.00257644 0.00113 61.4562
36.275 0.00264385 0.00108947 59.2521
37.225 0.00271309 0.00107789 58.6224
38.2 0.00278415 0.001055 57.3772
39.2 0.00285704 0.001026 55.8
40.225 0.00293174 0.000993333 54.0234
41.275 0.00300827 0.000977143 53.1429
42.325 0.0030848 0.000962857 52.3659
43.4 0.00316315 0.000941818 51.2217
44.5 0.00324332 0.000924545 50.2823
45.625 0.00332531 0.000902609 49.0893
46.775 0.00340913 0.000886087 48.1907
47.95 0.00349477 0.000865833 47.0892
49.15 0.00358223 0.000851667 46.3187
50.375 0.00367151 0.000832 45.2492
51.625 0.00376262 0.0008192 44.553
52.9 0.00385554 0.000798462 43.4251
54.2 0.00395029 0.000781538 42.5048
55.5 0.00404504 0.000775385 42.1701
56.825 0.00414161 0.000744444 40.4874
58.175 0.00424 0.000752593 40.9305
59.55 0.00434022 0.000717857 39.0414
60.95 0.00444226 0.000717143 39.0025
62.375 0.00454612 0.000693793 37.7326
63.85 0.00465362 0.00067 36.4386
65.375 0.00476477 0.00066129 35.9649
66.95 0.00487956 0.000644375 35.045
68.55 0.00499617 0.000637496 34.6709
70.175 0.00511461 0.000626064 34.0491
71.825 0.00523487 0.000611515 33.2579
73.5 0.00535695 0.000599408 32.5994
75.2005 0.00548088 0.000597299 32.4847
76.926 0.00560664 0.000585143 31.8236
78.701 0.00573601 0.000562222 30.577
80.501 0.0058672 0.000561667 30.5468
82.301 0.00599839 0.000560552 30.4862
84.126 0.00613141 0.000547571 29.7802
85.976 0.00626624 0.000552973 30.074
87.851 0.0064029 0.00053 28.8246
89.801 0.00654502 0.000506 27.5193
91.8015 0.00669083 0.000503748 27.3968
93.827 0.00683845 0.000493168 26.8215
95.877 0.00698786 0.000490736 26.6892
97.927 0.00713727 0.000494632 26.901
100.027 0.00729033 0.000475349 25.8523
102.202 0.00744885 0.000459545 24.9928
104.402 0.0076092 0.000455455 24.7704
106.627 0.00777136 0.000450667 24.51
108.903 0.00793721 0.000437636 23.8013
111.228 0.0081067 0.000425532 23.143
113.578 0.00827798 0.000425532 23.143
115.978 0.0084529 0.000411429 22.376
118.453 0.00863328 0.0004096 22.2765
120.978 0.00881731 0.000397255 21.6051
123.529 0.0090032 0.000397883 21.6393
126.104 0.00919092 0.000385769 20.9804
128.704 0.00938041 0.000385769 20.9804
131.379 0.00957538 0.000368727 20.0536
134.104 0.00977398 0.000372593 20.2638
136.854 0.00997441 0.000358571 19.5013
139.679 0.0101803 0.000354386 19.2736
142.53 0.0103881 0.000354612 19.286
145.43 0.0105995 0.000343729 18.694
148.405 0.0108163 0.000335333 18.2374
151.405 0.0110349 0.000333667 18.1468
154.38 0.0112518 0.000343051 18.6572
157.43 0.0114741 0.00032212 17.5188
160.606 0.0117055 0.00031625 17.1996
163.806 0.0119388 0.000312813 17.0126
167.031 0.0121738 0.000307692 16.7342
170.256 0.0124089 0.0003125 16.9956
173.507 0.0126458 0.000305665 16.6239
176.882 0.0128918 0.000293623 15.969
180.332 0.0131432 0.000290145 15.7798
183.807 0.0133965 0.000286 15.5544
187.332 0.0136534 0.00028169 15.32
190.907 0.013914 0.000279089 15.1785
194.583 0.0141819 0.000268267 14.59
198.333 0.0144552 0.000270133 14.6915
202.083 0.0147285 0.000268267 14.59
205.933 0.0150092 0.000255631 13.9028
209.884 0.0152971 0.000254684 13.8512
213.859 0.0155868 0.000252 13.7053
217.884 0.0158802 0.00024716 13.4421
221.909 0.0161736 0.000251937 13.7018
225.91 0.0164651 0.00025075 13.6373
230.06 0.0167676 0.000233488 12.6985
234.335 0.0170792 0.000236941 12.8863
238.661 0.0173944 0.000229039 12.4565
243.061 0.0177152 0.000227727 12.3852
247.511 0.0180395 0.000224444 12.2066
252.036 0.0183693 0.000220879 12.0127
256.636 0.0187046 0.000215269 11.7076
261.26 0.0190416 0.000218308 11.8729
265.885 0.0193786 0.000216176 11.7569
270.608 0.0197229 0.000209045 11.3691
275.432 0.0200744 0.000207465 11.2832
280.305 0.0204297 0.000205144 11.157
285.23 0.0207886 0.000202465 11.0113
290.203 0.0211511 0.00020004 10.8794
295.302 0.0215227 0.000193536 10.5256
300.451 0.0218979 0.000196509 10.6873
305.6 0.0222732 0.000194076 10.555
310.798 0.0226521 0.000192574 10.4733
316.197 0.0230455 0.000180211 9.80094
321.645 0.0234427 0.00018947 10.3045
327.094 0.0238398 0.000178635 9.71526
332.742 0.0242515 0.000175645 9.55262
338.541 0.0246741 0.000171385 9.32094
344.415 0.0251022 0.00017117 9.30923
350.264 0.0255285 0.000171482 9.32624
356.137 0.0259566 0.000170905 9.29486
362.086 0.0263901 0.000167528 9.11117
368.109 0.0268291 0.000166336 9.04635
374.232 0.0272754 0.000161639 8.7909
380.406 0.0277254 0.000163468 8.89036
386.73 0.0281862 0.00015387 8.36836
393.203 0.0286581 0.000155552 8.45986
399.752 0.0291353 0.000151752 8.25319
406.225 0.0296071 0.000160527 8.73043
412.723 0.0300807 0.000150194 8.16846
419.471 0.0305726 0.000147816 8.03911
426.27 0.0310681 0.000148132 8.0563
433.193 0.0315727 0.000142168 7.73195
440.291 0.03209 0.000140579 7.64554
447.34 0.0326038 0.000144214 7.84323
454.263 0.0331083 0.000145549 7.91585
461.386 0.0336275 0.000136636 7.43108
468.76 0.0341649 0.00013637 7.41661
476.158 0.0347041 0.000135307 7.3588
483.681 0.0352524 0.000131276 7.13958
491.354 0.0358117 0.000130164 7.07908
499.127 0.0363782 0.000127676 6.94378
506.95 0.0369483 0.000128879 7.00922
514.573 0.0375039 0.000134398 7.3094
522.297 0.0380669 0.000126141 6.86029
530.245 0.0386462 0.000126741 6.89293
538.592 0.0392546 0.000114016 6.20088
547.015 0.0398684 0.000124751 6.78473
555.263 0.0404696 0.00011991 6.52143
563.736 0.0410871 0.00011791 6.41266
572.534 0.0417283 0.000110354 6.00171
581.507 0.0423823 0.000113811 6.18973
590.205 0.0430163 0.000118156 6.42605
598.953 0.0436539 0.000112427 6.11447
608 0.0443133 0.000109872 5.9755
617.148 0.04498 0.000109532 5.95701
626.396 0.045654 0.00010751 5.84702
635.594 0.0463244 0.000110743 6.02285
644.792 0.0469947 0.000107307 5.83601
654.114 0.0476742 0.000107765 5.86091
663.462 0.0483555 0.000106831 5.81012
673.134 0.0490605 0.000100734 5.47851
683.082 0.0497855 0.000100724 5.47796
693.005 0.0505087 0.000101233 5.50563
702.753 0.0512191 0.000104407 5.67825
712.825 0.0519533 9.49952e-05 5.16641
723.072 0.0527001 0.000100533 5.46758
733.145 0.0534343 9.81565e-05 5.33834
743.567 0.0541939 9.39232e-05 5.10811
754.19 0.0549681 9.49236e-05 5.16251
764.838 0.0557441 9.37646e-05 5.09948
775.51 0.0565219 9.40171e-05 5.11321
785.982 0.0572852 9.73976e-05 5.29706
796.779 0.0580722 8.86076e-05 4.81901
807.727 0.05887 9.45542e-05 5.14242
818.924 0.0596861 8.50151e-05 4.62363
830.496 0.0605296 8.8129e-05 4.79298
842.043 0.0613712 8.52132e-05 4.63441
853.541 0.0622091 8.89126e-05 4.8356
865.188 0.063058 8.35063e-05 4.54157
877.11 0.0639269 8.52759e-05 4.63782
889.032 0.0647958 8.31742e-05 4.52351
901.828 0.0657285 7.39647e-05 4.02265
914.95 0.0666849 7.88375e-05 4.28766
927.322 0.0675866 8.30912e-05 4.519
940.019 0.068512 7.49232e-05 4.07477
952.616 0.0694301 8.4494e-05 4.59529
965.288 0.0703537 7.41646e-05 4.03352
978.56 0.071321 7.66513e-05 4.16876
991.457 0.0722609 7.86858e-05 4.27941
1004.4 0.0732046 7.63672e-05 4.15331
1017.75 0.0741774 7.38116e-05 4.01432
1031.23 0.0751599 7.46291e-05 4.05878
1044.44 0.0761229 7.68521e-05 4.17968
1057.68 0.0770877 7.45005e-05 4.05178
1071.55 0.0780981 7.01767e-05 3.81663
1085.73 0.0791322 7.09225e-05 3.85719
1100.02 0.0801737 6.94137e-05 3.77513
1113.84 0.0811804 7.61984e-05 4.14413
1127.72 0.0821927 6.87012e-05 3.73639
1142.31 0.083256 6.89324e-05 3.74896
1156.7 0.0843047 7.07099e-05 3.84563
1171.22 0.0853626 6.79717e-05 3.69671
1186.26 0.0864587 6.56404e-05 3.56992
1201.5 0.0875695 6.6119e-05 3.59595
1216.64 0.0886729 6.64498e-05 3.61394
1231.98 0.0897909 6.41691e-05 3.4899
1247.54 0.0909254 6.47718e-05 3.52268
1263.13 0.0920617 6.39004e-05 3.47529
1278.75 0.0931997 6.46964e-05 3.51858
1294.94 0.0943798 5.9642e-05 3.24369
1311.18 0.0955635 6.38366e-05 3.47182
1326.99 0.0967162 6.28876e-05 3.4202
1343.46 0.0979163 5.91148e-05 3.21501
1359.7 0.0991 6.47116e-05 3.5194
1376.02 0.100289 5.85383e-05 3.18366
1392.98 0.101526 5.96456e-05 3.24388
1409.85 0.102755 5.91712e-05 3.21809
1426.72 0.103984 5.95861e-05 3.24065
1444.06 0.105248 5.60779e-05 3.04985
1461.68 0.106532 5.7699e-05 3.13802
1479.37 0.107822 5.55001e-05 3.01843
1496.96 0.109104 5.82513e-05 3.16805
1514.03 0.110348 5.90593e-05 3.212
1531.99 0.111657 5.30339e-05 2.8843
1550.14 0.11298 5.77467e-05 3.14061
1567.6 0.114253 5.67634e-05 3.08713
1585.8 0.115579 5.36019e-05 2.91519
1604.84 0.116967 5.19696e-05 2.82642
1623.83 0.118351 5.35676e-05 2.91333
1642.15 0.119686 5.57658e-05 3.03288
1660.64 0.121034 5.26869e-05 2.86543
1680.04 0.122447 5.06829e-05 2.75644
1699.26 0.123848 5.35676e-05 2.91333
1717.8 0.1252 5.45119e-05 2.96468
1737.97 0.12667 4.58464e-05 2.4934
1758.42 0.12816 5.29285e-05 2.87857
1777.96 0.129584 4.9754e-05 2.70592
1798.48 0.13108 4.78467e-05 2.60219
1819.22 0.132592 4.86631e-05 2.64659
1839.85 0.134095 4.84761e-05 2.63642
1860.47 0.135597 4.87117e-05 2.64924
1881.31 0.137117 4.73936e-05 2.57755
1902.16 0.138636 4.86631e-05 2.64659
1922.63 0.140128 4.92882e-05 2.68059
1943.75 0.141667 4.57226e-05 2.48667
1965.44 0.143249 4.65127e-05 2.52964
1987.24 0.144837 4.53536e-05 2.4666
2009.41 0.146453 4.49443e-05 2.44434
2031.26 0.148045 4.66832e-05 2.53891
2053.18 0.149643 4.46437e-05 2.42799
2075.73 0.151286 4.41514e-05 2.40122
2098.37 0.152937 4.42932e-05 2.40893
2120.84 0.154575 4.48437e-05 2.43887
2143.27 0.156209 4.4401e-05 2.41479
2166.34 0.157891 4.23316e-05 2.30225
2189.56 0.159583 4.3905e-05 2.38782
2212.96 0.161288 4.18387e-05 2.27544
2236.93 0.163036 4.17953e-05 2.27308
2261.06 0.164794 4.11963e-05 2.2405
2285.08 0.166545 4.22328e-05 2.29687
2308.73 0.168268 4.28092e-05 2.32822
2332.98 0.170036 4.00817e-05 2.17988
2357.22 0.171803 4.25116e-05 2.31204
2380.6 0.173507 4.31899e-05 2.34893
2405.32 0.175309 3.82459e-05 2.08004
2430.4 0.177136 4.18826e-05 2.27783
2456.4 0.179031 3.56876e-05 1.9409
2483.12 0.180979 3.94483e-05 2.14543
2508.32 0.182816 4.00016e-05 2.17553
2533.62 0.184659 3.91789e-05 2.13078
2559.42 0.18654 3.8463e-05 2.09185
2585.75 0.188459 3.75573e-05 2.04259
2613.12 0.190454 3.55518e-05 1.93352
2640.03 0.192415 3.90652e-05 2.1246
2666.53 0.194346 3.65938e-05 1.99019
2693.6 0.19632 3.73891e-05 2.03344
2720.8 0.198302 3.63709e-05 1.97807
2748.28 0.200305 3.66014e-05 1.9906
2775.46 0.202285 3.71428e-05 2.02005
2803.03 0.204295 3.55254e-05 1.93209
2831.41 0.206364 3.50269e-05 1.90498
2859.61 0.208419 3.59363e-05 1.95443
2887.99 0.210487 3.46032e-05 1.88193
2916.04 0.212532 3.67958e-05 2.00118
2943.85 0.214558 3.52118e-05 1.91503
2972.78 0.216667 3.39812e-05 1.8481
3002.23 0.218813 3.39564e-05 1.84675
3031.51 0.220947 3.44922e-05 1.8759
3060.76 0.223079 3.39812e-05 1.8481
3090.69 0.225261 3.28623e-05 1.78725
3120.24 0.227415 3.48699e-05 1.89644
3150.5 0.22962 3.14159e-05 1.70859
3181.13 0.231852 3.39801e-05 1.84804
3211.81 0.234088 3.13488e-05 1.70494
3243.31 0.236384 3.2175e-05 1.74987
3273.64 0.238595 3.38078e-05 1.83867
3304.27 0.240827 3.15647e-05 1.71668
3336.25 0.243158 3.0978e-05 1.68477
3368.94 0.24554 3.02875e-05 1.64721
3401.72 0.24793 3.07872e-05 1.67439
3433.15 0.25022 3.29164e-05 1.79019
3464.76 0.252524 3.04581e-05 1.65649
3497.11 0.254882 3.13666e-05 1.70591
3529.74 0.25726 2.99554e-05 1.62915
3563.15 0.259695 2.99713e-05 1.63002
3595.98 0.262088 3.10251e-05 1.68733
3628.92 0.264488 2.97624e-05 1.61866
3661.9 0.266892 3.09301e-05 1.68216
3694.23 0.269249 3.096e-05 1.68379
3728.21 0.271726 2.80631e-05 1.52624
3762.97 0.274259 2.95724e-05 1.60832
3796.65 0.276714 2.98659e-05 1.62429
3831.41 0.279247 2.77785e-05 1.51076
3865.92 0.281762 3.03802e-05 1.65226
3900.35 0.284272 2.78947e-05 1.51708
3936.87 0.286933 2.69273e-05 1.46447
3973.38 0.289594 2.78668e-05 1.51556
4008.61 0.292162 2.89449e-05 1.5742
4044.24 0.294759 2.72584e-05 1.48247
4080.55 0.297405 2.78652e-05 1.51547
4115.27 0.299936 2.98935e-05 1.62579
4151.48 0.302575 2.57346e-05 1.3996
4189.16 0.305321 2.74296e-05 1.49178
4226.88 0.30807 2.56943e-05 1.39741
4264.66 0.310824 2.74366e-05 1.49217
4302.09 0.313552 2.61358e-05 1.42142
4339.64 0.316289 2.71974e-05 1.47916
4377.27 0.319031 2.60085e-05 1.4145
4415.69 0.321832 2.60938e-05 1.41913
4453.94 0.324619 2.62992e-05 1.43031
4493.19 0.32748 2.47574e-05 1.34645
4532.28 0.330329 2.64801e-05 1.44015
4570.63 0.333124 2.57089e-05 1.39821
4610.48 0.336028 2.45894e-05 1.33732
4650.42 0.33894 2.55774e-05 1.39105
4689.52 0.341789 2.56286e-05 1.39384
4729.49 0.344702 2.45109e-05 1.33305
4769.75 0.347637 2.51921e-05 1.3701
4809.57 0.350539 2.50607e-05 1.36295
4850.06 0.35349 2.43914e-05 1.32655
4890.5 0.356438 2.50979e-05 1.36497
4931.47 0.359423 2.37852e-05 1.29358
4972.36 0.362403 2.51927e-05 1.37013
5011.85 0.365282 2.54733e-05 1.38539
5052.3 0.36823 2.4046e-05 1.30776
5094.53 0.371308 2.33198e-05 1.26827
5136.42 0.374361 2.44803e-05 1.33139
5179.22 0.37748 2.23817e-05 1.21725
5222.8 0.380657 2.3566e-05 1.28166
5264.99 0.383731 2.38703e-05 1.29821
5308.22 0.386882 2.25037e-05 1.22389
5351.52 0.390038 2.37614e-05 1.29229
5395.18 0.39322 2.21795e-05 1.20625
5440.08 0.396492 2.24336e-05 1.22007
5484.33 0.399718 2.2765e-05 1.2381
5527.86 0.40289 2.31852e-05 1.26095
5571.86 0.406097 2.23292e-05 1.2144
5616.13 0.409324 2.29172e-05 1.24637
5660.49 0.412557 2.22109e-05 1.20796
5704.41 0.415758 2.3347e-05 1.26975
5749.36 0.419034 2.13955e-05 1.16361
5794.19 0.422301 2.36479e-05 1.28612
5839.21 0.425583 2.10686e-05 1.14584
5886.47 0.429028 2.12472e-05 1.15555
5932.19 0.43236 2.25572e-05 1.2268
5978.39 0.435727 2.0849e-05 1.13389
6024.81 0.43911 2.23095e-05 1.21332
6068.64 0.442304 2.33704e-05 1.27102
6114.21 0.445625 2.07199e-05 1.12687
6161.37 0.449063 2.17302e-05 1.18182
6207.91 0.452455 2.12468e-05 1.15553
6255.15 0.455898 2.1133e-05 1.14934
6303.41 0.459416 2.03637e-05 1.1075
6352 0.462957 2.08481e-05 1.13384
6399.79 0.46644 2.10469e-05 1.14466
6446.8 0.469866 2.14971e-05 1.16914
6494.79 0.473364 2.02402e-05 1.10078
6542.78 0.476861 2.15405e-05 1.1715
6590.21 0.480319 2.06778e-05 1.12458
6638.3 0.483823 2.09153e-05 1.1375
6686.99 0.487372 2.01792e-05 1.09747
6735.57 0.490913 2.10237e-05 1.14339
6784.43 0.494474 1.99984e-05 1.08763
6835.1 0.498167 1.95126e-05 1.06121
6885.26 0.501822 2.03845e-05 1.10863
6933.34 0.505327 2.13091e-05 1.15892
6980.91 0.508794 2.08286e-05 1.13278
7031.83 0.512505 1.8611e-05 1.01218
7082.63 0.516208 2.09367e-05 1.13866
7133.28 0.5199 1.86776e-05 1.0158
7183.76 0.523579 2.11119e-05 1.14819
7232.65 0.527141 1.98598e-05 1.08009
7282.03 0.53074 2.06569e-05 1.12345
7333.43 0.534487 1.83871e-05 1
7385.82 0.538305 1.98401e-05 1.07902
7435.7 0.541941 2.0261e-05 1.10191
7486.15 0.545618 1.93994e-05 1.05506
7537.38 0.549351 1.96857e-05 1.07062
7589.59 0.553157 1.87337e-05 1.01885
7640.94 0.5569 2.03629e-05 1.10746
7691.55 0.560588 1.92138e-05 1.04496
7743.02 0.564339 1.96857e-05 1.07062
7793.5 0.568018 1.99784e-05 1.08655
7846.19 0.571859 1.80724e-05 0.982885
7899.95 0.575777 1.91589e-05 1.04198
7951.8 0.579556 1.94376e-05 1.05714
8003.05 0.583291 1.96471e-05 1.06852
8054.95 0.587074 1.89798e-05 1.03223
8106.44 0.590827 1.99191e-05 1.08332
8157.59 0.594555 1.92337e-05 1.04605
8209.99 0.598374 1.89968e-05 1.03316
8262.58 0.602207 1.90498e-05 1.03604
8315.87 0.606091 1.84884e-05 1.00551
8367.87 0.60988 2.00385e-05 1.08981
8418.89 0.613599 1.91957e-05 1.04398
8472.26 0.617489 1.8338e-05 0.997332
8526.1 0.621413 1.88544e-05 1.02542
8578.59 0.625239 1.93271e-05 1.05112
8629.92 0.628979 1.97237e-05 1.0727
8680.22 0.632646 2.00582e-05 1.09088
8732.91 0.636486 1.80253e-05 0.980325
8786.25 0.640374 1.96489e-05 1.06862
8836.23 0.644017 2.05286e-05 1.11647
8887.61 0.647761 1.85401e-05 1.00832
8940.2 0.651594 1.95516e-05 1.06333
8990.35 0.655249 2.03836e-05 1.10858
9042.35 0.659039 1.82222e-05 0.991032
9094.37 0.662831 2.04036e-05 1.10967
9145.64 0.666568 1.87316e-05 1.01874
9196.09 0.670245 2.10686e-05 1.14584
9246.87 0.673945 1.85069e-05 1.00652
9298.67 0.677721 2.02396e-05 1.10075
9349.24 0.681407 1.93626e-05 1.05305
9399.02 0.685035 2.08716e-05 1.13512
9450.25 0.688768 1.83545e-05 0.998228
9501.65 0.692514 2.07211e-05 1.12694
9550.11 0.696046 2.05713e-05 1.11879
9599.61 0.699654 1.98999e-05 1.08228
9648.3 0.703203 2.13327e-05 1.1602
9697.38 0.70678 1.95511e-05 1.06331
9749.18 0.710555 1.9068e-05 1.03703
9799.35 0.714212 2.09129e-05 1.13737
9848.06 0.717762 2.02202e-05 1.09969
9896.47 0.721291 2.11345e-05 1.14942
9945.46 0.724861 1.97631e-05 1.07483
9993.49 0.728362 2.20177e-05 1.19745
10041 0.731825 2.01572e-05 1.09627
10090 0.735395 2.06782e-05 1.12461
10137.3 0.738843 2.16555e-05 1.17776
10183.8 0.742235 2.14057e-05 1.16417
10229.9 0.745593 2.20825e-05 1.20098
10276.8 0.749007 2.06782e-05 1.12461
10324.6 0.752492 2.11807e-05 1.15193
10371 0.755877 2.19202e-05 1.19215
10416.5 0.759193 2.2041e-05 1.19872
10461.4 0.762463 2.25777e-05 1.22791
10506.4 0.765747 2.18723e-05 1.18955
10552.1 0.769077 2.194e-05 1.19323
10597.6 0.772393 2.20653e-05 1.20004
10641.8 0.775613 2.32342e-05 1.26362
10685.9 0.778826 2.21631e-05 1.20536
10730.2 0.782054 2.30221e-05 1.25208
10772.9 0.785169 2.38209e-05 1.29552
10814.9 0.788229 2.38152e-05 1.29521
10857.5 0.791334 2.31321e-05 1.25806
10901.5 0.794537 2.23864e-05 1.21751
10944.5 0.797677 2.41022e-05 1.31082
10985.6 0.80067 2.46555e-05 1.34091
11026.9 0.803683 2.37869e-05 1.29367
11069.4 0.806776 2.34182e-05 1.27362
11109.1 0.809671 2.73149e-05 1.48555
11148.8 0.812566 2.33481e-05 1.26981
11189.7 0.815544 2.57841e-05 1.40229
11229.2 0.818425 2.50125e-05 1.36033
11268.8 0.821309 2.57692e-05 1.40149
11307.8 0.824153 2.56148e-05 1.39308
11346.5 0.826973 2.60756e-05 1.41815
11385.3 0.829801 2.55541e-05 1.38979
11424.1 0.83263 2.60938e-05 1.41913
11461.6 0.835362 2.74419e-05 1.49245
11499.1 0.838099 2.60182e-05 1.41502
11536.8 0.840847 2.71297e-05 1.47547
11573.7 0.843531 2.71739e-05 1.47788
11610.8 0.846241 2.66507e-05 1.44942
11647 0.848876 2.87975e-05 1.56618
11681.9 0.851421 2.85225e-05 1.55123
11716.6 0.853949 2.91667e-05 1.58626
11752 0.856525 2.75028e-05 1.49576
11786.7 0.859057 3.01932e-05 1.64209
11821.8 0.861612 2.71081e-05 1.4743
11857.1 0.864187 2.97297e-05 1.61688
11890.7 0.866634 2.99074e-05 1.62654
11923.9 0.869059 3.02691e-05 1.64622
11956.1 0.871403 3.19795e-05 1.73924
11987.5 0.87369 3.1798e-05 1.72936
12019.6 0.876035 3.04837e-05 1.65789
12051.2 0.878333 3.32008e-05 1.80566
12082 0.880582 3.17158e-05 1.7249
12112.8 0.882823 3.33889e-05 1.81589
12143 0.885025 3.28952e-05 1.78904
12173.2 0.887228 3.33222e-05 1.81226
12202.9 0.889392 3.40948e-05 1.85428
12231.4 0.89147 3.61863e-05 1.96803
12259.5 0.893519 3.50736e-05 1.90751
12287.6 0.895566 3.62156e-05 1.96962
12314.8 0.897545 3.75235e-05 2.04075
12341.8 0.899516 3.64431e-05 1.982
12368.5 0.901463 3.84615e-05 2.09177
12394 0.903316 4.02817e-05 2.19076
12418.9 0.905133 4e-05 2.17544
12444.5 0.907001 3.81714e-05 2.07599
12470.3 0.908877 3.96436e-05 2.15605
12494.8 0.910665 4.19992e-05 2.28417
12518.2 0.912373 4.35386e-05 2.36789
12541.9 0.914097 4.13608e-05 2.24945
12566.2 0.91587 4.10488e-05 2.23248
12589.8 0.917591 4.39281e-05 2.38907
12612 0.919208 4.64286e-05 2.52506
12633.9 0.920801 4.52617e-05 2.4616
12655.5 0.922375 4.76689e-05 2.59252
12676.9 0.923938 4.58162e-05 2.49176
12698.2 0.925492 4.82427e-05 2.62373
12719.1 0.927016 4.75783e-05 2.5876
12739.3 0.928486 5.1971e-05 2.82649
12758.9 0.929915 5.02008e-05 2.73022
12778.6 0.93135 5.14124e-05 2.79612
12797.9 0.932755 5.24109e-05 2.85042
12816.6 0.93412 5.45158e-05 2.9649
12835 0.935463 5.44667e-05 2.96223
12853 0.936773 5.74614e-05 3.1251
12870.8 0.938068 5.56604e-05 3.02715
12888 0.939321 6.11348e-05 3.32488
12904.9 0.940558 5.73303e-05 3.11797
12921.5 0.941768 6.37986e-05 3.46975
12937.7 0.94295 5.98924e-05 3.25731
12954 0.944135 6.33946e-05 3.44778
12969.3 0.945253 6.71592e-05 3.65252
12984 0.94632 6.95833e-05 3.78436
12998.8 0.947397 6.61162e-05 3.5958
13013.4 0.94846 7.12963e-05 3.87752
13027.7 0.949507 6.80735e-05 3.70225
13041.7 0.950529 7.49813e-05 4.07793
13055 0.951493 7.64885e-05 4.15991
13067.7 0.952422 8.09677e-05 4.40351
13080.5 0.953353 7.61977e-05 4.14409
13093.2 0.95428 8.13008e-05 4.42163
13105.5 0.955175 8.18776e-05 4.45299
13117.6 0.956061 8.30017e-05 4.51413
13129.7 0.956943 8.23045e-05 4.47621
13141.5 0.957798 8.84173e-05 4.80866
13152.7 0.958615 9.03604e-05 4.91434
13163.7 0.959415 9.23573e-05 5.02294
13174.6 0.96021 9.12409e-05 4.96223
13185.4 0.960998 9.40901e-05 5.11718
13195.7 0.961748 0.000101211 5.50446
13205.7 0.962481 9.79432e-05 5.32674
13215.8 0.963214 0.000101211 5.50446
13225.6 0.963929 0.000103399 5.62343
13234.9 0.96461 0.00011183 6.08201
13244.1 0.965278 0.000106937 5.81588
13253.2 0.965944 0.000112233 6.10393
13262.1 0.96659 0.000113719 6.18471
13270.8 0.967223 0.000116939 6.35986
13279.3 0.967846 0.00011784 6.40887
13287.9 0.96847 0.000116705 6.34714
13296.3 0.96908 0.000123428 6.71275
13304.2 0.96966 0.000128261 6.9756
13312 0.970225 0.000130639 7.10492
13319.6 0.97078 0.000132629 7.21315
13327 0.971321 0.0001375 7.47807
13334.1 0.971841 0.000144046 7.83408
13341.2 0.972354 0.000141011 7.66904
13348.2 0.972868 0.000144046 7.83408
13355.1 0.973365 0.00014985 8.14976
13361.6 0.973841 0.000157928 8.58906
13368 0.974309 0.000155247 8.44326
13374.3 0.974768 0.000164869 8.96658
13380.4 0.975209 0.000168227 9.14922
13386.3 0.975645 0.000167224 9.09465
13392.3 0.97608 0.000168844 9.18276
13398.2 0.976509 0.000174394 9.48462
13403.8 0.976919 0.000183029 9.95423
13409.1 0.977306 0.000195906 10.6546
13414.3 0.977681 0.000193243 10.5097
13419.4 0.978055 0.000198228 10.7808
13424.4 0.97842 0.00020426 11.1089
13429.3 0.978776 0.000207039 11.26
13434 0.979122 0.00021453 11.6674
13438.7 0.979461 0.000217063 11.8052
13443.4 0.979801 0.000214286 11.6541
13448 0.980137 0.000220971 12.0177
13452.5 0.980464 0.000227991 12.3995
13456.8 0.980781 0.000235981 12.8341
13461 0.981084 0.00024901 13.5427
13465 0.98138 0.000245098 13.3299
13469.1 0.981676 0.000250124 13.6032
13473.1 0.981968 0.000253133 13.7669
13477 0.982255 0.000260309 14.1572
13480.9 0.982534 0.000266491 14.4934
13484.6 0.982806 0.000274457 14.9266
13488.2 0.983068 0.000286533 15.5834
13491.8 0.983328 0.000277473 15.0906
13495.4 0.983591 0.000282123 15.3435
13498.9 0.983848 0.000286533 15.5834
13502.4 0.984103 0.000289398 15.7392
13505.8 0.984355 0.000294461 16.0145
13509.2 0.984596 0.00031348 17.0489
13512.4 0.984832 0.00031003 16.8613
13515.8 0.985077 0.000291545 15.856
13519.1 0.985324 0.000305389 16.6089
13522.5 0.985567 0.000305389 16.6089
13525.8 0.985808 0.000310976 16.9127
13529 0.986041 0.000326861 17.7767
13532.1 0.986268 0.000321656 17.4936
13535.2 0.986495 0.000326861 17.7767
13538.3 0.986718 0.000332237 18.069
13541.3 0.986939 0.000333333 18.1287
13544.3 0.987159 0.000337793 18.3712
13547.3 0.987375 0.000346939 18.8686
13550.2 0.987589 0.000346939 18.8686
13553.1 0.987801 0.000352941 19.1951
13556 0.988008 0.000362007 19.6881
13558.8 0.988214 0.000359155 19.533
13561.6 0.988417 0.000369963 20.1208
13564.3 0.988618 0.000365591 19.8831
13567.1 0.988817 0.000379182 20.6222
13569.8 0.989014 0.000375465 20.42
13572.4 0.989206 0.000393822 21.4184
13575 0.989395 0.000389961 21.2084
13577.5 0.98958 0.000401606 21.8418
13580 0.989763 0.000397638 21.6259
13582.6 0.989946 0.000405622 22.0602
13585 0.990124 0.000430962 23.4383
13587.4 0.990298 0.000426778 23.2108
13589.8 0.990471 0.000429787 23.3744
13592.1 0.990642 0.000440171 23.9391
13594.4 0.990811 0.000445415 24.2243
13596.7 0.990974 0.000456621 24.8338
13598.9 0.991136 0.000455357 24.7651
13601.1 0.991297 0.000465753 25.3305
13603.3 0.991455 0.000476636 25.9223
13605.4 0.991609 0.000483254 26.2822
13607.5 0.991762 0.000490476 26.675
13609.5 0.991911 0.000502513 27.3296
13611.5 0.992056 0.000507538 27.6029
13613.5 0.992199 0.000525773 28.5947
13615.4 0.992342 0.000515 28.0088
13617.4 0.992484 0.000529101 28.7757
13619.3 0.992622 0.000539683 29.3512
13621.1 0.992758 0.000559783 30.4443
13623 0.992891 0.000555556 30.2144
13624.8 0.993021 0.000564246 30.6871
13626.5 0.99315 0.00058046 31.5689
13628.2 0.99327 0.000664516 36.1404
13629.8 0.993386 0.000621951 33.8254
13631.4 0.993506 0.000621951 33.8254
13633 0.993626 0.000618182 33.6204
13634.7 0.993745 0.000628049 34.1571
13636.3 0.993863 0.000647799 35.2312
13637.9 0.993978 0.000651613 35.4386
13639.4 0.99409 0.000662338 36.0219
13640.9 0.994201 0.000686667 37.3451
13642.4 0.99431 0.000691275 37.5957
13643.9 0.994417 0.000701389 38.1457
13645.3 0.994522 0.000710345 38.6328
13646.8 0.994626 0.000733813 39.9092
13648.1 0.994725 0.000755556 41.0916
13649.5 0.994823 0.000776119 42.21
13650.8 0.99492 0.000792308 43.0904
13652.1 0.995014 0.00079845 43.4245
13653.4 0.995107 0.0008 43.5088
13654.6 0.995197 0.000814516 44.2983
13655.8 0.995286 0.000833333 45.3217
13657 0.995373 0.000857143 46.6166
13658.2 0.99546 0.000866667 47.1345
13659.4 0.995546 0.000894737 48.6612
13660.5 0.995629 0.000895652 48.7109
13661.7 0.995711 0.000918182 49.9362
13662.8 0.995791 0.00093578 50.8933
13663.8 0.995869 0.000961905 52.3142
13664.9 0.995945 0.000971154 52.8172
13665.9 0.996021 0.000980952 53.3501
13666.9 0.996096 0.00101 54.9299
13667.9 0.996169 0.0010202 55.4847
13668.9 0.996239 0.00106316 57.8209
13669.8 0.996308 0.00109574 59.5932
13670.8 0.996377 0.00110526 60.1108
13671.7 0.996444 0.00112222 61.0332
13672.6 0.99651 0.0011573 62.9411
13673.5 0.996575 0.00115556 62.846
13674.4 0.996639 0.00118824 64.6234
13675.2 0.9967 0.00121429 66.0401
13676.1 0.996762 0.00123529 67.1827
13676.9 0.996822 0.001275 69.3422
13677.7 0.99688 0.00129114 70.2199
13678.5 0.996938 0.001325 72.0615
13679.3 0.996996 0.001325 72.0614
13680.1 0.997052 0.00137838 74.9645
13680.8 0.997107 0.00137333 74.6901
13681.6 0.997161 0.00142667 77.5907
13682.3 0.997214 0.00147143 80.0251
13683 0.997265 0.00150725 81.9731
13683.7 0.997315 0.0015 81.579
13684.3 0.997365 0.00153846 83.6708
13685 0.997412 0.00157813 85.8279
13685.6 0.997459 0.00156923 85.3442
13686.3 0.997506 0.00156923 85.3442
13686.9 0.997553 0.0016 87.0176
13687.6 0.9976 0.0016875 91.7764
13688.2 0.997645 0.00168333 91.5498
13688.8 0.997689 0.00173333 94.2691
13689.4 0.997733 0.0018 97.8948
13690 0.997777 0.0018 97.8948
13690.6 0.997818 0.00188889 102.729
13691.1 0.997858 0.00187273 101.85
13691.7 0.997898 0.00190909 103.828
13692.2 0.997938 0.00196364 106.794
13692.7 0.997976 0.00204082 110.992
13693.2 0.998012 0.00204 110.947
13693.7 0.998049 0.00208 113.123
13694.2 0.998085 0.00214 116.386
13694.7 0.998121 0.00218 118.561
13695.2 0.998156 0.00222222 120.858
13695.7 0.998188 0.00229545 124.841
13696.1 0.998221 0.00228889 124.484
13696.5 0.998254 0.00237778 129.318
13697 0.998287 0.00235556 128.109
13697.4 0.998319 0.00244444 132.944
13697.9 0.998352 0.00252273 137.201
13698.3 0.998382 0.002525 137.325
13698.7 0.998412 0.002575 140.044
13699.1 0.998441 0.002625 142.763
13699.5 0.99847 0.002625 142.763
13699.9 0.998499 0.0027 146.842
13700.3 0.998528 0.00275 149.562
13700.7 0.998557 0.00287179 156.185
13701.1 0.998584 0.00285714 155.389
13701.4 0.998609 0.00291429 158.496
13701.8 0.998635 0.00297143 161.604
13702.1 0.99866 0.003 163.158
13702.5 0.998686 0.00305714 166.266
13702.8 0.998711 0.00308571 167.82
13703.2 0.998737 0.00332353 180.753
13703.5 0.998762 0.00325714 177.143
13703.8 0.998785 0.00336667 183.1
13704.1 0.998807 0.00343333 186.725
13704.4 0.998829 0.00346667 188.538
13704.7 0.998851 0.0036 195.79
13705 0.998873 0.0036 195.79
13705.3 0.998895 0.00373333 203.041
13705.6 0.998917 0.00383333 208.48
13705.9 0.998938 0.004 217.544
13706.2 0.99896 0.00403333 219.357
13706.5 0.99898 0.00408 221.895
13706.8 0.998998 0.0042 228.421
13707 0.999016 0.00424 230.597
13707.3 0.999034 0.0044 239.298
13707.5 0.999053 0.00444 241.474
13707.8 0.999071 0.0046 250.176
13708 0.999089 0.0046 250.176
13708.2 0.999107 0.00504167 274.196
13708.5 0.999125 0.00484 263.228
13708.7 0.999141 0.00505 274.649
13708.9 0.999156 0.00505 274.649
13709.1 0.99917 0.0053 288.246
13709.3 0.999185 0.0054 293.684
13709.5 0.999199 0.00545 296.404
13709.7 0.999214 0.00565 307.281
13709.9 0.999229 0.0058 315.439
13710.1 0.999243 0.00585 318.158
13710.3 0.999258 0.00605 329.035
13710.5 0.999272 0.00615 334.474
13710.7 0.999286 0.00668421 363.527
13710.9 0.999301 0.0065 353.509
13711.1 0.999315 0.00665 361.667
13711.3 0.999328 0.00686667 373.451
13711.4 0.999339 0.00693333 377.076
13711.6 0.99935 0.00706667 384.328
13711.7 0.999361 0.00726667 395.205
13711.9 0.999372 0.0074 402.456
13712 0.999383 0.00753333 409.708
13712.2 0.999394 0.00786667 427.837
13712.3 0.999405 0.008 435.088
13712.5 0.999415 0.00813333 442.339
13712.6 0.999426 0.00826667 449.591
13712.8 0.999437 0.00846667 460.468
13712.9 0.999448 0.00873333 474.971
13713.1 0.999459 0.00873333 474.971
13713.2 0.99947 0.00906667 493.1
13713.4 0.999481 0.00926667 503.977
13713.5 0.999492 0.01 543.86
13713.7 0.999502 0.00973333 529.357
13713.8 0.999511 0.01 543.86
13713.9 0.99952 0.0100667 547.486
13714 0.99953 0.0104 565.614
13714.2 0.999537 0.0104 565.614
13714.2 0.999544 0.0108 587.369
13714.3 0.999551 0.011 598.246
13714.5 0.999559 0.0113 614.562
13714.5 0.999566 0.0114 620
13714.7 0.999573 0.0115 625.439
13714.8 0.999581 0.012 652.632
13714.8 0.999588 0.0122 663.509
13715 0.999595 0.0125 679.825
13715 0.999602 0.0128 696.141
13715.2 0.99961 0.0127 690.702
13715.2 0.999617 0.0133 723.334
13715.3 0.999624 0.0136 739.65
13715.5 0.999632 0.0138 750.527
13715.5 0.999639 0.0143 777.72
13715.7 0.999646 0.0143 777.72
13715.8 0.999653 0.0149 810.351
13715.8 0.999661 0.0153 832.106
13716 0.999668 0.0159 864.737
13716 0.999675 0.0181111 984.991
13716.1 0.999682 0.0164 891.93
13716.2 0.999689 0.0173 940.878
13716.3 0.999696 0.0179 973.509
13716.4 0.999704 0.0183 995.264
13716.5 0.999711 0.019 1033.33
13716.6 0.999718 0.0192 1044.21
13716.7 0.999724 0.0202 1098.6
13716.8 0.999727 0.0206 1120.35
13716.8 0.999731 0.0208 1131.23
13716.9 0.999735 0.0212 1152.98
13716.9 0.999738 0.0214 1163.86
13717 0.999742 0.0218 1185.61
13717 0.999746 0.0224 1218.25
13717.1 0.999749 0.0226 1229.12
13717.1 0.999753 0.0228 1240
13717.2 0.999757 0.0224 1218.25
13717.2 0.99976 0.0236 1283.51
13717.3 0.999764 0.024 1305.26
13717.3 0.999768 0.0244 1327.02
13717.4 0.999771 0.0248 1348.77
13717.4 0.999775 0.0254 1381.4
13717.5 0.999778 0.026 1414.04
13717.5 0.999782 0.0266 1446.67
13717.6 0.999786 0.0272 1479.3
13717.6 0.999789 0.0276 1501.05
13717.7 0.999793 0.0272 1479.3
13717.7 0.999797 0.0288 1566.32
13717.8 0.9998 0.0294 1598.95
13717.8 0.999804 0.03 1631.58
13717.9 0.999808 0.0306 1664.21
13717.9 0.999811 0.0314 1707.72
13718 0.999815 0.032 1740.35
13718 0.999819 0.0328 1783.86
13718.1 0.999822 0.0334 1816.49
13718.1 0.999826 0.0342 1860
13718.2 0.999829 0.0352 1914.39
13718.2 0.999833 0.0344 1870.88
13718.3 0.999837 0.0368 2001.4
13718.3 0.99984 0.0376 2044.91
13718.4 0.999844 0.0408 2218.95
13718.4 0.999848 0.0418 2273.33
13718.5 0.999851 0.0525 2855.27
13718.5 0.999855 0.0358333 1948.83
13718.6 0.999858 0.05525 3004.83
13718.6 0.999862 0.0456 2480
13718.7 0.999865 0.0468 2545.26
13718.7 0.999869 0.0466 2534.39
13718.8 0.999872 0.05 2719.3
13718.8 0.999876 0.0518 2817.19
13718.9 0.99988 0.0534 2904.21
13718.9 0.999883 0.055 2991.23
13719 0.999887 0.057 3100
13719 0.999891 0.059 3208.77
13719.1 0.999894 0.0616 3350.18
13719.1 0.999898 0.0642 3491.58
13719.2 0.999902 0.0664 3611.23
13719.2 0.999905 0.0662 3600.35
13719.3 0.999909 0.0718 3904.91
13719.3 0.999913 0.075 4078.95
13719.4 0.999916 0.078 4242.11
13719.4 0.99992 0.0828 4503.16
13719.5 0.999923 0.0866 4709.83
13719.5 0.999927 0.0908 4938.25
13719.6 0.999931 0.0952 5177.55
13719.6 0.999934 0.1004 5460.35
13719.7 0.999938 0.1058 5754.04
13719.7 0.999942 0.1072 5830.18
13719.8 0.999945 0.1188 6461.06
13719.8 0.999949 0.1258 6841.76
13719.9 0.999953 0.1336 7265.97
13719.9 0.999956 0.1426 7755.44
13720 0.99996 0.1522 8277.55
13720 0.999964 0.1622 8821.41
13720.1 0.999967 0.1732 9419.66
13720.1 0.999971 0.1852 10072.3
13720.2 0.999974 0.2004 10899
13720.2 0.999978 0.2196 11943.2
13720.3 0.999982 0.2402 13063.5
13720.3 0.999985 0.3032 16489.8
13720.4 0.999989 0.33 17947.4
13720.4 0.999993 0.335 18219.3
13720.5 0.999996 0.3496 19013.3
