0.050998 0.213386 300
0.100998 0.240547 300
0.149997 0.250474 300
0.201 0.257531 300
0.250999 0.262866 300
0.300998 0.267264 300
0.350998 0.271018 300
0.401001 0.274295 300
0.451 0.277201 300
0.500999 0.279813 300
0.550998 0.282181 300
0.600998 0.28434 300
0.651001 0.286336 300
0.701 0.288203 300
0.750999 0.289958 300
0.800998 0.291607 300
0.850998 0.293162 300
0.901001 0.294639 300
0.951 0.296043 300
1.001 0.297384 300
1.051 0.298665 300
1.1 0.299837 300
1.15 0.301016 300
1.2 0.302149 300
1.25 0.303238 300
1.3 0.304291 300
1.35 0.30531 300
1.45 0.307245 300
1.55 0.309063 300
1.65 0.310766 300
1.75 0.31237 300
1.85 0.313888 300
1.95 0.315333 300
2.05 0.316713 300
2.15 0.318032 300
2.25 0.319294 300
2.35 0.320511 300
2.45 0.321684 300
2.55 0.322817 300
2.65 0.323911 300
2.75 0.324968 300
2.85 0.325992 300
3 0.327475 300
3.15 0.328896 300
3.3 0.330257 300
3.45 0.331563 300
3.6 0.332822 300
3.75 0.334036 300
3.9 0.335201 300
4.05 0.336332 300
4.2 0.337425 300
4.35 0.338482 300
4.5 0.339512 300
4.7 0.340822 300
4.901 0.342089 300
5.101 0.343302 300
5.301 0.344476 300
5.501 0.345609 300
5.701 0.346702 300
5.901 0.347755 300
6.151 0.34885 300
6.401 0.35007 300
6.651 0.351257 300
6.901 0.352411 300
7.151 0.353536 300
7.401 0.354619 300
7.651 0.355686 300
7.901 0.356717 300
8.151 0.35772 300
8.451 0.358888 300
8.751 0.360026 300
9.051 0.361133 300
9.351 0.362207 300
9.651 0.363251 300
9.951 0.364266 300
10.301 0.365419 300
10.651 0.366542 300
11.001 0.367623 300
11.351 0.368676 300
11.701 0.369703 300
12.101 0.370837 300
12.501 0.371938 300
12.901 0.373002 300
13.301 0.374039 300
13.701 0.375047 300
14.151 0.376145 300
14.601 0.377218 300
15.051 0.378257 300
15.501 0.379281 300
16.001 0.38038 300
16.501 0.381462 300
17.001 0.382517 300
17.501 0.383542 300
18.001 0.38455 300
18.551 0.385631 300
19.1 0.386679 300
19.65 0.387703 300
20.2 0.388707 300
20.8 0.389779 300
21.4 0.390825 300
22 0.391848 300
22.6 0.392868 300
23.25 0.393932 300
23.9 0.394957 300
24.55 0.39597 300
25.25 0.397028 300
25.95 0.398057 300
26.65 0.39907 300
27.4 0.400125 300
28.15 0.401154 300
28.95 0.40222 300
29.75 0.403258 300
30.55 0.404274 300
31.4 0.405322 300
32.25 0.40636 300
33.1 0.407389 300
34 0.408444 300
34.9 0.409484 300
35.8 0.410501 300
36.75 0.411536 300
37.7 0.41256 300
38.7 0.413615 300
39.7 0.414641 300
40.75 0.415684 300
41.8 0.41671 300
42.85 0.417721 300
43.95 0.418757 300
45.05 0.419774 300
46.2 0.420812 300
47.35 0.421831 300
48.55 0.42287 300
49.75 0.423892 300
51 0.424932 300
52.25 0.425956 300
53.55 0.426994 300
54.85 0.42801 300
56.15 0.429018 300
57.5 0.430023 300
58.85 0.431039 300
60.25 0.432044 300
61.65 0.433048 300
63.1 0.434054 300
64.6 0.435059 300
66.15 0.436084 300
67.75 0.437115 300
69.35 0.438135 300
71 0.439168 300
72.65 0.440177 300
74.35 0.441196 300
76.051 0.442212 300
77.801 0.443236 300
79.601 0.444248 300
81.401 0.445259 300
83.201 0.446268 300
85.051 0.447281 300
86.901 0.448304 300
88.801 0.449311 300
90.801 0.450323 300
92.802 0.451331 300
94.852 0.452342 300
96.902 0.453348 300
98.952 0.454362 300
101.102 0.455384 300
103.302 0.456395 300
105.502 0.457397 300
107.752 0.458411 300
110.053 0.459418 300
112.403 0.460418 300
114.753 0.461418 300
117.203 0.462426 300
119.703 0.46345 300
122.253 0.464463 300
124.804 0.465478 300
127.404 0.466481 300
130.004 0.467484 300
132.754 0.468498 300
135.454 0.469504 300
138.254 0.470508 300
141.104 0.471518 300
143.955 0.472529 300
146.905 0.473543 300
149.905 0.474549 300
152.905 0.47555 300
155.855 0.476562 300
159.006 0.477577 300
162.206 0.478589 300
165.406 0.47959 300
168.656 0.48059 300
171.856 0.48159 300
175.157 0.482599 300
178.607 0.483612 300
182.057 0.484613 300
185.557 0.485614 300
189.107 0.486614 300
192.708 0.487619 300
196.458 0.488625 300
200.208 0.489638 300
203.958 0.490644 300
207.909 0.491654 300
211.859 0.49266 300
215.859 0.493668 300
219.909 0.494669 300
223.91 0.495677 300
227.91 0.49668 300
232.21 0.497684 300
236.46 0.498691 300
240.861 0.499699 300
245.261 0.500701 300
249.761 0.501711 300
254.311 0.502716 300
258.961 0.503717 300
263.56 0.504721 300
268.209 0.505726 300
273.007 0.506729 300
277.856 0.507735 300
282.755 0.50874 300
287.704 0.509742 300
292.703 0.510742 300
297.901 0.511748 300
303 0.51275 300
308.199 0.513759 300
313.397 0.51476 300
318.996 0.515769 300
324.295 0.516773 300
329.893 0.517773 300
335.592 0.518774 300
341.491 0.519785 300
347.339 0.520786 300
353.188 0.521789 300
359.086 0.522797 300
365.085 0.523802 300
371.133 0.524808 300
377.332 0.52581 300
383.48 0.526815 300
389.979 0.527815 300
396.427 0.528818 300
403.076 0.529827 300
409.374 0.530838 300
416.072 0.531844 300
422.871 0.532849 300
429.669 0.533856 300
436.717 0.534858 300
443.866 0.535863 300
450.814 0.536865 300
457.712 0.537869 300
465.06 0.538873 300
472.459 0.539882 300
479.857 0.540883 300
487.505 0.541887 300
495.203 0.542889 300
503.051 0.543891 300
510.849 0.544896 300
518.297 0.545897 300
526.296 0.546906 300
534.194 0.547907 300
542.991 0.54891 300
551.039 0.549914 300
559.487 0.550927 300
567.985 0.551929 300
577.083 0.552933 300
585.931 0.55394 300
594.479 0.55495 300
603.427 0.555956 300
612.574 0.556961 300
621.722 0.557963 300
631.07 0.558968 300
640.118 0.55997 300
649.465 0.560973 300
658.763 0.561975 300
668.161 0.562979 300
678.108 0.563981 300
688.056 0.564983 300
697.954 0.565985 300
707.551 0.566987 300
718.099 0.567989 300
728.046 0.568989 300
738.244 0.56999 300
748.891 0.57099 300
759.489 0.571996 300
770.186 0.572999 300
780.833 0.574 300
791.131 0.575003 300
802.428 0.576004 300
813.025 0.577006 300
824.823 0.578009 300
836.17 0.579009 300
847.917 0.58001 300
859.164 0.58101 300
871.211 0.582016 300
883.008 0.583022 300
895.055 0.584024 300
908.602 0.585026 300
921.299 0.586027 300
933.346 0.587028 300
946.693 0.588028 300
958.54 0.589029 300
972.037 0.59003 300
985.083 0.59103 300
997.83 0.592033 300
1010.98 0.593037 300
1024.53 0.594037 300
1037.94 0.595038 300
1050.95 0.596038 300
1064.41 0.597041 300
1078.68 0.598042 300
1092.79 0.599043 300
1107.26 0.600047 300
1120.42 0.60105 300
1135.03 0.602054 300
1149.6 0.603058 300
1163.81 0.604063 300
1178.62 0.60507 300
1193.89 0.606072 300
1209.11 0.607078 300
1224.17 0.608079 300
1239.78 0.609081 300
1255.3 0.610086 300
1270.96 0.611087 300
1286.53 0.612094 300
1303.35 0.613097 300
1319.01 0.614097 300
1334.98 0.615101 300
1351.94 0.616104 300
1367.46 0.617108 300
1384.58 0.61811 300
1401.39 0.619113 300
1418.31 0.620114 300
1435.12 0.621116 300
1452.99 0.622118 300
1470.36 0.62312 300
1488.38 0.62412 300
1505.54 0.62512 300
1522.51 0.626122 300
1541.48 0.627128 300
1558.8 0.628128 300
1576.41 0.629128 300
1595.18 0.630134 300
1614.5 0.631138 300
1633.17 0.632138 300
1651.14 0.63314 300
1670.15 0.634142 300
1689.92 0.635144 300
1708.59 0.636144 300
1727.01 0.637148 300
1748.93 0.638153 300
1767.9 0.639157 300
1788.02 0.640158 300
1808.94 0.641159 300
1829.51 0.64216 300
1850.18 0.643162 300
1870.75 0.644164 300
1891.87 0.645165 300
1912.44 0.646166 300
1932.81 0.64717 300
1954.68 0.64817 300
1976.2 0.649171 300
1998.27 0.650172 300
2020.55 0.651173 300
2041.97 0.652173 300
2064.39 0.653174 300
2087.06 0.654175 300
2109.68 0.655177 300
2132.01 0.656178 300
2154.53 0.657178 300
2178.15 0.658178 300
2200.97 0.65918 300
2224.95 0.660183 300
2248.92 0.661185 300
2273.19 0.662185 300
2296.97 0.663189 300
2320.49 0.664196 300
2345.46 0.665197 300
2368.99 0.666197 300
2392.21 0.6672 300
2418.43 0.668203 300
2442.36 0.669205 300
2470.43 0.670207 300
2495.81 0.671208 300
2520.83 0.672209 300
2546.41 0.673211 300
2572.43 0.674212 300
2599.06 0.675212 300
2627.19 0.676212 300
2652.86 0.677215 300
2680.19 0.678215 300
2707.02 0.679218 300
2734.59 0.680221 300
2761.97 0.681223 300
2788.95 0.682225 300
2817.12 0.683226 300
2845.7 0.684227 300
2873.53 0.685227 300
2902.46 0.686228 300
2929.63 0.687228 300
2958.06 0.688229 300
2987.49 0.689229 300
3016.97 0.69023 300
3046.05 0.691233 300
3075.47 0.692233 300
3105.91 0.693233 300
3134.58 0.694233 300
3166.41 0.695233 300
3195.84 0.696233 300
3227.77 0.697234 300
3258.85 0.698234 300
3288.43 0.699234 300
3320.11 0.700234 300
3352.39 0.701234 300
3385.48 0.702236 300
3417.96 0.703236 300
3448.34 0.704236 300
3481.17 0.705236 300
3513.05 0.706236 300
3546.43 0.707236 300
3579.87 0.708238 300
3612.1 0.709238 300
3645.73 0.710239 300
3678.06 0.711239 300
3710.39 0.71224 300
3746.03 0.71324 300
3779.91 0.714242 300
3813.39 0.715242 300
3849.43 0.716243 300
3882.41 0.717245 300
3918.3 0.718246 300
3955.43 0.719246 300
3991.32 0.720246 300
4025.9 0.721247 300
4062.59 0.722247 300
4098.51 0.723248 300
4132.03 0.72425 300
4170.93 0.725251 300
4207.38 0.726251 300
4246.38 0.727253 300
4282.94 0.728256 300
4321.24 0.729257 300
4358.04 0.730258 300
4396.49 0.731258 300
4434.89 0.73226 300
4472.99 0.733262 300
4513.38 0.734262 300
4551.19 0.735263 300
4590.08 0.736263 300
4630.87 0.737266 300
4669.97 0.738266 300
4709.07 0.739268 300
4749.91 0.740269 300
4789.6 0.741269 300
4829.54 0.74227 300
4870.58 0.743271 300
4910.43 0.744271 300
4952.51 0.745272 300
4992.21 0.746272 300
5031.5 0.747273 300
5073.09 0.748273 300
5115.97 0.749273 300
5156.86 0.750274 300
5201.59 0.751275 300
5244.02 0.752275 300
5285.95 0.753276 300
5330.48 0.754278 300
5372.56 0.755278 300
5417.79 0.756281 300
5462.36 0.757281 300
5506.29 0.758281 300
5549.42 0.759281 300
5594.3 0.760283 300
5637.97 0.761284 300
5683 0.762284 300
5725.83 0.763284 300
5772.9 0.764291 300
5815.48 0.765298 300
5862.94 0.766298 300
5910.01 0.767298 300
5954.38 0.768299 300
6002.4 0.7693 300
6047.22 0.7703 300
6090.05 0.771301 300
6138.36 0.772302 300
6184.38 0.773302 300
6231.45 0.774302 300
6278.86 0.775304 300
6327.97 0.776304 300
6376.03 0.777306 300
6423.54 0.778306 300
6470.06 0.779306 300
6519.52 0.780307 300
6566.03 0.781309 300
6614.4 0.782309 300
6662.21 0.783309 300
6711.76 0.784309 300
6759.38 0.78531 300
6809.48 0.786312 300
6860.73 0.787312 300
6909.79 0.788312 300
6956.9 0.789316 300
7004.91 0.790316 300
7058.75 0.791318 300
7106.52 0.792318 300
7160.06 0.793318 300
7207.47 0.794319 300
7257.82 0.795319 300
7306.23 0.796319 300
7360.62 0.797319 300
7411.02 0.798319 300
7460.38 0.799319 300
7511.93 0.800319 300
7562.82 0.801321 300
7616.36 0.802324 300
7665.52 0.803325 300
7717.57 0.804325 300
7768.47 0.805327 300
7818.52 0.806327 300
7873.86 0.807327 300
7926.05 0.808327 300
7977.55 0.809328 300
8028.55 0.81033 300
8081.34 0.811332 300
8131.55 0.812332 300
8183.64 0.813334 300
8236.33 0.814335 300
8288.83 0.815335 300
8342.92 0.816335 300
8392.82 0.817335 300
8444.97 0.818336 300
8499.55 0.819337 300
8552.64 0.820338 300
8604.54 0.821341 300
8655.29 0.822342 300
8705.15 0.823342 300
8760.68 0.824343 300
8811.83 0.825348 300
8860.64 0.82635 300
8914.57 0.82735 300
8965.82 0.828352 300
9014.88 0.829352 300
9069.82 0.830353 300
9118.92 0.831355 300
9172.36 0.832356 300
9219.83 0.833356 300
9273.92 0.834357 300
9323.42 0.835359 300
9375.07 0.836359 300
9422.98 0.837359 300
9477.52 0.83836 300
9525.78 0.83936 300
9574.44 0.840361 300
9624.79 0.841363 300
9671.81 0.842366 300
9722.95 0.843366 300
9775.4 0.844366 300
9823.31 0.845368 300
9872.82 0.846369 300
9920.13 0.847369 300
9970.78 0.84837 300
10016.2 0.84937 300
10065.8 0.85037 300
10114.2 0.85137 300
10160.4 0.852372 300
10207.2 0.853374 300
10252.6 0.854375 300
10300.9 0.855375 300
10348.2 0.856376 300
10393.8 0.857376 300
10439.2 0.858376 300
10483.6 0.859378 300
10529.3 0.860378 300
10575 0.86138 300
10620.3 0.86238 300
10663.3 0.86338 300
10708.4 0.86438 300
10751.9 0.865381 300
10793.9 0.866381 300
10835.9 0.867381 300
10879.1 0.868381 300
10923.8 0.869381 300
10965.3 0.870381 300
11005.9 0.871383 300
11048 0.872383 300
11090.8 0.873386 300
11127.4 0.874386 300
11170.2 0.875386 300
11209.1 0.876389 300
11249.3 0.877393 300
11288.3 0.878398 300
11327.3 0.879398 300
11365.7 0.880398 300
11404.9 0.881401 300
11443.3 0.882403 300
11479.9 0.883406 300
11518.4 0.884409 300
11555.3 0.885409 300
11592.1 0.886409 300
11629.6 0.88741 300
11664.4 0.888411 300
11699.5 0.889411 300
11733.8 0.890412 300
11770.1 0.891412 300
11803.2 0.892412 300
11840.2 0.893415 300
11873.9 0.894416 300
11907.4 0.895417 300
11940.5 0.896418 300
11971.7 0.897418 300
12003.2 0.898419 300
12036.1 0.899421 300
12066.3 0.900423 300
12097.8 0.901423 300
12127.8 0.902424 300
12158.2 0.903425 300
12188.2 0.904426 300
12217.6 0.905426 300
12245.3 0.906428 300
12273.8 0.907429 300
12301.4 0.90843 300
12328.1 0.90943 300
12355.5 0.91043 300
12381.5 0.91143 300
12406.4 0.912431 300
12431.4 0.913431 300
12457.6 0.914433 300
12482.9 0.915434 300
12506.7 0.916434 300
12529.8 0.917438 300
12554 0.918441 300
12578.4 0.919443 300
12601.2 0.920445 300
12622.8 0.921446 300
12644.9 0.922449 300
12666 0.923451 300
12687.8 0.924453 300
12708.6 0.925455 300
12729.7 0.926457 300
12748.9 0.927459 300
12768.9 0.928459 300
12788.3 0.92946 300
12807.4 0.93046 300
12825.8 0.931462 300
12844.3 0.932468 300
12861.8 0.933473 300
12879.8 0.934476 300
12896.2 0.935478 300
12913.7 0.936483 300
12929.4 0.937484 300
12946.1 0.938486 300
12961.9 0.939487 300
12976.8 0.940487 300
12991.2 0.941489 300
13006.3 0.94249 300
13020.4 0.943491 300
13035.1 0.944491 300
13048.4 0.945492 300
13061.5 0.946494 300
13073.9 0.947498 300
13087.1 0.9485 300
13099.4 0.9495 300
13111.6 0.950503 300
13123.7 0.951504 300
13135.8 0.952504 300
13147.1 0.953504 300
13158.2 0.954507 300
13169.1 0.95551 300
13180 0.95651 300
13190.7 0.957513 300
13200.6 0.958516 300
13210.8 0.959516 300
13220.7 0.960519 300
13230.5 0.961523 300
13239.4 0.962525 300
13248.8 0.963527 300
13257.7 0.964527 300
13266.5 0.96553 300
13275.1 0.966531 300
13283.6 0.967535 300
13292.2 0.968541 300
13300.3 0.969542 300
13308.1 0.970545 300
13315.8 0.971547 300
13323.4 0.972551 300
13330.7 0.973552 300
13337.6 0.974556 300
13344.8 0.97556 300
13351.7 0.976564 300
13358.4 0.977565 300
13364.8 0.978571 300
13371.2 0.979577 300
13377.4 0.980586 300
13383.4 0.981592 300
13389.3 0.982592 300
13395.3 0.9836 300
13401.1 0.984608 300
13406.6 0.985611 300
13411.7 0.986616 300
13416.9 0.987617 300
13422 0.988624 300
13426.9 0.989631 300
13431.7 0.990631 300
13436.4 0.991635 300
13441 0.99264 300
13445.7 0.993645 300
13450.2 0.994646 300
13454.7 0.995656 300
13459 0.996666 300
13463 0.997672 300
13467.1 0.998672 300
13471.1 0.99968 300
13475.1 1.00069 300
13479 1.0017 300
13482.8 1.00271 300
13486.4 1.00372 300
13489.9 1.00472 300
13493.6 1.00573 300
13497.1 1.00674 300
13500.6 1.00774 300
13504.1 1.00875 300
13507.6 1.00976 300
13510.8 1.01076 300
13514 1.01178 300
13517.5 1.01278 300
13520.8 1.0138 300
13524.1 1.01482 300
13527.4 1.01584 300
13530.5 1.01685 300
13533.7 1.01786 300
13536.8 1.01887 300
13539.8 1.01988 300
13542.8 1.02089 300
13545.8 1.0219 300
13548.8 1.02292 300
13551.7 1.02394 300
13554.6 1.02496 300
13557.4 1.02597 300
13560.2 1.02699 300
13562.9 1.028 300
13565.7 1.02902 300
13568.4 1.03004 300
13571.1 1.03105 300
13573.7 1.03207 300
13576.3 1.03308 300
13578.8 1.03408 300
13581.3 1.03509 300
13583.8 1.0361 300
13586.2 1.03713 300
13588.6 1.03815 300
13590.9 1.03916 300
13593.3 1.04019 300
13595.6 1.04121 300
13597.8 1.04221 300
13600 1.04323 300
13602.2 1.04425 300
13604.3 1.04527 300
13606.4 1.04628 300
13608.5 1.04731 300
13610.5 1.04831 300
13612.5 1.04932 300
13614.4 1.05034 300
13616.4 1.05137 300
13618.3 1.05237 300
13620.2 1.05339 300
13622.1 1.05442 300
13623.9 1.05542 300
13625.6 1.05643 300
13627.4 1.05744 300
13628.9 1.05847 300
13630.6 1.05949 300
13632.2 1.06051 300
13633.9 1.06153 300
13635.5 1.06256 300
13637.1 1.06359 300
13638.6 1.0646 300
13640.2 1.06562 300
13641.7 1.06665 300
13643.2 1.06768 300
13644.6 1.06869 300
13646.1 1.06972 300
13647.5 1.07074 300
13648.8 1.07176 300
13650.1 1.0728 300
13651.5 1.07383 300
13652.7 1.07486 300
13654 1.07586 300
13655.2 1.07687 300
13656.4 1.07787 300
13657.6 1.07889 300
13658.8 1.07993 300
13660 1.08095 300
13661.1 1.08198 300
13662.2 1.08299 300
13663.3 1.08401 300
13664.4 1.08502 300
13665.4 1.08603 300
13666.4 1.08706 300
13667.4 1.08807 300
13668.4 1.08908 300
13669.4 1.09009 300
13670.3 1.09112 300
13671.3 1.09217 300
13672.2 1.09318 300
13673.1 1.09421 300
13674 1.09525 300
13674.8 1.09626 300
13675.6 1.09728 300
13676.5 1.09833 300
13677.3 1.09935 300
13678.1 1.10037 300
13678.9 1.10143 300
13679.7 1.10249 300
13680.4 1.10351 300
13681.2 1.10454 300
13681.9 1.10561 300
13682.6 1.10664 300
13683.3 1.10768 300
13684 1.10873 300
13684.7 1.10973 300
13685.3 1.11074 300
13686 1.11176 300
13686.6 1.11278 300
13687.3 1.11382 300
13687.9 1.1149 300
13688.5 1.11591 300
13689.1 1.11695 300
13689.7 1.11803 300
13690.3 1.11911 300
13690.8 1.12013 300
13691.4 1.12116 300
13691.9 1.12221 300
13692.5 1.12329 300
13693 1.12429 300
13693.5 1.12531 300
13694 1.12635 300
13694.5 1.12742 300
13695 1.12851 300
13695.4 1.12951 300
13695.9 1.13052 300
13696.3 1.13155 300
13696.8 1.13262 300
13697.2 1.13368 300
13697.7 1.13478 300
13698.1 1.13589 300
13698.5 1.1369 300
13698.9 1.13793 300
13699.3 1.13898 300
13699.7 1.14003 300
13700.1 1.14111 300
13700.5 1.14221 300
13700.9 1.14333 300
13701.2 1.14433 300
13701.6 1.14535 300
13702 1.14639 300
13702.3 1.14744 300
13702.6 1.14851 300
13703 1.14959 300
13703.3 1.15072 300
13703.7 1.15186 300
13704 1.15287 300
13704.3 1.1539 300
13704.6 1.15494 300
13704.9 1.15602 300
13705.2 1.1571 300
13705.5 1.15822 300
13705.8 1.15937 300
13706.1 1.16053 300
13706.4 1.16174 300
13706.6 1.16276 300
13706.9 1.16381 300
13707.1 1.16487 300
13707.4 1.16597 300
13707.6 1.16708 300
13707.9 1.16823 300
13708.1 1.16938 300
13708.4 1.17059 300
13708.6 1.1718 300
13708.8 1.17281 300
13709 1.17382 300
13709.2 1.17488 300
13709.4 1.17596 300
13709.6 1.17705 300
13709.8 1.17818 300
13710 1.17934 300
13710.2 1.18051 300
13710.4 1.18172 300
13710.6 1.18295 300
13710.8 1.18422 300
13711 1.18552 300
13711.2 1.18685 300
13711.4 1.18788 300
13711.5 1.18892 300
13711.7 1.18998 300
13711.8 1.19107 300
13712 1.19218 300
13712.1 1.19331 300
13712.3 1.19449 300
13712.4 1.19569 300
13712.6 1.19691 300
13712.7 1.19815 300
13712.9 1.19942 300
13713 1.20073 300
13713.2 1.20204 300
13713.3 1.2034 300
13713.5 1.20479 300
13713.6 1.20619 300
13713.8 1.20765 300
13713.9 1.20865 300
13714 1.21016 300
13714.1 1.2112 300
13714.2 1.21224 300
13714.3 1.21332 300
13714.4 1.21442 300
13714.5 1.21555 300
13714.6 1.21669 300
13714.7 1.21784 300
13714.8 1.21904 300
13714.9 1.22026 300
13715 1.22151 300
13715.1 1.22279 300
13715.2 1.22406 300
13715.3 1.22539 300
13715.4 1.22675 300
13715.5 1.22813 300
13715.6 1.22956 300
13715.7 1.23099 300
13715.8 1.23248 300
13715.9 1.23401 300
13716 1.2356 300
13716.1 1.23723 300
13716.2 1.23887 300
13716.3 1.2406 300
13716.4 1.24239 300
13716.5 1.24422 300
13716.6 1.24612 300
13716.7 1.24804 300
13716.7 1.24905 300
13716.8 1.25008 300
13716.8 1.25112 300
13716.9 1.25218 300
13716.9 1.25325 300
13717 1.25434 300
13717 1.25546 300
13717.1 1.25659 300
13717.1 1.25773 300
13717.2 1.25885 300
13717.2 1.26003 300
13717.3 1.26123 300
13717.3 1.26245 300
13717.4 1.26369 300
13717.4 1.26496 300
13717.5 1.26626 300
13717.5 1.26759 300
13717.6 1.26895 300
13717.6 1.27033 300
13717.7 1.27169 300
13717.7 1.27313 300
13717.8 1.2746 300
13717.8 1.2761 300
13717.9 1.27763 300
13717.9 1.2792 300
13718 1.2808 300
13718 1.28244 300
13718.1 1.28411 300
13718.1 1.28582 300
13718.2 1.28758 300
13718.2 1.2893 300
13718.3 1.29114 300
13718.3 1.29302 300
13718.4 1.29506 300
13718.4 1.29715 300
13718.5 1.29925 300
13718.5 1.3014 300
13718.6 1.30361 300
13718.6 1.30589 300
13718.7 1.30823 300
13718.7 1.31056 300
13718.8 1.31306 300
13718.8 1.31565 300
13718.9 1.31832 300
13718.9 1.32107 300
13719 1.32392 300
13719 1.32687 300
13719.1 1.32995 300
13719.1 1.33316 300
13719.2 1.33648 300
13719.2 1.33979 300
13719.3 1.34338 300
13719.3 1.34713 300
13719.4 1.35103 300
13719.4 1.35517 300
13719.5 1.3595 300
13719.5 1.36404 300
13719.6 1.3688 300
13719.6 1.37382 300
13719.7 1.37911 300
13719.7 1.38447 300
13719.8 1.39041 300
13719.8 1.3967 300
13719.9 1.40338 300
13719.9 1.41051 300
13720 1.41812 300
13720 1.42623 300
13720.1 1.43489 300
13720.1 1.44415 300
13720.2 1.45417 300
13720.2 1.46515 300
13720.3 1.47716 300
13720.3 1.49232 300
13720.4 1.50882 300
13720.4 1.52557 300
13720.5 1.54305 300
13720.5 1.56037 300
13720.6 1.57749 300
13720.6 1.59437 300
13720.7 1.61092 300
13720.7 1.62717 300
13720.8 1.64261 300
13720.8 1.6587 300
13720.9 1.67483 300
13720.9 1.69105 300
13721 1.70737 300
13721 1.72401 300
13721.1 1.74083 300
13721.1 1.75793 300
13721.2 1.7755 300
13721.2 1.79324 300
13721.3 1.81056 300
13721.3 1.82885 300
13721.4 1.84749 300
13721.4 1.86634 300
13721.5 1.88538 300
13721.5 1.90488 300
13721.6 1.92451 300
13721.6 1.94424 300
13721.7 1.96421 300
13721.7 1.98431 300
13721.8 2.00383 300
13721.8 2.02462 300
13721.9 2.04557 300
13721.9 2.06681 300
13722 2.08837 300
13722 2.11016 300
13722.1 2.13232 300
13722.1 2.15474 300
13722.2 2.17751 300
13722.2 2.20072 300
13722.3 2.22435 300
13722.3 2.24737 300
13722.4 2.27177 300
13722.4 2.2967 300
13722.5 2.32233 300
13722.5 2.3486 300
13722.6 2.37564 300
13722.6 2.40345 300
13722.7 2.43206 300
13722.7 2.4615 300
13722.8 2.49151 300
13722.8 2.52142 300
13722.9 2.55367 300
13722.9 2.58706 300
13723 2.62177 300
13723 2.6579 300
13723.1 2.69577 300
13723.1 2.73475 300
13723.2 2.77594 300
13723.2 2.81926 300
13723.3 2.865 300
13723.3 2.91126 300
13723.4 2.96126 300
13723.4 3.01323 300
