0.010998 0.189655 980.123
0.021 0.473761 1000
0.030998 0.574761 1000
0.041 0.506339 1000
0.050998 0.570162 1000
0.061001 0.5607 1000
0.081001 0.577588 1000
0.09 0.57534 1000
0.099998 0.581335 1000
0.11 0.584845 1000
0.119999 0.58687 1000
0.130001 0.591448 1000
0.139999 0.594147 1000
0.149997 0.596718 1000
0.160999 0.599853 1000
0.171001 0.602865 1000
0.181 0.605065 1000
0.190998 0.607462 1000
0.201 0.609712 1000
0.210998 0.61165 1000
0.221 0.613686 1000
0.230999 0.615684 1000
0.241001 0.617385 1000
0.250999 0.619219 1000
0.260998 0.620994 1000
0.271 0.622586 1000
0.280998 0.624231 1000
0.291 0.625862 1000
0.299999 0.627332 1000
0.310001 0.628558 1000
0.319999 0.630044 1000
0.329998 0.631392 1000
0.34 0.63281 1000
0.349998 0.634192 1000
0.36 0.635431 1000
0.369999 0.636754 1000
0.380001 0.638008 1000
0.389999 0.639184 1000
0.399997 0.640392 1000
0.41 0.64155 1000
0.419998 0.642683 1000
0.43 0.643779 1000
0.439998 0.644905 1000
0.459999 0.646682 1000
0.470001 0.647729 1000
0.489998 0.649648 1000
0.5 0.650672 1000
0.52 0.65253 1000
0.540001 0.65439 1000
0.560001 0.656192 1000
0.579998 0.657917 1000
0.599998 0.659625 1000
0.619999 0.661275 1000
0.639999 0.662886 1000
0.66 0.664455 1000
0.68 0.66596 1000
0.700001 0.667454 1000
0.720001 0.66892 1000
0.739998 0.670322 1000
0.759998 0.671678 1000
0.779999 0.673014 1000
0.799999 0.674334 1000
0.819999 0.675639 1000
0.84 0.676893 1000
0.86 0.678111 1000
0.880001 0.679342 1000
0.900001 0.680552 1000
0.919998 0.681734 1000
0.939998 0.682888 1000
0.959999 0.684021 1000
0.979999 0.685148 1000
1 0.68625 1000
1.02 0.687341 1000
1.04 0.688413 1000
1.06 0.689466 1000
1.08 0.690496 1000
1.1 0.691513 1000
1.12 0.69252 1000
1.14 0.693525 1000
1.17 0.694976 1000
1.2 0.696378 1000
1.23 0.697768 1000
1.26 0.699136 1000
1.29 0.700493 1000
1.32 0.701789 1000
1.35 0.703065 1000
1.38 0.704305 1000
1.41 0.70555 1000
1.44 0.706779 1000
1.47 0.707996 1000
1.5 0.709174 1000
1.53 0.710327 1000
1.56 0.711469 1000
1.59 0.712606 1000
1.62 0.713723 1000
1.65 0.714825 1000
1.68 0.715903 1000
1.71 0.716966 1000
1.74 0.718032 1000
1.77 0.71907 1000
1.8 0.720085 1000
1.83 0.721097 1000
1.86 0.7221 1000
1.9 0.72342 1000
1.94 0.724712 1000
1.98 0.725973 1000
2.02 0.727236 1000
2.06 0.728431 1000
2.1 0.729653 1000
2.14 0.730801 1000
2.18 0.731981 1000
2.22 0.733114 1000
2.26 0.734244 1000
2.3 0.735357 1000
2.34 0.736442 1000
2.38 0.737546 1000
2.42 0.738598 1000
2.46 0.739682 1000
2.5 0.740717 1000
2.54 0.741767 1000
2.58 0.742783 1000
2.62 0.743787 1000
2.66 0.744791 1000
2.71 0.746028 1000
2.76 0.747249 1000
2.81 0.748456 1000
2.86 0.749638 1000
2.91 0.750811 1000
2.96 0.751961 1000
3.01 0.753106 1000
3.06 0.754226 1000
3.11 0.755329 1000
3.16 0.756412 1000
3.21 0.757488 1000
3.26 0.758543 1000
3.31 0.759579 1000
3.36 0.760601 1000
3.41 0.761614 1000
3.46 0.762627 1000
3.51 0.763632 1000
3.57 0.76484 1000
3.63 0.765992 1000
3.69 0.767148 1000
3.75 0.768312 1000
3.81 0.769426 1000
3.87 0.77055 1000
3.93 0.771672 1000
3.99 0.772757 1000
4.05 0.773838 1000
4.11 0.774909 1000
4.171 0.776007 1000
4.231 0.777051 1000
4.291 0.778086 1000
4.351 0.779124 1000
4.421 0.780297 1000
4.481 0.781315 1000
4.551 0.782475 1000
4.621 0.783594 1000
4.691 0.784729 1000
4.761 0.785871 1000
4.831 0.786951 1000
4.901 0.788022 1000
4.971 0.789103 1000
5.041 0.790184 1000
5.111 0.791212 1000
5.181 0.792237 1000
5.251 0.793288 1000
5.321 0.794314 1000
5.401 0.795466 1000
5.481 0.7966 1000
5.561 0.797721 1000
5.631 0.798723 1000
5.711 0.799832 1000
5.791 0.800925 1000
5.871 0.802016 1000
5.951 0.803097 1000
6.031 0.804165 1000
6.111 0.805231 1000
6.191 0.806294 1000
6.271 0.807317 1000
6.351 0.808352 1000
6.431 0.809398 1000
6.511 0.810411 1000
6.591 0.811414 1000
6.681 0.812506 1000
6.771 0.813634 1000
6.861 0.814701 1000
6.951 0.815815 1000
7.041 0.816862 1000
7.131 0.817939 1000
7.221 0.818967 1000
7.311 0.820013 1000
7.401 0.821036 1000
7.491 0.822055 1000
7.581 0.823081 1000
7.671 0.824086 1000
7.761 0.825103 1000
7.861 0.826191 1000
7.961 0.827274 1000
8.061 0.828359 1000
8.161 0.829438 1000
8.261 0.830506 1000
8.361 0.831568 1000
8.461 0.832624 1000
8.561 0.833667 1000
8.661 0.834695 1000
8.761 0.835731 1000
8.861 0.836759 1000
8.961 0.837768 1000
9.061 0.838782 1000
9.161 0.839784 1000
9.271 0.840866 1000
9.381 0.841952 1000
9.491 0.84304 1000
9.601 0.844094 1000
9.711 0.845143 1000
9.821 0.84621 1000
9.931 0.847262 1000
10.041 0.848268 1000
10.151 0.849303 1000
10.261 0.850339 1000
10.381 0.851437 1000
10.491 0.852453 1000
10.611 0.853523 1000
10.721 0.854535 1000
10.841 0.8556 1000
10.951 0.856604 1000
11.071 0.857667 1000
11.191 0.858733 1000
11.311 0.859811 1000
11.431 0.860867 1000
11.551 0.861914 1000
12.221 0.867716 1000
12.341 0.868742 1000
12.471 0.869852 1000
13.301 0.876723 1000
13.421 0.87773 1000
13.551 0.878801 1000
14.381 0.885132 1000
14.511 0.886196 1000
14.641 0.887261 1000
15.471 0.894184 1000
15.591 0.895196 1000
15.711 0.896234 1000
16.551 0.90365 1000
16.671 0.904736 1000
16.781 0.905744 1000
17.631 0.913862 1000
17.731 0.914881 1000
17.831 0.915907 1000
17.931 0.916948 1000
18.711 0.925415 1000
18.801 0.926417 1000
18.891 0.927455 1000
18.981 0.92848 1000
19.791 0.938238 1000
19.871 0.939251 1000
19.951 0.940294 1000
20.031 0.941366 1000
20.871 0.953646 1000
20.941 0.954786 1000
21.011 0.955933 1000
21.071 0.956959 1000
21.131 0.95799 1000
21.951 0.974066 1000
22.001 0.975207 1000
22.051 0.976368 1000
22.101 0.977558 1000
22.151 0.97877 1000
22.201 0.980009 1000
22.241 0.981013 1000
23.031 1.00574 1000
23.061 1.00691 1000
23.091 1.00812 1000
23.121 1.00933 1000
23.151 1.01059 1000
23.181 1.01185 1000
23.211 1.01314 1000
23.241 1.01445 1000
23.271 1.01579 1000
23.301 1.01716 1000
23.331 1.01855 1000
24.111 1.06891 1000
24.131 1.07083 1000
24.151 1.0728 1000
24.161 1.07381 1000
24.171 1.07484 1000
24.181 1.07585 1000
24.191 1.07691 1000
24.201 1.07799 1000
24.211 1.07905 1000
24.221 1.08017 1000
24.231 1.08125 1000
24.241 1.08238 1000
24.251 1.08353 1000
24.261 1.08465 1000
24.271 1.08585 1000
24.281 1.08701 1000
24.291 1.08821 1000
24.301 1.08945 1000
24.311 1.09067 1000
24.321 1.09195 1000
24.331 1.09324 1000
24.341 1.09454 1000
24.351 1.09592 1000
24.361 1.09727 1000
24.371 1.09868 1000
24.381 1.10009 1000
24.391 1.10155 1000
24.401 1.10303 1000
24.411 1.10455 1000
25.191 441.738 1000
