0.015999 0.000645095 28.4049 3465.64
0.025999 0.0010483 10.1019 1232.52
0.035999 0.00145151 -6.8408 -834.636
0.045999 0.00185472 6.3836 778.853
0.0559995 0.00225795 -0.945916 -115.41
0.071001 0.00286283 0.84441 103.025
0.0855005 0.00344746 -0.249839 -30.4825
0.094999 0.00383045 0.59964 73.1611
0.104999 0.00423366 0.35088 42.8103
0.115 0.00463689 0.20251 24.708
0.125 0.00504012 0.457768 55.8516
0.135 0.00544333 0.269934 32.9342
0.144998 0.00584646 0.257201 31.3807
0.155498 0.00626983 0.284939 34.765
0.166 0.00669328 0.30107 36.7331
0.176001 0.00709651 0.220022 26.8445
0.185999 0.00749966 0.239828 29.261
0.195999 0.00790287 0.224955 27.4464
0.205999 0.00830608 0.193769 23.6414
0.215999 0.00870929 0.203589 24.8396
0.226 0.00911252 0.19982 24.3797
0.236 0.00951575 0.170106 20.7544
0.246 0.00991895 0.183367 22.3723
0.255999 0.0103221 0.177588 21.6672
0.265999 0.0107253 0.159148 19.4174
0.275999 0.0111285 0.164553 20.0768
0.285999 0.0115318 0.163037 19.8919
0.2955 0.0119148 0.163374 19.933
0.305 0.0122979 0.122515 14.9479
0.315 0.0127011 0.14866 18.1377
0.324998 0.0131042 0.134803 16.4472
0.334999 0.0135075 0.141812 17.3022
0.344999 0.0139107 0.138188 16.8601
0.354999 0.0143139 0.123885 15.115
0.365 0.0147171 0.132313 16.1433
0.375 0.0151204 0.125385 15.298
0.385 0.0155236 0.117594 14.3474
0.394998 0.0159267 0.120804 14.7391
0.404998 0.0163299 0.115765 14.1243
0.414999 0.0167332 0.113383 13.8336
0.424999 0.0171364 0.109538 13.3646
0.434999 0.0175396 0.112603 13.7385
0.449998 0.0181444 0.0888606 10.8417
0.465 0.0187492 0.104739 12.779
0.48 0.019354 0.0959544 11.7072
0.494999 0.0199588 0.10233 12.4851
0.51 0.0205637 0.0929 11.3346
0.53 0.0213701 0.0929904 11.3456
0.550001 0.0221766 0.090095 10.9924
0.569999 0.0229829 0.0862979 10.5291
0.589998 0.0237893 0.08539 10.4183
0.609998 0.0245957 0.0825109 10.067
0.629999 0.0254022 0.08053 9.82534
0.65 0.0262086 0.0784411 9.57047
0.67 0.027015 0.075235 9.17931
0.690001 0.0278215 0.0747213 9.11663
0.710001 0.0286279 0.07331 8.94444
0.73 0.0294343 0.0701105 8.55408
0.749998 0.0302406 0.06776 8.26729
0.769999 0.0310471 0.0667967 8.14976
0.789999 0.0318535 0.066015 8.05439
0.809999 0.0326599 0.06525 7.96105
0.83 0.0334664 0.0626919 7.64894
0.85 0.0342728 0.0609 7.43031
0.87 0.0350793 0.0615869 7.51412
0.890001 0.0358857 0.060495 7.3809
0.91 0.036692 0.0590789 7.20812
0.929998 0.0374984 0.057695 7.03928
0.949998 0.0383048 0.0566572 6.91265
0.969999 0.0391113 0.056365 6.87701
0.989999 0.0399177 0.0550722 6.71928
1.01 0.0407242 0.05455 6.65556
1.03 0.0415306 0.0536223 6.54238
1.05 0.042337 0.052665 6.42557
1.07 0.0431434 0.0515077 6.28438
1.09 0.0439498 0.050805 6.19864
1.11 0.0447562 0.0503925 6.14831
1.13 0.0455626 0.050245 6.13031
1.155 0.0465706 0.0483483 5.8989
1.185 0.0477803 0.0467487 5.70373
1.215 0.04899 0.0463364 5.65343
1.245 0.0501995 0.0455849 5.56174
1.275 0.0514092 0.0452355 5.51911
1.305 0.0526188 0.0431962 5.2703
1.335 0.0538284 0.0425414 5.19041
1.365 0.0550381 0.0413159 5.04088
1.395 0.0562478 0.0415047 5.06393
1.425 0.0574573 0.0409761 4.99943
1.455 0.058667 0.0405559 4.94817
1.485 0.0598766 0.0392613 4.79021
1.515 0.0610862 0.0384413 4.69016
1.545 0.0622959 0.0380875 4.64699
1.575 0.0635055 0.0378879 4.62265
1.605 0.0647151 0.0372212 4.54131
1.635 0.0659248 0.0367309 4.48148
1.665 0.0671344 0.0359479 4.38594
1.695 0.068344 0.0354145 4.32087
1.725 0.0695536 0.0355345 4.33551
1.755 0.0707632 0.034631 4.22528
1.785 0.0719729 0.0338145 4.12565
1.815 0.0731825 0.0337311 4.11548
1.845 0.0743921 0.0334511 4.08132
1.88 0.0758034 0.0329867 4.02465
1.92 0.0774162 0.0322999 3.94086
1.96 0.079029 0.0315167 3.84531
2 0.0806419 0.0315867 3.85385
2.04 0.0822548 0.0298668 3.644
2.08 0.0838676 0.0305498 3.72733
2.12 0.0854804 0.0287168 3.50369
2.16 0.0870932 0.0294943 3.59855
2.2 0.0887061 0.0283193 3.45519
2.24 0.0903189 0.0282546 3.4473
2.28 0.0919317 0.0278343 3.39602
2.32 0.0935446 0.0271168 3.30848
2.36 0.0951575 0.0275943 3.36674
2.4 0.0967703 0.0262995 3.20876
2.44 0.0983831 0.0271143 3.30818
2.48 0.0999959 0.0258694 3.15628
2.52 0.101609 0.0262543 3.20325
2.56 0.103222 0.0253944 3.09833
2.6 0.104834 0.0250994 3.06234
2.64 0.106447 0.0250969 3.06203
2.685 0.108262 0.0247325 3.01757
2.735 0.110278 0.0244285 2.98048
2.785 0.112294 0.0241466 2.94608
2.835 0.11431 0.0236285 2.88287
2.885 0.116326 0.023472 2.86378
2.935 0.118342 0.0229845 2.8043
2.985 0.120358 0.0229005 2.79405
3.035 0.122374 0.0224007 2.73307
3.085 0.12439 0.0220604 2.69156
3.135 0.126406 0.021666 2.64344
3.185 0.128422 0.0215224 2.62592
3.235 0.130438 0.0210944 2.5737
3.285 0.132454 0.0207228 2.52835
3.335 0.13447 0.0204304 2.49268
3.385 0.136486 0.02026 2.47189
3.435 0.138502 0.0202784 2.47414
3.485 0.140518 0.0200904 2.4512
3.54 0.142736 0.0201347 2.4566
3.6 0.145155 0.019201 2.34269
3.66 0.147575 0.0192643 2.35041
3.72 0.149994 0.019401 2.36709
3.78 0.152413 0.0185664 2.26525
3.84 0.154832 0.018734 2.2857
3.9 0.157252 0.018693 2.28071
3.96 0.159671 0.018088 2.20689
4.02 0.16209 0.0180239 2.19907
4.08 0.164509 0.0178523 2.17813
4.1405 0.166949 0.0179873 2.19461
4.201 0.169388 0.0174039 2.12342
4.261 0.171807 0.0172459 2.10414
4.321 0.174227 0.0173066 2.11155
4.386 0.176848 0.0167617 2.04507
4.451 0.179469 0.0169639 2.06974
4.516 0.182089 0.0165674 2.02136
4.586 0.184912 0.0159929 1.95126
4.656 0.187734 0.0162129 1.97811
4.726 0.190557 0.0163129 1.99031
4.796 0.193379 0.0154245 1.88192
4.866 0.196202 0.0153071 1.8676
4.936 0.199024 0.01544 1.88381
5.006 0.201847 0.0154474 1.88471
5.076 0.204669 0.0146771 1.79074
5.146 0.207492 0.0146485 1.78725
5.216 0.210314 0.0150129 1.8317
5.286 0.213137 0.0146529 1.78777
5.361 0.216161 0.0144061 1.75766
5.441 0.219386 0.0141696 1.72882
5.521 0.222612 0.0140084 1.70914
5.596 0.225636 0.0143131 1.74631
5.671 0.22866 0.0138659 1.69176
5.751 0.231886 0.013671 1.66798
5.831 0.235111 0.0136359 1.6637
5.911 0.238337 0.0135047 1.64768
5.991 0.241563 0.0133522 1.62908
6.071 0.244788 0.0133285 1.62619
6.151 0.248014 0.0132822 1.62054
6.231 0.25124 0.0127847 1.55984
6.311 0.254466 0.0129447 1.57936
6.391 0.257691 0.0130686 1.59448
6.471 0.260917 0.012667 1.54549
6.551 0.264143 0.0125348 1.52936
6.636 0.26757 0.0121372 1.48085
6.726 0.271199 0.0125282 1.52855
6.816 0.274828 0.0118616 1.44722
6.906 0.278456 0.0123794 1.5104
6.996 0.282085 0.0116238 1.41821
7.086 0.285714 0.0119706 1.46051
7.176 0.289343 0.0114237 1.39379
7.266 0.292972 0.0116162 1.41727
7.356 0.296601 0.0113716 1.38743
7.446 0.30023 0.0113195 1.38107
7.536 0.303859 0.0114083 1.39191
7.626 0.307488 0.0111562 1.36115
7.716 0.311116 0.0113037 1.37915
7.811 0.314947 0.0108772 1.32711
7.911 0.318979 0.0108383 1.32237
8.011 0.323011 0.0108481 1.32356
8.111 0.327043 0.0107872 1.31613
8.211 0.331075 0.0106821 1.30331
8.311 0.335107 0.0106192 1.29563
8.411 0.33914 0.0105574 1.28809
8.511 0.343172 0.0104331 1.27293
8.611 0.347204 0.0102832 1.25464
8.711 0.351236 0.0103581 1.26378
8.811 0.355268 0.0102742 1.25354
8.911 0.3593 0.0100914 1.23124
9.011 0.363332 0.0101461 1.23791
9.111 0.367364 0.0100202 1.22255
9.216 0.371598 0.00982809 1.19911
9.326 0.376033 0.00988182 1.20567
9.436 0.380469 0.00988718 1.20632
9.546 0.384904 0.00958173 1.16905
9.656 0.389339 0.00953818 1.16374
9.766 0.393775 0.00969628 1.18303
9.876 0.39821 0.00956636 1.16718
9.986 0.402645 0.0091457 1.11585
10.096 0.40708 0.00940727 1.14777
10.206 0.411516 0.00941455 1.14865
10.321 0.416153 0.00915083 1.11648
10.436 0.420789 0.00923545 1.1268
10.551 0.425426 0.00892167 1.08852
10.666 0.430063 0.00919545 1.12192
10.781 0.4347 0.0088775 1.08313
10.896 0.439337 0.00912455 1.11327
11.011 0.443974 0.0088575 1.08069
11.131 0.448813 0.00888833 1.08445
11.251 0.453651 0.0089775 1.09533
11.371 0.45849 0.00880417 1.07418
11.491 0.463328 0.00872667 1.06473
11.886 0.479255 0.0086597 1.05656
12.281 0.495182 0.00854667 1.04277
12.406 0.500222 0.00854231 1.04223
12.886 0.519576 0.00827759 1.00994
13.361 0.538728 0.00839583 1.02436
13.486 0.543768 0.00823385 1.0046
13.966 0.563122 0.00762783 0.93066
14.446 0.582477 0.00818462 0.998592
14.576 0.587718 0.00819615 1
15.056 0.607072 0.00834072 1.01764
15.531 0.626225 0.0084325 1.02884
15.651 0.631063 0.0086475 1.05507
16.131 0.650417 0.00882869 1.07717
16.611 0.669771 0.00905 1.10418
16.726 0.674408 0.00916545 1.11826
17.206 0.693762 0.00955024 1.16521
17.681 0.712915 0.010198 1.24424
17.781 0.716947 0.010258 1.25156
17.881 0.720979 0.010409 1.26999
18.321 0.73872 0.0108547 1.32437
18.756 0.75626 0.0111378 1.3589
18.846 0.759889 0.0115344 1.4073
18.936 0.763518 0.0113811 1.38859
19.386 0.781662 0.0120479 1.46995
19.831 0.799605 0.0126587 1.54447
19.911 0.802831 0.0130312 1.58992
19.991 0.806056 0.0134038 1.63537
20.451 0.824604 0.0146188 1.78362
20.906 0.84295 0.01629 1.98752
20.976 0.845772 0.0163843 1.99902
21.041 0.848393 0.0171 2.08634
21.101 0.850812 0.0171783 2.0959
21.541 0.868554 0.0196052 2.39201
21.976 0.886093 0.022818 2.78399
22.026 0.888109 0.023214 2.8323
22.076 0.890125 0.023812 2.90527
22.126 0.892141 0.024234 2.95675
22.176 0.894157 0.02478 3.02337
22.221 0.895972 0.025115 3.06424
22.636 0.912705 0.031302 3.81911
23.046 0.929237 0.039 4.75833
23.076 0.930446 0.0401667 4.90067
23.106 0.931656 0.0404 4.92914
23.136 0.932866 0.0419 5.11215
23.166 0.934075 0.0420667 5.13249
23.196 0.935285 0.0431 5.25856
23.226 0.936494 0.0435333 5.31143
23.256 0.937704 0.0448667 5.47411
23.286 0.938914 0.0456667 5.57172
23.316 0.940123 0.0463 5.64899
23.721 0.956453 0.0645628 7.87721
24.121 0.972582 0.09615 11.7311
24.141 0.973388 0.0985 12.0178
24.156 0.973993 0.1005 12.2618
24.166 0.974396 0.103 12.5669
24.176 0.974799 0.1013 12.3595
24.186 0.975203 0.1062 12.9573
24.196 0.975606 0.1075 13.1159
24.206 0.976009 0.1059 12.9207
24.216 0.976412 0.112 13.6649
24.226 0.976815 0.1085 13.2379
24.236 0.977219 0.1126 13.7382
24.246 0.977622 0.1147 13.9944
24.256 0.978025 0.1121 13.6771
24.266 0.978428 0.1203 14.6776
24.276 0.978831 0.1156 14.1042
24.286 0.979235 0.1209 14.7508
24.296 0.979638 0.1239 15.1168
24.306 0.980041 0.1213 14.7996
24.316 0.980444 0.1283 15.6537
24.326 0.980848 0.1291 15.7513
24.336 0.981251 0.1301 15.8733
24.346 0.981654 0.1376 16.7884
24.356 0.982057 0.1354 16.5199
24.366 0.98246 0.1405 17.1422
24.376 0.982864 0.1416 17.2764
24.386 0.983267 0.1458 17.7888
24.396 0.98367 0.1478 18.0328
24.406 0.984073 0.1519 18.5331
